1646528504045 0 0
1646528529161 8.383413461538462 1
1646528554379 12.419871794871796 2
1646528577881 15.274439102564102 3
1646528601053 19.21073717948718 4
1646528624246 21.794871794871796 5
1646528647443 23.637820512820515 6
1646528670645 26.15184294871795 7
1646528693846 27.443910256410255 8
1646528717034 28.715945512820515 9
1646528740300 30.829326923076923 10
1646528763492 30.889423076923077 11
1646528786692 31.66065705128205 12
1646528808515 31.66065705128205 13
1646528830342 31.66065705128205 14
1646528853542 33.723958333333336 15
1646528875361 33.723958333333336 16
1646528897182 33.723958333333336 17
1646528919008 33.723958333333336 18
1646528940837 33.723958333333336 19
1646528962668 33.723958333333336 20
1646528984479 33.723958333333336 21
1646529006301 33.723958333333336 22
1646529028129 33.723958333333336 23
1646529049957 33.723958333333336 24
1646529071788 33.723958333333336 25
1646529093604 33.723958333333336 26
1646529115445 33.723958333333336 27
1646529137268 33.723958333333336 28
1646529159100 33.723958333333336 29
1646529180927 33.723958333333336 30
1646529202797 33.723958333333336 31
1646529224620 33.723958333333336 32
1646529246448 33.723958333333336 33
1646529268273 33.723958333333336 34
1646529290092 33.723958333333336 35
1646529311918 33.723958333333336 36
1646529333748 33.723958333333336 37
1646529355574 33.723958333333336 38
1646529377398 33.723958333333336 39
1646529399221 33.723958333333336 40
1646529421046 33.723958333333336 41
1646529442877 33.723958333333336 42
1646529464704 33.723958333333336 43
1646529486529 33.723958333333336 44
1646529510282 33.723958333333336 45
1646529532092 33.723958333333336 46
1646529553913 33.723958333333336 47
1646529575738 33.723958333333336 48
1646529597569 33.723958333333336 49
1646529619394 33.723958333333336 50
1646529641217 33.723958333333336 51
1646529663037 33.723958333333336 52
1646529684863 33.723958333333336 53
1646529706689 33.723958333333336 54
1646529728519 33.723958333333336 55
1646529750349 33.723958333333336 56
1646529772172 33.723958333333336 57
1646529793995 33.723958333333336 58
1646529815823 33.723958333333336 59
1646529837653 33.723958333333336 60
1646529859479 33.723958333333336 61
1646529881311 33.723958333333336 62
1646529903138 33.723958333333336 63
1646529924957 33.723958333333336 64
1646529946787 33.723958333333336 65
1646529968615 33.723958333333336 66
1646529990439 33.723958333333336 67
1646530012272 33.723958333333336 68
1646530034096 33.723958333333336 69
1646530055925 33.723958333333336 70
1646530077753 33.723958333333336 71
1646530099583 33.723958333333336 72
1646530121411 33.723958333333336 73
1646530143240 33.723958333333336 74
1646530165067 33.723958333333336 75
1646530186895 33.723958333333336 76
1646530208725 33.723958333333336 77
1646530230550 33.723958333333336 78
1646530252375 33.723958333333336 79
1646530274199 33.723958333333336 80
1646530296022 33.723958333333336 81
1646530317853 33.723958333333336 82
1646530339684 33.723958333333336 83
1646530361514 33.723958333333336 84
1646530383342 33.723958333333336 85
1646530405169 33.723958333333336 86
1646530426995 33.723958333333336 87
1646530448829 33.723958333333336 88
1646530470658 33.723958333333336 89
1646530492486 33.723958333333336 90
1646530514316 33.723958333333336 91
1646530536145 33.723958333333336 92
1646530557972 33.723958333333336 93
1646530579795 33.723958333333336 94
1646530601611 33.723958333333336 95
1646530623426 33.723958333333336 96
1646530645255 33.723958333333336 97
1646530667079 33.723958333333336 98
1646530688897 33.723958333333336 99
