1646528503806 0.001 0
1646528529151 0.001 1
1646528553497 0.001 2
1646528577868 0.001 3
1646528601040 0.001 4
1646528624233 0.001 5
1646528647430 0.001 6
1646528670632 0.001 7
1646528693836 0.001 8
1646528717023 0.001 9
1646528740289 0.001 10
1646528763480 0.001 11
1646528786681 0.001 12
1646528808502 0.001 13
1646528830329 0.001 14
1646528853531 0.001 15
1646528875348 0.001 16
1646528897170 0.001 17
1646528918994 0.001 18
1646528940824 0.001 19
1646528962652 0.0005 20
1646528984466 0.0005 21
1646529006289 0.0005 22
1646529028116 0.0005 23
1646529049944 0.0005 24
1646529071776 0.0005 25
1646529093591 0.0005 26
1646529115432 0.0005 27
1646529137257 0.0005 28
1646529159086 0.0005 29
1646529180914 0.0005 30
1646529202785 0.0005 31
1646529224608 0.0005 32
1646529246433 0.0005 33
1646529268261 0.0005 34
1646529290080 0.0005 35
1646529311905 0.0005 36
1646529333736 0.0005 37
1646529355561 0.0005 38
1646529377384 0.0005 39
1646529399207 0.00025 40
1646529421032 0.00025 41
1646529442862 0.00025 42
1646529464690 0.00025 43
1646529486515 0.00025 44
1646529510269 0.00025 45
1646529532079 0.00025 46
1646529553899 0.00025 47
1646529575724 0.00025 48
1646529597556 0.00025 49
1646529619380 0.00025 50
1646529641203 0.00025 51
1646529663022 0.00025 52
1646529684850 0.00025 53
1646529706679 0.00025 54
1646529728505 0.00025 55
1646529750335 0.00025 56
1646529772158 0.00025 57
1646529793982 0.00025 58
1646529815809 0.00025 59
1646529837639 0.000125 60
1646529859466 0.000125 61
1646529881298 0.000125 62
1646529903125 0.000125 63
1646529924943 0.000125 64
1646529946777 0.000125 65
1646529968598 0.000125 66
1646529990425 0.000125 67
1646530012258 0.000125 68
1646530034082 0.000125 69
1646530055912 0.000125 70
1646530077740 0.000125 71
1646530099570 0.000125 72
1646530121399 0.000125 73
1646530143227 0.000125 74
1646530165053 0.000125 75
1646530186882 0.000125 76
1646530208712 0.000125 77
1646530230538 0.000125 78
1646530252361 0.000125 79
1646530274187 6.25e-05 80
1646530296010 6.25e-05 81
1646530317840 6.25e-05 82
1646530339672 6.25e-05 83
1646530361501 6.25e-05 84
1646530383330 6.25e-05 85
1646530405157 6.25e-05 86
1646530426983 6.25e-05 87
1646530448816 6.25e-05 88
1646530470645 6.25e-05 89
1646530492473 6.25e-05 90
1646530514303 6.25e-05 91
1646530536132 6.25e-05 92
1646530557958 6.25e-05 93
1646530579782 6.25e-05 94
1646530601599 6.25e-05 95
1646530623415 6.25e-05 96
1646530645243 6.25e-05 97
1646530667066 6.25e-05 98
1646530688882 6.25e-05 99
