1646528504033 19.381482477541322 0
1646528529154 2.3565693696339927 1
1646528553886 1.959939961080198 2
1646528577872 1.7028350543092798 3
1646528601043 1.5217694949220728 4
1646528624236 1.3840692352365564 5
1646528647433 1.2628431496796784 6
1646528670636 1.167565964990192 7
1646528693839 1.0868908531135983 8
1646528717026 1.0084467143924147 9
1646528740292 0.9270274208651649 10
1646528763483 0.8704043052814625 11
1646528786685 0.7891881730821397 12
1646528808505 0.7407802409595914 13
1646528830332 0.6705888255878731 14
1646528853535 0.6022654838032193 15
1646528875351 0.5575906424610703 16
1646528897173 0.4990678192288787 17
1646528918998 0.4563036870073389 18
1646528940827 0.38122893483550463 19
1646528962656 0.2968186416007854 20
1646528984469 0.27621474310203836 21
1646529006292 0.24028567031577783 22
1646529028119 0.2250259983594771 23
1646529049948 0.20352629544558348 24
1646529071779 0.18372470733744126 25
1646529093594 0.16480447724461555 26
1646529115435 0.15737806715899044 27
1646529137260 0.15435457119235285 28
1646529159089 0.13425620879839967 29
1646529180917 0.13140528021311318 30
1646529202788 0.12761968967539292 31
1646529224611 0.1086437776684761 32
1646529246437 0.10434401138789123 33
1646529268264 0.10074660457946637 34
1646529290083 0.10789107800357872 35
1646529311908 0.09315098504777308 36
1646529333739 0.08297721317244901 37
1646529355564 0.08034494802079818 38
1646529377388 0.07754042289323276 39
1646529399210 0.05630189521859089 40
1646529421035 0.04964925759230499 41
1646529442866 0.04706484206986648 42
1646529464694 0.0410857026775678 43
1646529486518 0.03918038022324995 44
1646529510272 0.036142242830936554 45
1646529532082 0.04388581454339954 46
1646529553902 0.03634781876785888 47
1646529575728 0.035229252409879806 48
1646529597559 0.033501002144206454 49
1646529619383 0.03212454847784506 50
1646529641207 0.03325181561349719 51
1646529663026 0.03182194481983229 52
1646529684853 0.030171329776446026 53
1646529706681 0.035931179851845456 54
1646529728508 0.034891548532026785 55
1646529750338 0.028416216269963317 56
1646529772161 0.027290112908101745 57
1646529793985 0.03079071816884809 58
1646529815812 0.030534915833009615 59
1646529837642 0.02709932169980473 60
1646529859469 0.02106470236968663 61
1646529881302 0.02153915458324331 62
1646529903129 0.01817791317417114 63
1646529924946 0.0185535392999925 64
1646529946779 0.01959062750554747 65
1646529968601 0.01919184918342917 66
1646529990428 0.01742464813610746 67
1646530012261 0.020490160487868166 68
1646530034086 0.018654734413656924 69
1646530055916 0.018520188190180947 70
1646530077743 0.018593697800059563 71
1646530099573 0.018462073118253437 72
1646530121402 0.017935155735661585 73
1646530143230 0.017577987785140674 74
1646530165056 0.016656107881485863 75
1646530186885 0.016293092234129156 76
1646530208715 0.014667042384476022 77
1646530230540 0.015420073065561828 78
1646530252364 0.017067530054461072 79
1646530274190 0.014152409241500276 80
1646530296013 0.013505475293775951 81
1646530317843 0.01487203946992479 82
1646530339675 0.012257457219271196 83
1646530361504 0.011690708670627189 84
1646530383333 0.011949002320222833 85
1646530405160 0.014476222460399623 86
1646530426986 0.013280739740434068 87
1646530448819 0.01030100901024761 88
1646530470648 0.011155561966545604 89
1646530492476 0.012754764226782653 90
1646530514306 0.011965140838313985 91
1646530536136 0.012923591451167508 92
1646530557962 0.010529190983140358 93
1646530579785 0.009523192411978488 94
1646530601602 0.009801795274985058 95
1646530623418 0.010229459429090773 96
1646530645246 0.012175966761316414 97
1646530667069 0.011475647152918909 98
1646530688886 0.012242223403451068 99
