1646528504040 30.90277777777778 0
1646528529158 46.60011574074074 1
1646528554374 53.515625 2
1646528577876 57.88483796296296 3
1646528601048 61.55960648148148 4
1646528624241 64.13483796296296 5
1646528647438 66.76793981481481 6
1646528670641 68.77893518518519 7
1646528693843 70.84780092592592 8
1646528717030 72.2800925925926 9
1646528740296 74.69618055555556 10
1646528763488 75.49189814814815 11
1646528786689 77.82118055555556 12
1646528808510 79.21006944444444 13
1646528830337 81.06192129629629 14
1646528853539 83.04398148148148 15
1646528875356 84.20138888888889 16
1646528897177 86.25578703703704 17
1646528919003 87.36979166666667 18
1646528940833 90.29224537037037 19
1646528962662 92.9542824074074 20
1646528984475 93.72106481481481 21
1646529006296 94.9363425925926 22
1646529028124 95.44270833333333 23
1646529049952 96.0792824074074 24
1646529071784 96.78819444444444 25
1646529093599 97.22222222222223 26
1646529115441 97.42476851851852 27
1646529137264 97.22222222222223 28
1646529159095 97.85879629629629 29
1646529180923 97.77199074074075 30
1646529202793 97.93113425925925 31
1646529224616 98.36516203703704 32
1646529246442 98.37962962962963 33
1646529268269 98.4519675925926 34
1646529290088 98.046875 35
1646529311914 98.4230324074074 36
1646529333744 98.68344907407408 37
1646529355569 98.74131944444444 38
1646529377393 98.828125 39
1646529399215 99.26215277777777 40
1646529421040 99.36342592592592 41
1646529442872 99.40682870370371 42
1646529464699 99.52256944444444 43
1646529486524 99.609375 44
1646529510278 99.63831018518519 45
1646529532088 99.32002314814815 46
1646529553908 99.65277777777777 47
1646529575733 99.58043981481481 48
1646529597564 99.609375 49
1646529619388 99.68171296296296 50
1646529641212 99.65277777777777 51
1646529663031 99.609375 52
1646529684859 99.68171296296296 53
1646529706685 99.47916666666667 54
1646529728514 99.49363425925925 55
1646529750343 99.75405092592592 56
1646529772167 99.72511574074075 57
1646529793991 99.6238425925926 58
1646529815817 99.69618055555556 59
1646529837648 99.68171296296296 60
1646529859474 99.81192129629629 61
1646529881307 99.73958333333333 62
1646529903134 99.85532407407408 63
1646529924951 99.78298611111111 64
1646529946783 99.78298611111111 65
1646529968610 99.76851851851852 66
1646529990433 99.81192129629629 67
1646530012266 99.78298611111111 68
1646530034091 99.82638888888889 69
1646530055920 99.78298611111111 70
1646530077748 99.82638888888889 71
1646530099577 99.81192129629629 72
1646530121407 99.78298611111111 73
1646530143235 99.84085648148148 74
1646530165062 99.81192129629629 75
1646530186891 99.85532407407408 76
1646530208720 99.89872685185185 77
1646530230546 99.84085648148148 78
1646530252369 99.76851851851852 79
1646530274195 99.85532407407408 80
1646530296018 99.85532407407408 81
1646530317848 99.75405092592592 82
1646530339679 99.86979166666667 83
1646530361508 99.89872685185185 84
1646530383338 99.89872685185185 85
1646530405165 99.85532407407408 86
1646530426991 99.84085648148148 87
1646530448823 99.94212962962963 88
1646530470653 99.91319444444444 89
1646530492481 99.85532407407408 90
1646530514311 99.88425925925925 91
1646530536140 99.85532407407408 92
1646530557967 99.89872685185185 93
1646530579790 99.97106481481481 94
1646530601606 99.89872685185185 95
1646530623422 99.92766203703704 96
1646530645250 99.85532407407408 97
1646530667074 99.84085648148148 98
1646530688892 99.84085648148148 99
