1646519570136 0 0
1646519589354 37.958559782608695 1
1646519608632 42.06861413043478 2
1646519627957 42.578125 3
1646519646225 42.578125 4
1646519665275 42.578125 5
1646519684644 44.80298913043478 6
1646519702921 44.80298913043478 7
1646519721211 44.80298913043478 8
1646519739577 44.80298913043478 9
1646519758980 45.26154891304348 10
1646519777262 45.26154891304348 11
1646519795555 45.26154891304348 12
1646519813850 45.26154891304348 13
1646519832149 45.26154891304348 14
1646519850445 45.26154891304348 15
1646519868746 45.26154891304348 16
1646519887045 45.26154891304348 17
1646519905350 45.26154891304348 18
1646519923649 45.26154891304348 19
1646519941945 45.26154891304348 20
1646519960240 45.26154891304348 21
1646519978528 45.26154891304348 22
1646519996815 45.26154891304348 23
1646520015107 45.26154891304348 24
1646520033398 45.26154891304348 25
1646520051690 45.26154891304348 26
1646520069984 45.26154891304348 27
1646520088274 45.26154891304348 28
1646520106564 45.26154891304348 29
1646520124859 45.26154891304348 30
1646520143153 45.26154891304348 31
1646520161447 45.26154891304348 32
1646520179739 45.26154891304348 33
1646520198027 45.26154891304348 34
1646520216317 45.26154891304348 35
1646520234609 45.26154891304348 36
1646520252898 45.26154891304348 37
1646520271195 45.26154891304348 38
1646520289486 45.26154891304348 39
1646520307773 45.26154891304348 40
1646520326055 45.26154891304348 41
1646520344342 45.26154891304348 42
1646520362635 45.26154891304348 43
1646520380923 45.26154891304348 44
1646520399211 45.26154891304348 45
1646520417505 45.26154891304348 46
1646520435801 45.26154891304348 47
1646520454091 45.26154891304348 48
1646520472383 45.26154891304348 49
1646520490676 45.26154891304348 50
1646520508963 45.26154891304348 51
1646520527262 45.26154891304348 52
1646520545558 45.26154891304348 53
1646520563853 45.26154891304348 54
1646520582151 45.26154891304348 55
1646520600447 45.26154891304348 56
1646520618746 45.26154891304348 57
1646520637040 45.26154891304348 58
1646520655329 45.26154891304348 59
1646520673622 45.26154891304348 60
1646520691913 45.26154891304348 61
1646520710206 45.26154891304348 62
1646520728494 45.26154891304348 63
1646520746786 45.26154891304348 64
1646520765070 45.26154891304348 65
1646520783359 45.26154891304348 66
1646520801651 45.26154891304348 67
1646520819946 45.26154891304348 68
1646520838238 45.26154891304348 69
1646520856528 45.26154891304348 70
1646520874826 45.26154891304348 71
1646520893124 45.26154891304348 72
1646520911418 45.26154891304348 73
1646520929716 45.26154891304348 74
1646520948012 45.26154891304348 75
1646520966308 45.26154891304348 76
1646520984600 45.26154891304348 77
1646521002897 45.26154891304348 78
1646521021190 45.26154891304348 79
1646521039488 45.26154891304348 80
1646521057785 45.26154891304348 81
1646521076081 45.26154891304348 82
1646521094377 45.26154891304348 83
1646521112666 45.26154891304348 84
1646521130960 45.26154891304348 85
1646521149256 45.26154891304348 86
1646521167554 45.26154891304348 87
1646521185855 45.26154891304348 88
1646521204151 45.26154891304348 89
1646521222444 45.26154891304348 90
1646521240741 45.26154891304348 91
1646521259038 45.26154891304348 92
1646521277335 45.26154891304348 93
1646521299341 45.26154891304348 94
1646521317627 45.26154891304348 95
1646521335918 45.26154891304348 96
1646521354214 45.26154891304348 97
1646521372511 45.26154891304348 98
1646521390805 45.26154891304348 99
