1646519569290 0.001 0
1646519589344 0.001 1
1646519608621 0.001 2
1646519627945 0.001 3
1646519646187 0.001 4
1646519664481 0.001 5
1646519684631 0.001 6
1646519702907 0.001 7
1646519721198 0.001 8
1646519739489 0.001 9
1646519758967 0.001 10
1646519777250 0.001 11
1646519795543 0.001 12
1646519813839 0.001 13
1646519832136 0.001 14
1646519850433 0.001 15
1646519868734 0.001 16
1646519887032 0.001 17
1646519905338 0.001 18
1646519923636 0.001 19
1646519941932 0.0005 20
1646519960227 0.0005 21
1646519978517 0.0005 22
1646519996804 0.0005 23
1646520015097 0.0005 24
1646520033387 0.0005 25
1646520051679 0.0005 26
1646520069973 0.0005 27
1646520088264 0.0005 28
1646520106554 0.0005 29
1646520124849 0.0005 30
1646520143142 0.0005 31
1646520161437 0.0005 32
1646520179729 0.0005 33
1646520198018 0.0005 34
1646520216306 0.0005 35
1646520234597 0.0005 36
1646520252887 0.0005 37
1646520271183 0.0005 38
1646520289474 0.0005 39
1646520307762 0.00025 40
1646520326045 0.00025 41
1646520344332 0.00025 42
1646520362623 0.00025 43
1646520380912 0.00025 44
1646520399199 0.00025 45
1646520417495 0.00025 46
1646520435790 0.00025 47
1646520454079 0.00025 48
1646520472372 0.00025 49
1646520490664 0.00025 50
1646520508953 0.00025 51
1646520527252 0.00025 52
1646520545549 0.00025 53
1646520563843 0.00025 54
1646520582139 0.00025 55
1646520600437 0.00025 56
1646520618733 0.00025 57
1646520637025 0.00025 58
1646520655318 0.00025 59
1646520673610 0.000125 60
1646520691901 0.000125 61
1646520710193 0.000125 62
1646520728482 0.000125 63
1646520746775 0.000125 64
1646520765059 0.000125 65
1646520783348 0.000125 66
1646520801640 0.000125 67
1646520819934 0.000125 68
1646520838224 0.000125 69
1646520856516 0.000125 70
1646520874812 0.000125 71
1646520893110 0.000125 72
1646520911405 0.000125 73
1646520929703 0.000125 74
1646520947999 0.000125 75
1646520966294 0.000125 76
1646520984587 0.000125 77
1646521002884 0.000125 78
1646521021177 0.000125 79
1646521039475 6.25e-05 80
1646521057773 6.25e-05 81
1646521076068 6.25e-05 82
1646521094365 6.25e-05 83
1646521112653 6.25e-05 84
1646521130947 6.25e-05 85
1646521149242 6.25e-05 86
1646521167541 6.25e-05 87
1646521185842 6.25e-05 88
1646521204137 6.25e-05 89
1646521222431 6.25e-05 90
1646521240727 6.25e-05 91
1646521259023 6.25e-05 92
1646521277322 6.25e-05 93
1646521299326 6.25e-05 94
1646521317615 6.25e-05 95
1646521335904 6.25e-05 96
1646521354201 6.25e-05 97
1646521372500 6.25e-05 98
1646521390791 6.25e-05 99
