1646519570011 41.970486111111114 0
1646519589350 64.35185185185185 1
1646519608628 71.13715277777777 2
1646519627952 74.6238425925926 3
1646519646221 78.96412037037037 4
1646519665270 82.55208333333333 5
1646519684639 84.34606481481481 6
1646519702916 85.73495370370371 7
1646519721206 88.49826388888889 8
1646519739572 90.13310185185185 9
1646519758975 77.12673611111111 10
1646519777258 35.51793981481482 11
1646519795550 47.35243055555556 12
1646519813846 55.179398148148145 13
1646519832144 60.995370370370374 14
1646519850441 66.56539351851852 15
1646519868741 70.48611111111111 16
1646519887040 74.37789351851852 17
1646519905346 77.11226851851852 18
1646519923644 80.46875 19
1646519941940 85.27199074074075 20
1646519960235 87.34085648148148 21
1646519978524 88.671875 22
1646519996810 89.94502314814815 23
1646520015103 91.23263888888889 24
1646520033394 91.46412037037037 25
1646520051686 92.1730324074074 26
1646520069980 93.359375 27
1646520088270 93.88020833333333 28
1646520106560 93.98148148148148 29
1646520124856 94.09722222222223 30
1646520143149 93.99594907407408 31
1646520161443 94.87847222222223 32
1646520179736 95.73206018518519 33
1646520198024 95.87673611111111 34
1646520216313 96.39756944444444 35
1646520234605 96.00694444444444 36
1646520252893 96.484375 37
1646520271190 96.60011574074075 38
1646520289482 96.8894675925926 39
1646520307769 97.71412037037037 40
1646520326052 97.88773148148148 41
1646520344339 97.98900462962963 42
1646520362630 98.0324074074074 43
1646520380919 98.11921296296296 44
1646520399206 98.46643518518519 45
1646520417502 98.30729166666667 46
1646520435796 98.39409722222223 47
1646520454086 98.40856481481481 48
1646520472379 98.40856481481481 49
1646520490672 98.39409722222223 50
1646520508959 98.49537037037037 51
1646520527258 98.37962962962963 52
1646520545555 98.33622685185185 53
1646520563849 98.52430555555556 54
1646520582147 98.79918981481481 55
1646520600443 98.46643518518519 56
1646520618741 98.72685185185185 57
1646520637034 99.08854166666667 58
1646520655324 98.95833333333333 59
1646520673617 99.18981481481481 60
1646520691908 99.13194444444444 61
1646520710201 99.10300925925925 62
1646520728489 99.26215277777777 63
1646520746782 99.2042824074074 64
1646520765066 99.43576388888889 65
1646520783355 99.34895833333333 66
1646520801648 99.11747685185185 67
1646520819942 99.2042824074074 68
1646520838233 99.18981481481481 69
1646520856524 99.27662037037037 70
1646520874821 99.2042824074074 71
1646520893118 99.26215277777777 72
1646520911413 99.43576388888889 73
1646520929711 99.2332175925926 74
1646520948007 99.34895833333333 75
1646520966302 99.34895833333333 76
1646520984595 99.17534722222223 77
1646521002893 99.47916666666667 78
1646521021185 99.33449074074075 79
1646521039483 99.43576388888889 80
1646521057780 99.65277777777777 81
1646521076076 99.53703703703704 82
1646521094373 99.58043981481481 83
1646521112661 99.55150462962963 84
1646521130955 99.50810185185185 85
1646521149251 99.46469907407408 86
1646521167549 99.56597222222223 87
1646521185850 99.5949074074074 88
1646521204146 99.47916666666667 89
1646521222439 99.46469907407408 90
1646521240735 99.40682870370371 91
1646521259033 99.55150462962963 92
1646521277330 99.5949074074074 93
1646521299335 99.73958333333333 94
1646521317623 99.69618055555556 95
1646521335913 99.46469907407408 96
1646521354210 99.39236111111111 97
1646521372507 99.58043981481481 98
1646521390800 99.63831018518519 99
