1646519569294 3.0527127274760493 0
1646519589347 1.194724417395062 1
1646519608624 0.9472952584425608 2
1646519627948 0.7895074873058884 3
1646519646216 0.6401639801484568 4
1646519664835 0.5385103777602867 5
1646519684634 0.4733858367911092 6
1646519702911 0.4124936130311754 7
1646519721201 0.3385393415336256 8
1646519739566 0.29593155891806994 9
1646519758970 1.3352321709195774 10
1646519777253 2.7917535724463285 11
1646519795546 1.9827786639884666 12
1646519813842 1.6142864712962397 13
1646519832139 1.3536017228055883 14
1646519850436 1.1340418888462915 15
1646519868737 0.9633767770396339 16
1646519887035 0.8265661387531845 17
1646519905341 0.7178817910176737 18
1646519923639 0.6093588338957893 19
1646519941935 0.47324932449393803 20
1646519960230 0.4201872470202269 21
1646519978520 0.37797389538199816 22
1646519996807 0.3422812830518793 23
1646520015099 0.30493705029840823 24
1646520033390 0.2947216624463046 25
1646520051682 0.2738676476809714 26
1646520069976 0.23710852723430703 27
1646520088266 0.22418700517327697 28
1646520106557 0.21082274229438216 29
1646520124852 0.20371930797894797 30
1646520143145 0.198869490099174 31
1646520161439 0.1809402316532753 32
1646520179732 0.15601568006806904 33
1646520198020 0.14861679339298495 34
1646520216309 0.13634579132000604 35
1646520234600 0.13792923893089648 36
1646520252890 0.1312705134903943 37
1646520271186 0.12592313355869716 38
1646520289477 0.11797101864660228 39
1646520307765 0.0873019616636965 40
1646520326048 0.0836154639169022 41
1646520344335 0.07956480414227203 42
1646520362626 0.07264250703155994 43
1646520380914 0.07498685705165069 44
1646520399202 0.064270983553595 45
1646520417498 0.06653720637162526 46
1646520435793 0.06778032332658768 47
1646520454082 0.0649977921059838 48
1646520472374 0.06483186408877373 49
1646520490668 0.06328297040804669 50
1646520508955 0.05966347007563821 51
1646520527255 0.06418514831198587 52
1646520545551 0.06473939679563046 53
1646520563845 0.05872124319689141 54
1646520582142 0.049839110769055506 55
1646520600440 0.05739259450799889 56
1646520618736 0.05127232394146698 57
1646520637028 0.04437354220836251 58
1646520655320 0.04403780752585994 59
1646520673613 0.039386958332249415 60
1646520691904 0.036591332854220164 61
1646520710196 0.03545043172521724 62
1646520728485 0.03502228524949816 63
1646520746778 0.03602703914253248 64
1646520765062 0.034087324549478513 65
1646520783350 0.033124434365028585 66
1646520801643 0.03417171872462387 67
1646520819937 0.03278078419949721 68
1646520838227 0.03233532943866319 69
1646520856519 0.03318700427189469 70
1646520874815 0.031960974999324036 71
1646520893113 0.031284060363692266 72
1646520911408 0.027192992468674976 73
1646520929707 0.03004489637290438 74
1646520948002 0.03024716704600939 75
1646520966297 0.030143810298155854 76
1646520984590 0.03174574035047381 77
1646521002887 0.027643419577981585 78
1646521021181 0.026944469298339553 79
1646521039478 0.025288499426096678 80
1646521057776 0.02063203420214079 81
1646521076071 0.021905067756220146 82
1646521094368 0.02130854940386834 83
1646521112656 0.020326985339461652 84
1646521130950 0.021259873415584916 85
1646521149246 0.024006667805628643 86
1646521167544 0.02021995278213311 87
1646521185845 0.020623838063329458 88
1646521204140 0.022198753509049613 89
1646521222434 0.022931401307384174 90
1646521240730 0.025446990004706162 91
1646521259027 0.021349921115432626 92
1646521277325 0.020217720082857542 93
1646521299330 0.017192265208534622 94
1646521317618 0.01922158498523964 95
1646521335907 0.021374975538088217 96
1646521354204 0.022471309605020064 97
1646521372503 0.01955963076195783 98
1646521390794 0.01819675074269374 99
