1646521704514 0 0
1646521728482 11.588541666666666 1
1646521750209 20.19675925925926 2
1646521771951 25.651041666666668 3
1646521793718 29.108796296296298 4
1646521815491 32.65335648148148 5
1646521837254 35.170717592592595 6
1646521859040 36.55960648148148 7
1646521880811 37.109375 8
1646521902623 38.71527777777778 9
1646521923025 38.71527777777778 10
1646521944812 39.01909722222222 11
1646521965217 39.01909722222222 12
1646521987002 40.407986111111114 13
1646522008796 40.726273148148145 14
1646522029212 40.726273148148145 15
1646522049619 40.726273148148145 16
1646522070026 40.726273148148145 17
1646522090437 40.726273148148145 18
1646522111834 40.726273148148145 19
1646522132242 40.726273148148145 20
1646522152654 40.726273148148145 21
1646522173661 40.726273148148145 22
1646522194081 40.726273148148145 23
1646522214518 40.726273148148145 24
1646522234952 40.726273148148145 25
1646522255391 40.726273148148145 26
1646522275828 40.726273148148145 27
1646522296263 40.726273148148145 28
1646522316699 40.726273148148145 29
1646522337136 40.726273148148145 30
1646522357575 40.726273148148145 31
1646522378016 40.726273148148145 32
1646522398451 40.726273148148145 33
1646522418890 40.726273148148145 34
1646522439330 40.726273148148145 35
1646522461137 40.726273148148145 36
1646522481570 40.726273148148145 37
1646522502012 40.726273148148145 38
1646522524102 40.726273148148145 39
1646522544540 40.726273148148145 40
1646522564983 40.726273148148145 41
1646522585422 40.726273148148145 42
1646522605857 40.726273148148145 43
1646522626299 40.726273148148145 44
1646522646739 40.726273148148145 45
1646522667175 40.726273148148145 46
1646522687613 40.726273148148145 47
1646522709476 40.726273148148145 48
1646522729907 40.726273148148145 49
1646522750347 40.726273148148145 50
1646522770786 40.726273148148145 51
1646522791223 40.726273148148145 52
1646522811658 40.726273148148145 53
1646522832094 40.726273148148145 54
1646522852533 40.726273148148145 55
1646522872971 40.726273148148145 56
1646522893416 40.726273148148145 57
1646522913850 40.726273148148145 58
1646522934292 40.726273148148145 59
1646522954732 40.726273148148145 60
1646522975169 40.726273148148145 61
1646522995588 40.726273148148145 62
1646523016012 40.726273148148145 63
1646523036431 40.726273148148145 64
1646523056865 40.726273148148145 65
1646523077293 40.726273148148145 66
1646523097728 40.726273148148145 67
1646523118159 40.726273148148145 68
1646523138593 40.726273148148145 69
1646523159031 40.726273148148145 70
1646523179472 40.726273148148145 71
1646523199906 40.726273148148145 72
1646523220341 40.726273148148145 73
1646523240776 40.726273148148145 74
1646523261213 40.726273148148145 75
1646523281650 40.726273148148145 76
1646523302085 40.726273148148145 77
1646523322515 40.726273148148145 78
1646523342938 40.726273148148145 79
1646523363359 40.726273148148145 80
1646523383788 40.726273148148145 81
1646523404210 40.726273148148145 82
1646523424638 40.726273148148145 83
1646523445063 40.726273148148145 84
1646523465494 40.726273148148145 85
1646523485921 40.726273148148145 86
1646523506350 40.726273148148145 87
1646523526776 40.726273148148145 88
1646523547208 40.726273148148145 89
1646523567635 40.726273148148145 90
1646523588063 40.726273148148145 91
1646523608488 40.726273148148145 92
1646523629470 40.726273148148145 93
1646523649898 40.726273148148145 94
1646523670335 40.726273148148145 95
1646523690764 40.726273148148145 96
1646523711189 40.726273148148145 97
1646523731624 40.726273148148145 98
1646523752063 40.726273148148145 99
