1646521703018 0.001 0
1646521727340 0.001 1
1646521750198 0.001 2
1646521771941 0.001 3
1646521793706 0.001 4
1646521815480 0.001 5
1646521837242 0.001 6
1646521859030 0.001 7
1646521880800 0.001 8
1646521902611 0.001 9
1646521923014 0.001 10
1646521944800 0.001 11
1646521965206 0.001 12
1646521986991 0.001 13
1646522008787 0.001 14
1646522029202 0.001 15
1646522049607 0.001 16
1646522070015 0.001 17
1646522090424 0.001 18
1646522111824 0.001 19
1646522132231 0.0005 20
1646522152643 0.0005 21
1646522173650 0.0005 22
1646522194070 0.0005 23
1646522214506 0.0005 24
1646522234940 0.0005 25
1646522255380 0.0005 26
1646522275815 0.0005 27
1646522296251 0.0005 28
1646522316687 0.0005 29
1646522337125 0.0005 30
1646522357561 0.0005 31
1646522378004 0.0005 32
1646522398439 0.0005 33
1646522418878 0.0005 34
1646522439319 0.0005 35
1646522461125 0.0005 36
1646522481560 0.0005 37
1646522502001 0.0005 38
1646522524089 0.0005 39
1646522544527 0.00025 40
1646522564972 0.00025 41
1646522585411 0.00025 42
1646522605845 0.00025 43
1646522626286 0.00025 44
1646522646727 0.00025 45
1646522667164 0.00025 46
1646522687602 0.00025 47
1646522709464 0.00025 48
1646522729894 0.00025 49
1646522750335 0.00025 50
1646522770774 0.00025 51
1646522791211 0.00025 52
1646522811646 0.00025 53
1646522832081 0.00025 54
1646522852521 0.00025 55
1646522872959 0.00025 56
1646522893403 0.00025 57
1646522913839 0.00025 58
1646522934278 0.00025 59
1646522954718 0.000125 60
1646522975155 0.000125 61
1646522995575 0.000125 62
1646523015999 0.000125 63
1646523036417 0.000125 64
1646523056850 0.000125 65
1646523077280 0.000125 66
1646523097714 0.000125 67
1646523118145 0.000125 68
1646523138580 0.000125 69
1646523159017 0.000125 70
1646523179458 0.000125 71
1646523199892 0.000125 72
1646523220326 0.000125 73
1646523240761 0.000125 74
1646523261200 0.000125 75
1646523281637 0.000125 76
1646523302072 0.000125 77
1646523322500 0.000125 78
1646523342924 0.000125 79
1646523363346 6.25e-05 80
1646523383774 6.25e-05 81
1646523404196 6.25e-05 82
1646523424625 6.25e-05 83
1646523445050 6.25e-05 84
1646523465481 6.25e-05 85
1646523485907 6.25e-05 86
1646523506336 6.25e-05 87
1646523526765 6.25e-05 88
1646523547196 6.25e-05 89
1646523567622 6.25e-05 90
1646523588050 6.25e-05 91
1646523608476 6.25e-05 92
1646523629458 6.25e-05 93
1646523649885 6.25e-05 94
1646523670322 6.25e-05 95
1646523690750 6.25e-05 96
1646523711174 6.25e-05 97
1646523731609 6.25e-05 98
1646523752049 6.25e-05 99
