1646521704264 22.337962962962962 0
1646521728475 42.404513888888886 1
1646521750205 51.070601851851855 2
1646521771947 56.4380787037037 3
1646521793714 59.64988425925926 4
1646521815488 63.541666666666664 5
1646521837250 66.40625 6
1646521859037 68.09895833333333 7
1646521880808 71.77372685185185 8
1646521902618 73.92939814814815 9
1646521923021 75.94039351851852 10
1646521944807 77.89351851851852 11
1646521965213 80.36747685185185 12
1646521986998 83.1886574074074 13
1646522008793 84.56307870370371 14
1646522029208 85.96643518518519 15
1646522049615 87.26851851851852 16
1646522070022 88.94675925925925 17
1646522090432 90.74074074074075 18
1646522111831 91.72453703703704 19
1646522132238 94.27083333333333 20
1646522152650 95.37037037037037 21
1646522173657 95.61631944444444 22
1646522194077 96.1082175925926 23
1646522214514 96.67245370370371 24
1646522234947 96.99074074074075 25
1646522255387 96.875 26
1646522275823 96.97627314814815 27
1646522296259 97.41030092592592 28
1646522316694 97.45370370370371 29
1646522337131 97.75752314814815 30
1646522357570 97.45370370370371 31
1646522378011 97.69965277777777 32
1646522398447 97.84432870370371 33
1646522418885 97.77199074074075 34
1646522439326 98.01793981481481 35
1646522461132 97.54050925925925 36
1646522481567 98.10474537037037 37
1646522502008 98.65451388888889 38
1646522524096 98.4230324074074 39
1646522544535 98.77025462962963 40
1646522564979 99.08854166666667 41
1646522585419 99.18981481481481 42
1646522605852 99.24768518518519 43
1646522626294 99.42129629629629 44
1646522646734 99.37789351851852 45
1646522667171 99.33449074074075 46
1646522687609 99.30555555555556 47
1646522709471 99.30555555555556 48
1646522729902 99.32002314814815 49
1646522750342 99.49363425925925 50
1646522770781 99.47916666666667 51
1646522791218 99.33449074074075 52
1646522811653 99.40682870370371 53
1646522832090 99.36342592592592 54
1646522852528 99.47916666666667 55
1646522872967 99.55150462962963 56
1646522893411 99.36342592592592 57
1646522913846 99.71064814814815 58
1646522934287 99.72511574074075 59
1646522954727 99.63831018518519 60
1646522975164 99.76851851851852 61
1646522995583 99.84085648148148 62
1646523016007 99.73958333333333 63
1646523036425 99.72511574074075 64
1646523056859 99.68171296296296 65
1646523077288 99.68171296296296 66
1646523097723 99.68171296296296 67
1646523118154 99.66724537037037 68
1646523138588 99.75405092592592 69
1646523159026 99.69618055555556 70
1646523179466 99.73958333333333 71
1646523199901 99.78298611111111 72
1646523220336 99.76851851851852 73
1646523240771 99.71064814814815 74
1646523261209 99.75405092592592 75
1646523281645 99.65277777777777 76
1646523302081 99.78298611111111 77
1646523322509 99.76851851851852 78
1646523342932 99.81192129629629 79
1646523363354 99.82638888888889 80
1646523383782 99.73958333333333 81
1646523404205 99.86979166666667 82
1646523424633 99.88425925925925 83
1646523445058 99.89872685185185 84
1646523465490 99.92766203703704 85
1646523485916 99.89872685185185 86
1646523506344 99.85532407407408 87
1646523526772 99.86979166666667 88
1646523547204 99.91319444444444 89
1646523567630 99.92766203703704 90
1646523588058 99.84085648148148 91
1646523608484 99.86979166666667 92
1646523629466 99.89872685185185 93
1646523649893 99.86979166666667 94
1646523670331 99.86979166666667 95
1646523690758 99.91319444444444 96
1646523711183 99.84085648148148 97
1646523731619 99.75405092592592 98
1646523752058 99.88425925925925 99
