1646521703481 11.195694852758336 0
1646521727768 2.2708503802617392 1
1646521750201 1.8636651326108862 2
1646521771944 1.602457426212452 3
1646521793709 1.440631334428434 4
1646521815483 1.2903139171776947 5
1646521837245 1.16587190385218 6
1646521859033 1.0880046255058713 7
1646521880803 0.9682021394923881 8
1646521902614 0.8819203873475393 9
1646521923016 0.8163574084087655 10
1646521944803 0.732569013480787 11
1646521965209 0.662512857053015 12
1646521986994 0.586639987649741 13
1646522008790 0.5421589309418643 14
1646522029205 0.4818099715091564 15
1646522049610 0.44034611295770715 16
1646522070018 0.3829315815258909 17
1646522090428 0.34987859538307897 18
1646522111827 0.3029983181644369 19
1646522132234 0.2358466632388256 20
1646522152646 0.19286807281551538 21
1646522173653 0.18622746332376092 22
1646522194072 0.16982412117498893 23
1646522214509 0.1524817186097304 24
1646522234943 0.1392299974406207 25
1646522255383 0.1416527437115157 26
1646522275818 0.1348646073429673 27
1646522296254 0.12087805803727221 28
1646522316690 0.11399927962985304 29
1646522337128 0.10578083833334623 30
1646522357564 0.10753531422879961 31
1646522378007 0.09645722185571988 32
1646522398442 0.0904415727213577 33
1646522418881 0.09696000407415407 34
1646522439322 0.08934913527358461 35
1646522461128 0.09844319515482143 36
1646522481562 0.0862240849269761 37
1646522502004 0.06837984236578147 38
1646522524092 0.07567237886703676 39
1646522544530 0.05506832828676259 40
1646522564975 0.04319869661358772 41
1646522585414 0.04368767190586637 42
1646522605848 0.03854916230947883 43
1646522626289 0.03685620582352082 44
1646522646730 0.03602463024219981 45
1646522667167 0.035872920123101386 46
1646522687604 0.03453205332711891 47
1646522709467 0.03387752825532247 48
1646522729897 0.034894718460876634 49
1646522750338 0.027403748801185027 50
1646522770777 0.029214892208714177 51
1646522791214 0.032357308754904404 52
1646522811649 0.030213726615464245 53
1646522832084 0.031073164798457314 54
1646522852524 0.030427320946559862 55
1646522872962 0.02888577405570282 56
1646522893406 0.03323436345629118 57
1646522913842 0.022436852739365014 58
1646522934281 0.022662767433319932 59
1646522954722 0.020615121073744917 60
1646522975159 0.017645650474285637 61
1646522995578 0.014296799535966583 62
1646523016003 0.017017250570158165 63
1646523036420 0.017893930241741515 64
1646523056853 0.017483705516766618 65
1646523077284 0.018228843445993133 66
1646523097717 0.01668763546169632 67
1646523118148 0.016228013266636816 68
1646523138583 0.01486406970286259 69
1646523159020 0.01726797132545875 70
1646523179461 0.014979727721462647 71
1646523199896 0.014309387369495299 72
1646523220330 0.014555476476541825 73
1646523240765 0.0143892006362202 74
1646523261204 0.01547166624934309 75
1646523281640 0.017543859115836245 76
1646523302075 0.014755145663878432 77
1646523322504 0.014394672337436566 78
1646523342927 0.013674550879470728 79
1646523363350 0.012051291806899287 80
1646523383777 0.013443535008398746 81
1646523404200 0.009610515950178658 82
1646523424628 0.009673817695497914 83
1646523445054 0.008847400024360805 84
1646523465485 0.009646226669213286 85
1646523485910 0.009686916928600383 86
1646523506339 0.010990545429565289 87
1646523526767 0.009374151066704481 88
1646523547199 0.009227676972470901 89
1646523567625 0.008965303297844474 90
1646523588054 0.009602738164917187 91
1646523608479 0.009281796812838703 92
1646523629461 0.007982815184664947 93
1646523649888 0.00842735904303414 94
1646523670326 0.009148302962313648 95
1646523690753 0.008254244716631042 96
1646523711178 0.00951039884670603 97
1646523731613 0.01171949405775026 98
1646523752052 0.009052251075411698 99
