1646526141179 0 0
1646526166765 9.207589285714286 1
1646526190923 12.321428571428571 2
1646526215082 15.580357142857142 3
1646526239254 19.631696428571427 4
1646526263446 21.674107142857142 5
1646526287634 23.091517857142858 6
1646526311832 27.388392857142858 7
1646526336798 27.991071428571427 8
1646526360999 28.247767857142858 9
1646526386021 30.078125 10
1646526408828 30.078125 11
1646526433042 31.941964285714285 12
1646526457253 33.660714285714285 13
1646526480088 33.660714285714285 14
1646526504305 34.419642857142854 15
1646526527142 34.419642857142854 16
1646526551355 35.13392857142857 17
1646526574188 35.13392857142857 18
1646526598399 35.591517857142854 19
1646526621237 35.591517857142854 20
1646526644066 35.591517857142854 21
1646526666901 35.591517857142854 22
1646526691110 35.60267857142857 23
1646526715321 35.658482142857146 24
1646526738155 35.658482142857146 25
1646526760985 35.658482142857146 26
1646526785192 35.814732142857146 27
1646526808030 35.814732142857146 28
1646526830865 35.814732142857146 29
1646526853701 35.814732142857146 30
1646526877915 35.88169642857143 31
1646526900752 35.88169642857143 32
1646526923583 35.88169642857143 33
1646526946418 35.88169642857143 34
1646526969813 35.88169642857143 35
1646526992636 35.88169642857143 36
1646527015464 35.88169642857143 37
1646527038301 35.88169642857143 38
1646527061131 35.88169642857143 39
1646527083965 35.88169642857143 40
1646527106803 35.88169642857143 41
1646527129638 35.88169642857143 42
1646527152476 35.88169642857143 43
1646527175310 35.88169642857143 44
1646527198141 35.88169642857143 45
1646527220977 35.88169642857143 46
1646527243819 35.88169642857143 47
1646527266659 35.88169642857143 48
1646527289498 35.88169642857143 49
1646527312335 35.88169642857143 50
1646527335176 35.88169642857143 51
1646527358017 35.88169642857143 52
1646527380858 35.88169642857143 53
1646527403698 35.88169642857143 54
1646527426531 35.88169642857143 55
1646527449367 35.88169642857143 56
1646527472207 35.88169642857143 57
1646527495283 35.88169642857143 58
1646527518125 35.88169642857143 59
1646527540961 35.88169642857143 60
1646527563794 35.88169642857143 61
1646527586629 35.88169642857143 62
1646527609470 35.88169642857143 63
1646527632312 35.88169642857143 64
1646527655156 35.88169642857143 65
1646527678002 35.88169642857143 66
1646527700840 35.88169642857143 67
1646527723682 35.88169642857143 68
1646527746522 35.88169642857143 69
1646527769364 35.88169642857143 70
1646527792221 35.88169642857143 71
1646527815062 35.88169642857143 72
1646527837900 35.88169642857143 73
1646527861370 35.88169642857143 74
1646527884206 35.88169642857143 75
1646527907050 35.88169642857143 76
1646527929896 35.88169642857143 77
1646527952746 35.88169642857143 78
1646527975591 35.88169642857143 79
1646527998434 35.88169642857143 80
1646528021272 35.88169642857143 81
1646528044115 35.88169642857143 82
1646528066947 35.88169642857143 83
1646528089788 35.88169642857143 84
1646528112625 35.88169642857143 85
1646528135461 35.88169642857143 86
1646528158303 35.88169642857143 87
1646528181142 35.88169642857143 88
1646528203981 35.88169642857143 89
1646528226822 35.88169642857143 90
1646528249661 35.88169642857143 91
1646528272511 35.88169642857143 92
1646528295357 35.88169642857143 93
1646528318204 35.88169642857143 94
1646528341052 35.88169642857143 95
1646528363903 35.88169642857143 96
1646528386753 35.88169642857143 97
1646528409596 35.88169642857143 98
1646528432446 35.88169642857143 99
