1646526141006 0.001 0
1646526166101 0.001 1
1646526190910 0.001 2
1646526215072 0.001 3
1646526239241 0.001 4
1646526263432 0.001 5
1646526287621 0.001 6
1646526311819 0.001 7
1646526336002 0.001 8
1646526360987 0.001 9
1646526385157 0.001 10
1646526408815 0.001 11
1646526433031 0.001 12
1646526457242 0.001 13
1646526480076 0.001 14
1646526504291 0.001 15
1646526527130 0.001 16
1646526551342 0.001 17
1646526574177 0.001 18
1646526598390 0.001 19
1646526621228 0.0005 20
1646526644056 0.0005 21
1646526666890 0.0005 22
1646526691098 0.0005 23
1646526715310 0.0005 24
1646526738142 0.0005 25
1646526760973 0.0005 26
1646526785180 0.0005 27
1646526808017 0.0005 28
1646526830852 0.0005 29
1646526853689 0.0005 30
1646526877901 0.0005 31
1646526900741 0.0005 32
1646526923570 0.0005 33
1646526946405 0.0005 34
1646526969800 0.0005 35
1646526992626 0.0005 36
1646527015454 0.0005 37
1646527038290 0.0005 38
1646527061121 0.0005 39
1646527083952 0.00025 40
1646527106790 0.00025 41
1646527129624 0.00025 42
1646527152462 0.00025 43
1646527175297 0.00025 44
1646527198127 0.00025 45
1646527220964 0.00025 46
1646527243805 0.00025 47
1646527266646 0.00025 48
1646527289485 0.00025 49
1646527312322 0.00025 50
1646527335162 0.00025 51
1646527358002 0.00025 52
1646527380844 0.00025 53
1646527403682 0.00025 54
1646527426518 0.00025 55
1646527449355 0.00025 56
1646527472194 0.00025 57
1646527495271 0.00025 58
1646527518113 0.00025 59
1646527540948 0.000125 60
1646527563782 0.000125 61
1646527586617 0.000125 62
1646527609457 0.000125 63
1646527632300 0.000125 64
1646527655143 0.000125 65
1646527677990 0.000125 66
1646527700827 0.000125 67
1646527723669 0.000125 68
1646527746509 0.000125 69
1646527769352 0.000125 70
1646527792208 0.000125 71
1646527815050 0.000125 72
1646527837888 0.000125 73
1646527861359 0.000125 74
1646527884193 0.000125 75
1646527907039 0.000125 76
1646527929884 0.000125 77
1646527952733 0.000125 78
1646527975577 0.000125 79
1646527998421 6.25e-05 80
1646528021260 6.25e-05 81
1646528044103 6.25e-05 82
1646528066934 6.25e-05 83
1646528089776 6.25e-05 84
1646528112612 6.25e-05 85
1646528135447 6.25e-05 86
1646528158287 6.25e-05 87
1646528181128 6.25e-05 88
1646528203967 6.25e-05 89
1646528226809 6.25e-05 90
1646528249649 6.25e-05 91
1646528272497 6.25e-05 92
1646528295343 6.25e-05 93
1646528318191 6.25e-05 94
1646528341040 6.25e-05 95
1646528363892 6.25e-05 96
1646528386740 6.25e-05 97
1646528409585 6.25e-05 98
1646528432434 6.25e-05 99
