1646526141169 37.296845608287384 0
1646526166524 2.5703021067160146 1
1646526190913 2.2352228893174066 2
1646526215075 2.014579982669265 3
1646526239244 1.8516261643833585 4
1646526263435 1.6948663128746881 5
1646526287625 1.5778653422991435 6
1646526311822 1.4807835640730682 7
1646526336357 1.392997353165238 8
1646526360991 1.3180821504857805 9
1646526385509 1.2312135464615293 10
1646526408819 1.175350562289909 11
1646526433034 1.0944088046197538 12
1646526457244 1.039310610956616 13
1646526480080 0.981798466708925 14
1646526504295 0.9264755646387736 15
1646526527133 0.8651678827073839 16
1646526551345 0.8022997015052371 17
1646526574180 0.7509070071909163 18
1646526598392 0.7132411869587721 19
1646526621231 0.6246444450484382 20
1646526644059 0.6029559555980895 21
1646526666893 0.5678531223977054 22
1646526691101 0.5561574272535466 23
1646526715313 0.5236518647935655 24
1646526738145 0.49085778108349554 25
1646526760976 0.47396740206965693 26
1646526785183 0.44706741803222233 27
1646526808020 0.42369808035868184 28
1646526830856 0.39292218067027906 29
1646526853692 0.38276399120136545 30
1646526877905 0.3599465837081273 31
1646526900743 0.33922254928836115 32
1646526923573 0.31975626697142917 33
1646526946408 0.30209197683466804 34
1646526969803 0.28819205335996767 35
1646526992628 0.2609184265688614 36
1646527015456 0.25394244657622445 37
1646527038293 0.22923968511599083 38
1646527061124 0.2129625661505593 39
1646527083956 0.17479285570206465 40
1646527106793 0.16854715209316323 41
1646527129627 0.15691334795620707 42
1646527152465 0.151749642772807 43
1646527175300 0.15054946020245552 44
1646527198130 0.1413341377068449 45
1646527220967 0.13543009075025716 46
1646527243808 0.13514215954475933 47
1646527266649 0.1293218162048746 48
1646527289488 0.12658853759920155 49
1646527312325 0.12491891988449627 50
1646527335165 0.10926439516522267 51
1646527358005 0.10800447997947533 52
1646527380848 0.10722496450223305 53
1646527403685 0.10183473041764012 54
1646527426521 0.09305102792051104 55
1646527449358 0.09631919743562187 56
1646527472197 0.08804662091036637 57
1646527495274 0.08950967065714023 58
1646527518115 0.0850586488980938 59
1646527540951 0.07806767399112384 60
1646527563784 0.0724957769529687 61
1646527586620 0.06849920487514248 62
1646527609460 0.06509263644477835 63
1646527632303 0.06314018499796037 64
1646527655145 0.06424092242701186 65
1646527677993 0.0640280567523506 66
1646527700830 0.05498611451023155 67
1646527723672 0.05548306747719094 68
1646527746513 0.05754301279645275 69
1646527769355 0.060337005390061274 70
1646527792211 0.0545722174078778 71
1646527815053 0.05629037838015291 72
1646527837891 0.05741472721651748 73
1646527861362 0.052986027431432846 74
1646527884196 0.051348037327881214 75
1646527907042 0.054135219297475286 76
1646527929887 0.04935379850643652 77
1646527952736 0.045498862103731545 78
1646527975581 0.048233928745267565 79
1646527998424 0.04544353264349478 80
1646528021263 0.042948749330308705 81
1646528044106 0.04081432717955775 82
1646528066937 0.04380755302392774 83
1646528089779 0.04391598549705965 84
1646528112615 0.0430827797907922 85
1646528135450 0.04103673870364825 86
1646528158290 0.03822197813402723 87
1646528181131 0.03757802883370055 88
1646528203971 0.03401458097828759 89
1646528226813 0.036747447697928655 90
1646528249652 0.034304705586422374 91
1646528272501 0.038911322649154395 92
1646528295347 0.03940872154715988 93
1646528318194 0.03629882067993835 94
1646528341043 0.03579977513463409 95
1646528363895 0.03167268461375325 96
1646528386743 0.03572552209651029 97
1646528409588 0.03170127559591223 98
1646528432437 0.03217583560143356 99
