1646526141175 26.28761574074074 0
1646526166759 40.11863425925926 1
1646526190919 46.035879629629626 2
1646526215078 49.594907407407405 3
1646526239249 52.792245370370374 4
1646526263440 56.52488425925926 5
1646526287630 58.4056712962963 6
1646526311827 60.7494212962963 7
1646526336793 62.355324074074076 8
1646526360995 63.62847222222222 9
1646526386016 65.79861111111111 10
1646526408824 67.11516203703704 11
1646526433038 69.67592592592592 12
1646526457248 70.52951388888889 13
1646526480084 71.70138888888889 14
1646526504299 73.62557870370371 15
1646526527138 75.56423611111111 16
1646526551351 76.77951388888889 17
1646526574184 78.1105324074074 18
1646526598396 79.51388888888889 19
1646526621234 82.87037037037037 20
1646526644062 83.07291666666667 21
1646526666897 84.34606481481481 22
1646526691106 84.17245370370371 23
1646526715317 85.48900462962963 24
1646526738150 86.71875 25
1646526760980 86.76215277777777 26
1646526785188 88.04976851851852 27
1646526808025 88.58506944444444 28
1646526830860 89.8292824074074 29
1646526853697 89.97395833333333 30
1646526877910 90.48032407407408 31
1646526900748 91.0300925925926 32
1646526923578 91.94155092592592 33
1646526946413 92.44791666666667 34
1646526969808 92.88194444444444 35
1646526992632 93.95254629629629 36
1646527015459 93.96701388888889 37
1646527038297 95.03761574074075 38
1646527061128 95.44270833333333 39
1646527083960 96.62905092592592 40
1646527106799 96.81712962962963 41
1646527129633 97.35243055555556 42
1646527152471 97.265625 43
1646527175306 97.38136574074075 44
1646527198136 97.48263888888889 45
1646527220973 97.30902777777777 46
1646527243814 97.46817129629629 47
1646527266654 97.55497685185185 48
1646527289494 97.71412037037037 49
1646527312329 97.6417824074074 50
1646527335170 97.97453703703704 51
1646527358012 98.22048611111111 52
1646527380853 97.98900462962963 53
1646527403691 98.29282407407408 54
1646527426526 98.4230324074074 55
1646527449362 98.29282407407408 56
1646527472203 98.53877314814815 57
1646527495278 98.40856481481481 58
1646527518120 98.35069444444444 59
1646527540956 98.69791666666667 60
1646527563789 98.71238425925925 61
1646527586624 98.92939814814815 62
1646527609465 99.08854166666667 63
1646527632308 99.07407407407408 64
1646527655151 99.08854166666667 65
1646527677998 98.95833333333333 66
1646527700835 99.27662037037037 67
1646527723677 99.14641203703704 68
1646527746517 99.17534722222223 69
1646527769359 98.92939814814815 70
1646527792215 99.24768518518519 71
1646527815057 99.04513888888889 72
1646527837896 98.97280092592592 73
1646527861366 99.2332175925926 74
1646527884201 99.14641203703704 75
1646527907046 99.13194444444444 76
1646527929891 99.24768518518519 77
1646527952741 99.36342592592592 78
1646527975586 99.2042824074074 79
1646527998429 99.33449074074075 80
1646528021268 99.32002314814815 81
1646528044110 99.42129629629629 82
1646528066942 99.2042824074074 83
1646528089784 99.24768518518519 84
1646528112620 99.27662037037037 85
1646528135456 99.46469907407408 86
1646528158297 99.53703703703704 87
1646528181137 99.47916666666667 88
1646528203976 99.609375 89
1646528226818 99.45023148148148 90
1646528249657 99.5949074074074 91
1646528272506 99.36342592592592 92
1646528295351 99.33449074074075 93
1646528318199 99.46469907407408 94
1646528341048 99.49363425925925 95
1646528363899 99.55150462962963 96
1646528386748 99.42129629629629 97
1646528409592 99.55150462962963 98
1646528432441 99.49363425925925 99
