1646515630425 0 0
1646515649551 21.068548387096776 1
1646515668753 32.68649193548387 2
1646515687959 37.19758064516129 3
1646515707191 45.53931451612903 4
1646515726437 50.12600806451613 5
1646515745695 50.756048387096776 6
1646515764960 51.940524193548384 7
1646515784277 54.91431451612903 8
1646515802177 54.91431451612903 9
1646515820083 54.91431451612903 10
1646515837982 54.91431451612903 11
1646515855889 54.91431451612903 12
1646515873778 54.91431451612903 13
1646515891666 54.91431451612903 14
1646515909559 54.91431451612903 15
1646515927722 54.91431451612903 16
1646515945616 54.91431451612903 17
1646515963508 54.91431451612903 18
1646515981401 54.91431451612903 19
1646515999296 54.91431451612903 20
1646516017189 54.91431451612903 21
1646516035090 54.91431451612903 22
1646516052976 54.91431451612903 23
1646516070871 54.91431451612903 24
1646516088756 54.91431451612903 25
1646516106647 54.91431451612903 26
1646516124540 54.91431451612903 27
1646516142433 54.91431451612903 28
1646516160323 54.91431451612903 29
1646516178217 54.91431451612903 30
1646516196112 54.91431451612903 31
1646516214004 54.91431451612903 32
1646516231892 54.91431451612903 33
1646516249779 54.91431451612903 34
1646516267666 54.91431451612903 35
1646516285562 54.91431451612903 36
1646516303453 54.91431451612903 37
1646516321348 54.91431451612903 38
1646516339240 54.91431451612903 39
1646516357131 54.91431451612903 40
1646516375020 54.91431451612903 41
1646516392915 54.91431451612903 42
1646516410804 54.91431451612903 43
1646516428697 54.91431451612903 44
1646516446587 54.91431451612903 45
1646516464482 54.91431451612903 46
1646516482369 54.91431451612903 47
1646516500268 54.91431451612903 48
1646516518165 54.91431451612903 49
1646516536068 54.91431451612903 50
1646516553969 54.91431451612903 51
1646516571866 54.91431451612903 52
1646516589762 54.91431451612903 53
1646516607663 54.91431451612903 54
1646516625557 54.91431451612903 55
1646516643457 54.91431451612903 56
1646516661357 54.91431451612903 57
1646516679258 54.91431451612903 58
1646516697158 54.91431451612903 59
1646516715053 54.91431451612903 60
1646516732952 54.91431451612903 61
1646516750853 54.91431451612903 62
1646516768749 54.91431451612903 63
1646516786658 54.91431451612903 64
1646516804570 54.91431451612903 65
1646516822483 54.91431451612903 66
1646516840408 54.91431451612903 67
1646516858326 54.91431451612903 68
1646516876238 54.91431451612903 69
1646516894150 54.91431451612903 70
1646516912063 54.91431451612903 71
1646516929972 54.91431451612903 72
1646516947881 54.91431451612903 73
1646516965784 54.91431451612903 74
1646516983692 54.91431451612903 75
1646517001599 54.91431451612903 76
1646517019510 54.91431451612903 77
1646517037418 54.91431451612903 78
1646517055330 54.91431451612903 79
1646517073245 54.91431451612903 80
1646517091163 54.91431451612903 81
1646517109081 54.91431451612903 82
1646517127001 54.91431451612903 83
1646517144923 54.91431451612903 84
1646517162846 54.91431451612903 85
1646517180778 54.91431451612903 86
1646517198692 54.91431451612903 87
1646517216621 54.91431451612903 88
1646517234535 54.91431451612903 89
1646517252453 54.91431451612903 90
1646517270370 54.91431451612903 91
1646517288279 54.91431451612903 92
1646517306192 54.91431451612903 93
1646517324099 54.91431451612903 94
1646517342011 54.91431451612903 95
1646517359932 54.91431451612903 96
1646517377846 54.91431451612903 97
1646517395755 54.91431451612903 98
1646517413664 54.91431451612903 99
