1646515629612 0.001 0
1646515649539 0.001 1
1646515668741 0.001 2
1646515687946 0.001 3
1646515707181 0.001 4
1646515726426 0.001 5
1646515745683 0.001 6
1646515764947 0.001 7
1646515784265 0.001 8
1646515802164 0.001 9
1646515820071 0.001 10
1646515837969 0.001 11
1646515855880 0.001 12
1646515873767 0.001 13
1646515891656 0.001 14
1646515909549 0.001 15
1646515927441 0.001 16
1646515945607 0.001 17
1646515963497 0.001 18
1646515981390 0.001 19
1646515999282 0.0005 20
1646516017177 0.0005 21
1646516035076 0.0005 22
1646516052965 0.0005 23
1646516070860 0.0005 24
1646516088745 0.0005 25
1646516106636 0.0005 26
1646516124524 0.0005 27
1646516142421 0.0005 28
1646516160311 0.0005 29
1646516178204 0.0005 30
1646516196099 0.0005 31
1646516213990 0.0005 32
1646516231879 0.0005 33
1646516249769 0.0005 34
1646516267655 0.0005 35
1646516285550 0.0005 36
1646516303441 0.0005 37
1646516321337 0.0005 38
1646516339229 0.0005 39
1646516357118 0.00025 40
1646516375009 0.00025 41
1646516392905 0.00025 42
1646516410793 0.00025 43
1646516428686 0.00025 44
1646516446577 0.00025 45
1646516464471 0.00025 46
1646516482356 0.00025 47
1646516500254 0.00025 48
1646516518152 0.00025 49
1646516536056 0.00025 50
1646516553954 0.00025 51
1646516571853 0.00025 52
1646516589750 0.00025 53
1646516607650 0.00025 54
1646516625544 0.00025 55
1646516643445 0.00025 56
1646516661344 0.00025 57
1646516679243 0.00025 58
1646516697143 0.00025 59
1646516715040 0.000125 60
1646516732940 0.000125 61
1646516750841 0.000125 62
1646516768734 0.000125 63
1646516786645 0.000125 64
1646516804556 0.000125 65
1646516822469 0.000125 66
1646516840394 0.000125 67
1646516858313 0.000125 68
1646516876224 0.000125 69
1646516894136 0.000125 70
1646516912049 0.000125 71
1646516929959 0.000125 72
1646516947869 0.000125 73
1646516965771 0.000125 74
1646516983678 0.000125 75
1646517001587 0.000125 76
1646517019496 0.000125 77
1646517037405 0.000125 78
1646517055316 0.000125 79
1646517073232 6.25e-05 80
1646517091148 6.25e-05 81
1646517109069 6.25e-05 82
1646517126989 6.25e-05 83
1646517144910 6.25e-05 84
1646517162832 6.25e-05 85
1646517180765 6.25e-05 86
1646517198678 6.25e-05 87
1646517216610 6.25e-05 88
1646517234522 6.25e-05 89
1646517252440 6.25e-05 90
1646517270356 6.25e-05 91
1646517288266 6.25e-05 92
1646517306179 6.25e-05 93
1646517324087 6.25e-05 94
1646517341998 6.25e-05 95
1646517359918 6.25e-05 96
1646517377832 6.25e-05 97
1646517395741 6.25e-05 98
1646517413650 6.25e-05 99
