1646515630089 5.857621802224053 0
1646515649542 2.1969072112330683 1
1646515668745 1.7078121172057257 2
1646515687949 1.408436597497375 3
1646515707184 1.1951898259145242 4
1646515726429 1.050992147790061 5
1646515745686 0.9128654234939151 6
1646515764951 0.8342859546343485 7
1646515784269 0.7189474414896082 8
1646515802167 0.6409667476459786 9
1646515820074 0.5672753662974747 10
1646515837972 0.5083435227473577 11
1646515855883 0.4526233744842035 12
1646515873770 0.3961090067470515 13
1646515891659 0.36688016106685 14
1646515909552 0.3345763851647024 15
1646515927711 0.30671891156170106 16
1646515945609 0.2917991595135795 17
1646515963500 0.2493638233454139 18
1646515981393 0.22296309981633117 19
1646515999286 0.15377044194826373 20
1646516017180 0.10839146893057558 21
1646516035080 0.10718914383539448 22
1646516052968 0.09719960722658369 23
1646516070863 0.09072728041145536 24
1646516088748 0.08690622097088231 25
1646516106639 0.07788854368306973 26
1646516124528 0.07225006580766705 27
1646516142424 0.072581362048233 28
1646516160314 0.07471723433721948 29
1646516178207 0.07013737003284472 30
1646516196102 0.0708358579625686 31
1646516213994 0.06541162173919103 32
1646516231882 0.06310320286839097 33
1646516249771 0.06228352596776353 34
1646516267658 0.0592629291738073 35
1646516285553 0.06421324357183443 36
1646516303444 0.060825939014278074 37
1646516321340 0.06385425322999556 38
1646516339232 0.06338870977224023 39
1646516357121 0.03660449780592764 40
1646516375012 0.029340289843579132 41
1646516392908 0.027438394699452653 42
1646516410796 0.023033917053706117 43
1646516428689 0.02142114719134514 44
1646516446579 0.02108467635008748 45
1646516464474 0.02271870567670299 46
1646516482359 0.02279094621297662 47
1646516500258 0.023493665365364264 48
1646516518155 0.01774224175433456 49
1646516536059 0.019921119324862957 50
1646516553958 0.023277640799750334 51
1646516571857 0.01834432049481957 52
1646516589753 0.019537334321756607 53
1646516607653 0.01884574900139813 54
1646516625547 0.017087937332689762 55
1646516643448 0.019996903918649035 56
1646516661347 0.017300966816643875 57
1646516679246 0.02111556524997232 58
1646516697146 0.023232999723404646 59
1646516715044 0.016527488068849953 60
1646516732943 0.010425293533545401 61
1646516750844 0.011362889574633704 62
1646516768738 0.012106176819307384 63
1646516786648 0.011759114576745089 64
1646516804560 0.012310873061694481 65
1646516822472 0.010910692991240433 66
1646516840398 0.008312581611486772 67
1646516858317 0.008188505247407765 68
1646516876228 0.010378016193431837 69
1646516894139 0.00758863215903855 70
1646516912053 0.007067975359623907 71
1646516929962 0.008892161215448545 72
1646516947872 0.006574868914429788 73
1646516965774 0.00834972891283946 74
1646516983682 0.008609400204106889 75
1646517001590 0.00963698642293888 76
1646517019499 0.009597818533182834 77
1646517037408 0.008401746176079743 78
1646517055319 0.00790042194744779 79
1646517073235 0.008704730882999246 80
1646517091151 0.006451730045093292 81
1646517109072 0.005435885779594106 82
1646517126993 0.0052924292006840306 83
1646517144913 0.0069418908355550635 84
1646517162836 0.006824983490837945 85
1646517180769 0.005772145309795936 86
1646517198682 0.006130983214394224 87
1646517216613 0.006595288530526751 88
1646517234526 0.0064211717108264565 89
1646517252444 0.0044465575160251725 90
1646517270359 0.005269161399660839 91
1646517288269 0.004852510956374722 92
1646517306182 0.004492830114301156 93
1646517324091 0.003606342823736163 94
1646517342001 0.005081709295390519 95
1646517359922 0.0052139528906317775 96
1646517377835 0.003943892786520775 97
1646517395745 0.004352416967136647 98
1646517413653 0.005919237985465399 99
