1646515630420 22.569444444444443 0
1646515649546 39.56886574074074 1
1646515668749 50.43402777777778 2
1646515687954 58.75289351851852 3
1646515707187 64.49652777777777 4
1646515726433 68.27256944444444 5
1646515745691 71.90393518518519 6
1646515764956 73.79918981481481 7
1646515784273 77.38715277777777 8
1646515802172 79.94791666666667 9
1646515820080 81.95891203703704 10
1646515837977 84.17245370370371 11
1646515855886 85.69155092592592 12
1646515873774 87.890625 13
1646515891663 88.31018518518519 14
1646515909556 88.75868055555556 15
1646515927717 90.27777777777777 16
1646515945613 90.6105324074074 17
1646515963504 92.02835648148148 18
1646515981397 92.83854166666667 19
1646515999290 95.57291666666667 20
1646516017185 97.12094907407408 21
1646516035085 97.06307870370371 22
1646516052972 97.52604166666667 23
1646516070867 97.58391203703704 24
1646516088752 97.65625 25
1646516106643 97.81539351851852 26
1646516124533 98.00347222222223 27
1646516142429 98.13368055555556 28
1646516160318 97.87326388888889 29
1646516178212 97.90219907407408 30
1646516196106 98.09027777777777 31
1646516213998 98.33622685185185 32
1646516231886 98.19155092592592 33
1646516249775 98.32175925925925 34
1646516267662 98.33622685185185 35
1646516285557 98.16261574074075 36
1646516303449 98.32175925925925 37
1646516321344 98.16261574074075 38
1646516339236 98.19155092592592 39
1646516357126 99.14641203703704 40
1646516375016 99.34895833333333 41
1646516392911 99.27662037037037 42
1646516410800 99.45023148148148 43
1646516428693 99.55150462962963 44
1646516446583 99.53703703703704 45
1646516464478 99.45023148148148 46
1646516482365 99.47916666666667 47
1646516500263 99.45023148148148 48
1646516518161 99.65277777777777 49
1646516536064 99.50810185185185 50
1646516553964 99.40682870370371 51
1646516571861 99.609375 52
1646516589758 99.55150462962963 53
1646516607657 99.63831018518519 54
1646516625553 99.65277777777777 55
1646516643453 99.56597222222223 56
1646516661352 99.58043981481481 57
1646516679253 99.49363425925925 58
1646516697152 99.36342592592592 59
1646516715049 99.65277777777777 60
1646516732948 99.82638888888889 61
1646516750849 99.78298611111111 62
1646516768743 99.73958333333333 63
1646516786653 99.71064814814815 64
1646516804565 99.68171296296296 65
1646516822478 99.76851851851852 66
1646516840403 99.84085648148148 67
1646516858321 99.81192129629629 68
1646516876233 99.78298611111111 69
1646516894145 99.85532407407408 70
1646516912058 99.89872685185185 71
1646516929967 99.81192129629629 72
1646516947877 99.88425925925925 73
1646516965779 99.79745370370371 74
1646516983686 99.86979166666667 75
1646517001595 99.73958333333333 76
1646517019504 99.72511574074075 77
1646517037413 99.84085648148148 78
1646517055325 99.81192129629629 79
1646517073240 99.82638888888889 80
1646517091157 99.91319444444444 81
1646517109077 99.92766203703704 82
1646517126997 99.92766203703704 83
1646517144917 99.85532407407408 84
1646517162841 99.84085648148148 85
1646517180774 99.91319444444444 86
1646517198688 99.85532407407408 87
1646517216617 99.86979166666667 88
1646517234531 99.86979166666667 89
1646517252449 99.95659722222223 90
1646517270365 99.91319444444444 91
1646517288274 99.91319444444444 92
1646517306187 99.94212962962963 93
1646517324095 99.97106481481481 94
1646517342006 99.91319444444444 95
1646517359927 99.88425925925925 96
1646517377841 99.94212962962963 97
1646517395750 99.94212962962963 98
1646517413658 99.86979166666667 99
