1646658424598 0 0
1646658430549 30.803571428571427 1
1646658436630 35.9375 2
1646658442631 43.30357142857143 3
1646658448649 50.78125 4
1646658454670 54.35267857142857 5
1646658460764 65.29017857142857 6
1646658465463 65.29017857142857 7
1646658470121 65.29017857142857 8
1646658476159 70.98214285714286 9
1646658480822 70.98214285714286 10
1646658485492 70.98214285714286 11
1646658490163 70.98214285714286 12
1646658494840 70.98214285714286 13
1646658499521 70.98214285714286 14
1646658505590 71.65178571428571 15
1646658511690 72.43303571428571 16
1646658517755 77.12053571428571 17
1646658522439 77.12053571428571 18
1646658527122 77.12053571428571 19
1646658531809 77.12053571428571 20
1646658537876 85.04464285714286 21
1646658542566 85.04464285714286 22
1646658547257 85.04464285714286 23
1646658551955 85.04464285714286 24
1646658556653 85.04464285714286 25
1646658561348 85.04464285714286 26
1646658566046 85.04464285714286 27
1646658570747 85.04464285714286 28
1646658575448 85.04464285714286 29
1646658580150 85.04464285714286 30
1646658584852 85.04464285714286 31
1646658589554 85.04464285714286 32
1646658594258 85.04464285714286 33
1646658598960 85.04464285714286 34
1646658603660 85.04464285714286 35
1646658608367 85.04464285714286 36
1646658613071 85.04464285714286 37
1646658617772 85.04464285714286 38
1646658622478 85.04464285714286 39
1646658628562 86.04910714285714 40
1646658634650 88.16964285714286 41
1646658639355 88.16964285714286 42
1646658644061 88.16964285714286 43
1646658648761 88.16964285714286 44
1646658654842 88.95089285714286 45
1646658659543 88.95089285714286 46
1646658664244 88.95089285714286 47
1646658668951 88.95089285714286 48
1646658673656 88.95089285714286 49
1646658678358 88.95089285714286 50
1646658683066 88.95089285714286 51
1646658687774 88.95089285714286 52
1646658692478 88.95089285714286 53
1646658697186 88.95089285714286 54
1646658701894 88.95089285714286 55
1646658706601 88.95089285714286 56
1646658711310 88.95089285714286 57
1646658716017 88.95089285714286 58
1646658720724 88.95089285714286 59
1646658725433 88.95089285714286 60
1646658731522 89.62053571428571 61
1646658736230 89.62053571428571 62
1646658740939 89.62053571428571 63
1646658745644 89.62053571428571 64
1646658750354 89.62053571428571 65
1646658755061 89.62053571428571 66
1646658759771 89.62053571428571 67
1646658765858 90.625 68
1646658770563 90.625 69
1646658775266 90.625 70
1646658779972 90.625 71
1646658784677 90.625 72
1646658789385 90.625 73
1646658794092 90.625 74
1646658798801 90.625 75
1646658803506 90.625 76
1646658808218 90.625 77
1646658812927 90.625 78
1646658817636 90.625 79
1646658822346 90.625 80
1646658827059 90.625 81
1646658831769 90.625 82
1646658836480 90.625 83
1646658841192 90.625 84
1646658845904 90.625 85
1646658850618 90.625 86
1646658855332 90.625 87
1646658860046 90.625 88
1646658864759 90.625 89
1646658869474 90.625 90
1646658874190 90.625 91
1646658878904 90.625 92
1646658883617 90.625 93
1646658888333 90.625 94
1646658893043 90.625 95
1646658897758 90.625 96
1646658902470 90.625 97
1646658907184 90.625 98
1646658911896 90.625 99
