1646658424586 0.001 0
1646658430539 0.001 1
1646658436621 0.001 2
1646658442618 0.001 3
1646658448637 0.001 4
1646658454660 0.001 5
1646658460753 0.001 6
1646658465452 0.001 7
1646658470110 0.001 8
1646658476149 0.001 9
1646658480812 0.001 10
1646658485483 0.001 11
1646658490149 0.001 12
1646658494828 0.001 13
1646658499507 0.001 14
1646658505577 0.001 15
1646658511677 0.001 16
1646658517741 0.001 17
1646658522426 0.001 18
1646658527109 0.001 19
1646658531796 0.0005 20
1646658537864 0.0005 21
1646658542553 0.0005 22
1646658547245 0.0005 23
1646658551942 0.0005 24
1646658556640 0.0005 25
1646658561334 0.0005 26
1646658566033 0.0005 27
1646658570733 0.0005 28
1646658575434 0.0005 29
1646658580135 0.0005 30
1646658584838 0.0005 31
1646658589541 0.0005 32
1646658594244 0.0005 33
1646658598948 0.0005 34
1646658603649 0.0005 35
1646658608353 0.0005 36
1646658613059 0.0005 37
1646658617760 0.0005 38
1646658622465 0.0005 39
1646658628549 0.00025 40
1646658634635 0.00025 41
1646658639342 0.00025 42
1646658644049 0.00025 43
1646658648747 0.00025 44
1646658654830 0.00025 45
1646658659531 0.00025 46
1646658664231 0.00025 47
1646658668937 0.00025 48
1646658673643 0.00025 49
1646658678345 0.00025 50
1646658683050 0.00025 51
1646658687759 0.00025 52
1646658692465 0.00025 53
1646658697173 0.00025 54
1646658701880 0.00025 55
1646658706586 0.00025 56
1646658711295 0.00025 57
1646658716004 0.00025 58
1646658720710 0.00025 59
1646658725420 0.000125 60
1646658731510 0.000125 61
1646658736217 0.000125 62
1646658740925 0.000125 63
1646658745632 0.000125 64
1646658750342 0.000125 65
1646658755049 0.000125 66
1646658759756 0.000125 67
1646658765845 0.000125 68
1646658770551 0.000125 69
1646658775255 0.000125 70
1646658779960 0.000125 71
1646658784665 0.000125 72
1646658789372 0.000125 73
1646658794080 0.000125 74
1646658798788 0.000125 75
1646658803495 0.000125 76
1646658808205 0.000125 77
1646658812914 0.000125 78
1646658817624 0.000125 79
1646658822332 6.25e-05 80
1646658827046 6.25e-05 81
1646658831755 6.25e-05 82
1646658836466 6.25e-05 83
1646658841177 6.25e-05 84
1646658845889 6.25e-05 85
1646658850604 6.25e-05 86
1646658855317 6.25e-05 87
1646658860030 6.25e-05 88
1646658864745 6.25e-05 89
1646658869460 6.25e-05 90
1646658874175 6.25e-05 91
1646658878890 6.25e-05 92
1646658883602 6.25e-05 93
1646658888319 6.25e-05 94
1646658893029 6.25e-05 95
1646658897743 6.25e-05 96
1646658902456 6.25e-05 97
1646658907169 6.25e-05 98
1646658911882 6.25e-05 99
