1646658424589 2.016278000978323 0
1646658430542 1.6978298242275531 1
1646658436624 1.5444633930157392 2
1646658442621 1.3597993972973945 3
1646658448640 1.2101974059373906 4
1646658454663 1.1155779193609188 5
1646658460756 1.01297920025312 6
1646658465455 0.9061912359335483 7
1646658470113 0.8537208835283915 8
1646658476152 0.7887691717881423 9
1646658480814 0.725373876400483 10
1646658485485 0.6675149202346802 11
1646658490153 0.6590228730287307 12
1646658494831 0.5896330620997992 13
1646658499510 0.5401711807801173 14
1646658505580 0.513401360083849 15
1646658511680 0.5020263195037842 16
1646658517745 0.47207715190373933 17
1646658522430 0.4710198052418538 18
1646658527112 0.4302238504856061 19
1646658531800 0.34036502433128846 20
1646658537867 0.2760684860822482 21
1646658542556 0.275831632125072 22
1646658547248 0.25693888809436405 23
1646658551945 0.2414783273751919 24
1646658556643 0.23324305545061064 25
1646658561338 0.2285681500648841 26
1646658566036 0.221110904446015 27
1646658570737 0.20574491356427854 28
1646658575438 0.20271951132095778 29
1646658580138 0.19736996293067932 30
1646658584841 0.1895545333241805 31
1646658589544 0.18010551386918777 32
1646658594248 0.17627758933947638 33
1646658598951 0.1683875287954624 34
1646658603652 0.1650212770089125 35
1646658608356 0.14779165778786707 36
1646658613062 0.16104510923226675 37
1646658617764 0.16129472125799227 38
1646658622468 0.13679375786047715 39
1646658628552 0.09546038346030773 40
1646658634639 0.067804232526284 41
1646658639345 0.06037136434744566 42
1646658644052 0.06149737747051777 43
1646658648751 0.06750504309550309 44
1646658654833 0.0558551087593421 45
1646658659534 0.056319829219808944 46
1646658664235 0.05422658081620167 47
1646658668940 0.05210299025743435 48
1646658673646 0.04337110446813779 49
1646658678348 0.045368959745153405 50
1646658683053 0.04423962194377031 51
1646658687762 0.048229967267849505 52
1646658692468 0.04676453301157707 53
1646658697176 0.0476988706833277 54
1646658701883 0.04530044310750105 55
1646658706590 0.04770273302132503 56
1646658711299 0.045298101738668405 57
1646658716007 0.04606881950241633 58
1646658720713 0.04169055489966503 59
1646658725423 0.03161744197878318 60
1646658731512 0.025403516247677498 61
1646658736220 0.021941136962805804 62
1646658740928 0.027820140815889224 63
1646658745635 0.020352098075911786 64
1646658750345 0.021120560725625508 65
1646658755052 0.016762121377560574 66
1646658759760 0.01699801890227275 67
1646658765849 0.01808894067429579 68
1646658770553 0.016324764726540215 69
1646658775258 0.018818480858149435 70
1646658779962 0.014232526121374506 71
1646658784668 0.014270937431436509 72
1646658789375 0.013625949406279968 73
1646658794083 0.01624832812171334 74
1646658798791 0.014904596651784884 75
1646658803498 0.015877068162155457 76
1646658808209 0.01187933623814621 77
1646658812917 0.00970614285996327 78
1646658817627 0.011562837502704216 79
1646658822336 0.012802307470104633 80
1646658827049 0.010469916643789755 81
1646658831758 0.00928339774075609 82
1646658836470 0.00838291608632948 83
1646658841181 0.010576150093514185 84
1646658845892 0.00971657958610031 85
1646658850607 0.010865305663826756 86
1646658855321 0.00904727931946325 87
1646658860033 0.009217020192852195 88
1646658864749 0.007310559940285599 89
1646658869463 0.008798746741376817 90
1646658874178 0.007498393002419899 91
1646658878893 0.009147833495472487 92
1646658883606 0.006964932058531887 93
1646658888322 0.006059636517117421 94
1646658893032 0.008792359826680368 95
1646658897747 0.0077903444508615975 96
1646658902460 0.007426176867925395 97
1646658907172 0.006205163379677405 98
1646658911886 0.008397103009673838 99
