1646658424594 30.14823717948718 0
1646658430546 41.26602564102564 1
1646658436627 47.43589743589744 2
1646658442627 53.58573717948718 3
1646658448645 58.313301282051285 4
1646658454667 61.87900641025641 5
1646658460760 66.18589743589743 6
1646658465459 69.15064102564102 7
1646658470117 70.71314102564102 8
1646658476156 73.11698717948718 9
1646658480818 75.1201923076923 10
1646658485488 77.40384615384616 11
1646658490157 77.4238782051282 12
1646658494836 79.92788461538461 13
1646658499516 81.81089743589743 14
1646658505585 82.37179487179488 15
1646658511685 82.35176282051282 16
1646658517750 83.4735576923077 17
1646658522434 83.89423076923077 18
1646658527118 85.75721153846153 19
1646658531804 88.48157051282051 20
1646658537872 90.90544871794872 21
1646658542561 90.38461538461539 22
1646658547253 91.14583333333333 23
1646658551950 91.60657051282051 24
1646658556648 92.2275641025641 25
1646658561343 91.78685897435898 26
1646658566041 92.32772435897436 27
1646658570742 92.52804487179488 28
1646658575443 93.26923076923077 29
1646658580144 93.34935897435898 30
1646658584847 93.52964743589743 31
1646658589549 93.54967948717949 32
1646658594253 93.72996794871794 33
1646658598956 93.8301282051282 34
1646658603656 94.13060897435898 35
1646658608362 94.81169871794872 36
1646658613067 94.27083333333333 37
1646658617768 94.77163461538461 38
1646658622473 95.1923076923077 39
1646658628557 96.77483974358974 40
1646658634644 97.89663461538461 41
1646658639349 98.01682692307692 42
1646658644057 98.15705128205128 43
1646658648756 97.65625 44
1646658654838 98.3974358974359 45
1646658659539 98.17708333333333 46
1646658664240 98.13701923076923 47
1646658668946 98.25721153846153 48
1646658673651 98.77804487179488 49
1646658678354 98.65785256410257 50
1646658683061 98.81810897435898 51
1646658687768 98.41746794871794 52
1646658692473 98.53766025641026 53
1646658697181 98.5176282051282 54
1646658701888 98.57772435897436 55
1646658706596 98.57772435897436 56
1646658711304 98.59775641025641 57
1646658716012 98.53766025641026 58
1646658720719 98.69791666666667 59
1646658725428 99.01842948717949 60
1646658731517 99.19871794871794 61
1646658736226 99.39903846153847 62
1646658740933 99.05849358974359 63
1646658745640 99.45913461538461 64
1646658750350 99.39903846153847 65
1646658755057 99.63942307692308 66
1646658759765 99.61939102564102 67
1646658765854 99.47916666666667 68
1646658770558 99.61939102564102 69
1646658775262 99.51923076923077 70
1646658779967 99.65945512820512 71
1646658784672 99.65945512820512 72
1646658789380 99.63942307692308 73
1646658794087 99.57932692307692 74
1646658798796 99.59935897435898 75
1646658803502 99.55929487179488 76
1646658808214 99.67948717948718 77
1646658812922 99.81971153846153 78
1646658817631 99.63942307692308 79
1646658822341 99.59935897435898 80
1646658827054 99.77964743589743 81
1646658831764 99.81971153846153 82
1646658836475 99.85977564102564 83
1646658841186 99.73958333333333 84
1646658845898 99.77964743589743 85
1646658850613 99.69951923076923 86
1646658855326 99.77964743589743 87
1646658860040 99.77964743589743 88
1646658864754 99.85977564102564 89
1646658869469 99.75961538461539 90
1646658874184 99.77964743589743 91
1646658878899 99.79967948717949 92
1646658883611 99.8798076923077 93
1646658888328 99.9198717948718 94
1646658893038 99.83974358974359 95
1646658897752 99.85977564102564 96
1646658902465 99.81971153846153 97
1646658907178 99.8798076923077 98
1646658911891 99.79967948717949 99
