1646526132886 0 0
1646526154513 8.136160714285714 1
1646526176246 11.09375 2
1646526198505 17.511160714285715 3
1646526220287 21.25 4
1646526242058 22.712053571428573 5
1646526263849 28.158482142857142 6
1646526285640 29.397321428571427 7
1646526307436 30.279017857142858 8
1646526329233 31.5625 9
1646526349689 31.5625 10
1646526371498 33.917410714285715 11
1646526391950 33.917410714285715 12
1646526413758 34.095982142857146 13
1646526435565 35.066964285714285 14
1646526456013 35.066964285714285 15
1646526477813 36.953125 16
1646526498260 36.953125 17
1646526518705 36.953125 18
1646526539152 36.953125 19
1646526559600 36.953125 20
1646526580048 36.953125 21
1646526600495 36.953125 22
1646526620939 36.953125 23
1646526641386 36.953125 24
1646526661837 36.953125 25
1646526682288 36.953125 26
1646526702737 36.953125 27
1646526723195 36.953125 28
1646526743649 36.953125 29
1646526764105 36.953125 30
1646526784549 36.953125 31
1646526805001 36.953125 32
1646526825453 36.953125 33
1646526845898 36.953125 34
1646526866344 36.953125 35
1646526886795 36.953125 36
1646526907238 36.953125 37
1646526927683 36.953125 38
1646526948134 36.953125 39
1646526968584 36.953125 40
1646526989036 36.953125 41
1646527009757 36.953125 42
1646527030207 36.953125 43
1646527050659 36.953125 44
1646527071113 36.953125 45
1646527091564 36.953125 46
1646527112013 36.953125 47
1646527132457 36.953125 48
1646527152905 36.953125 49
1646527173356 36.953125 50
1646527193804 36.953125 51
1646527214253 36.953125 52
1646527234696 36.953125 53
1646527255146 36.953125 54
1646527275590 36.953125 55
1646527296033 36.953125 56
1646527316485 36.953125 57
1646527336934 36.953125 58
1646527357383 36.953125 59
1646527377838 36.953125 60
1646527398290 36.953125 61
1646527418743 36.953125 62
1646527439193 36.953125 63
1646527459641 36.953125 64
1646527480090 36.953125 65
1646527500547 36.953125 66
1646527521004 36.953125 67
1646527541460 36.953125 68
1646527561918 36.953125 69
1646527582375 36.953125 70
1646527602829 36.953125 71
1646527623283 36.953125 72
1646527643737 36.953125 73
1646527664191 36.953125 74
1646527684644 36.953125 75
1646527705095 36.953125 76
1646527725546 36.953125 77
1646527745984 36.953125 78
1646527766427 36.953125 79
1646527786877 36.953125 80
1646527807325 36.953125 81
1646527827774 36.953125 82
1646527848230 36.953125 83
1646527868684 36.953125 84
1646527889136 36.953125 85
1646527909589 36.953125 86
1646527930043 36.953125 87
1646527950498 36.953125 88
1646527970944 36.953125 89
1646527991392 36.953125 90
1646528011843 36.953125 91
1646528032291 36.953125 92
1646528052733 36.953125 93
1646528073184 36.953125 94
1646528093634 36.953125 95
1646528114084 36.953125 96
1646528134534 36.953125 97
1646528154979 36.953125 98
1646528175427 36.953125 99
