1646526132870 0.001 0
1646526154503 0.001 1
1646526176235 0.001 2
1646526198494 0.001 3
1646526220275 0.001 4
1646526242046 0.001 5
1646526263836 0.001 6
1646526285629 0.001 7
1646526307424 0.001 8
1646526329221 0.001 9
1646526349677 0.001 10
1646526371485 0.001 11
1646526391935 0.001 12
1646526413745 0.001 13
1646526435552 0.001 14
1646526455999 0.001 15
1646526477801 0.001 16
1646526498248 0.001 17
1646526518691 0.001 18
1646526539138 0.001 19
1646526559588 0.0005 20
1646526580037 0.0005 21
1646526600486 0.0005 22
1646526620929 0.0005 23
1646526641375 0.0005 24
1646526661826 0.0005 25
1646526682277 0.0005 26
1646526702724 0.0005 27
1646526723182 0.0005 28
1646526743637 0.0005 29
1646526764092 0.0005 30
1646526784537 0.0005 31
1646526804988 0.0005 32
1646526825440 0.0005 33
1646526845887 0.0005 34
1646526866333 0.0005 35
1646526886782 0.0005 36
1646526907226 0.0005 37
1646526927671 0.0005 38
1646526948123 0.0005 39
1646526968573 0.00025 40
1646526989023 0.00025 41
1646527009746 0.00025 42
1646527030194 0.00025 43
1646527050646 0.00025 44
1646527071100 0.00025 45
1646527091551 0.00025 46
1646527111999 0.00025 47
1646527132443 0.00025 48
1646527152890 0.00025 49
1646527173342 0.00025 50
1646527193791 0.00025 51
1646527214239 0.00025 52
1646527234684 0.00025 53
1646527255132 0.00025 54
1646527275578 0.00025 55
1646527296021 0.00025 56
1646527316472 0.00025 57
1646527336920 0.00025 58
1646527357370 0.00025 59
1646527377824 0.000125 60
1646527398277 0.000125 61
1646527418729 0.000125 62
1646527439180 0.000125 63
1646527459628 0.000125 64
1646527480076 0.000125 65
1646527500533 0.000125 66
1646527520990 0.000125 67
1646527541447 0.000125 68
1646527561905 0.000125 69
1646527582363 0.000125 70
1646527602816 0.000125 71
1646527623268 0.000125 72
1646527643724 0.000125 73
1646527664177 0.000125 74
1646527684630 0.000125 75
1646527705082 0.000125 76
1646527725534 0.000125 77
1646527745971 0.000125 78
1646527766414 0.000125 79
1646527786862 6.25e-05 80
1646527807311 6.25e-05 81
1646527827761 6.25e-05 82
1646527848217 6.25e-05 83
1646527868670 6.25e-05 84
1646527889121 6.25e-05 85
1646527909575 6.25e-05 86
1646527930029 6.25e-05 87
1646527950486 6.25e-05 88
1646527970931 6.25e-05 89
1646527991378 6.25e-05 90
1646528011829 6.25e-05 91
1646528032278 6.25e-05 92
1646528052719 6.25e-05 93
1646528073170 6.25e-05 94
1646528093621 6.25e-05 95
1646528114070 6.25e-05 96
1646528134519 6.25e-05 97
1646528154966 6.25e-05 98
1646528175415 6.25e-05 99
