1646526132874 9.41841944941768 0
1646526154506 2.5525369820771395 1
1646526176238 2.1054515684092485 2
1646526198497 1.8141440660865218 3
1646526220278 1.636667913860745 4
1646526242049 1.4905903692598697 5
1646526263839 1.3621329643108226 6
1646526285632 1.260833693875207 7
1646526307427 1.1666025982962713 8
1646526329225 1.075331292770527 9
1646526349681 0.9846025628072245 10
1646526371489 0.8902217469833515 11
1646526391939 0.8189924204791034 12
1646526413748 0.7541001930280968 13
1646526435555 0.695938828918669 14
1646526456003 0.635561058918635 15
1646526477804 0.5863488691824453 16
1646526498251 0.5221878444706952 17
1646526518695 0.46673915066100935 18
1646526539141 0.41379377080334556 19
1646526559591 0.3319009785298948 20
1646526580041 0.28502437720696133 21
1646526600489 0.26455317934354144 22
1646526620932 0.2494442711273829 23
1646526641377 0.23786896963914236 24
1646526661829 0.22128285771166836 25
1646526682280 0.19719595738031245 26
1646526702728 0.18765106907597295 27
1646526723185 0.17056577818261254 28
1646526743640 0.15180332958698273 29
1646526764095 0.1512908354677536 30
1646526784541 0.14036181362138855 31
1646526804992 0.13596190967493588 32
1646526825443 0.12256552720511402 33
1646526845890 0.11258440657898232 34
1646526866336 0.10876079952275311 35
1646526886786 0.1043138627514795 36
1646526907229 0.10233716087208854 37
1646526927674 0.09299899430738555 38
1646526948126 0.08626012773149544 39
1646526968576 0.06737186714868855 40
1646526989026 0.05384340802966445 41
1646527009749 0.051022344510312435 42
1646527030197 0.05377309024333954 43
1646527050649 0.052245852158025456 44
1646527071103 0.05253880129506191 45
1646527091554 0.05057890916726104 46
1646527112002 0.04636102383611379 47
1646527132447 0.050950438577543805 48
1646527152894 0.045247423324596 49
1646527173345 0.04177547553209243 50
1646527193794 0.03778948393408899 51
1646527214243 0.03653438096107156 52
1646527234687 0.04021900112706202 53
1646527255136 0.040791883098858374 54
1646527275581 0.0420276521946545 55
1646527296024 0.04064480298095279 56
1646527316475 0.03718180114541341 57
1646527336923 0.03462039327455892 58
1646527357373 0.043423483044736914 59
1646527377827 0.02806520165392646 60
1646527398280 0.02718742959270323 61
1646527418732 0.02506658864311046 62
1646527439183 0.025263910854442254 63
1646527459631 0.02642889684756045 64
1646527480079 0.024982474019957915 65
1646527500536 0.0226286127301002 66
1646527520993 0.019806722851677075 67
1646527541450 0.020257834172635165 68
1646527561908 0.023655029048246366 69
1646527582366 0.019637153190733107 70
1646527602819 0.020014744010512477 71
1646527623271 0.02238110880608912 72
1646527643727 0.022418717922711814 73
1646527664181 0.02049780545618247 74
1646527684633 0.021066651282901014 75
1646527705085 0.0209960819704941 76
1646527725538 0.02151108332219775 77
1646527745975 0.02061534843718012 78
1646527766417 0.02060187018165986 79
1646527786865 0.019570183733271226 80
1646527807315 0.015172772851117232 81
1646527827764 0.017148168999011868 82
1646527848221 0.015257169294205529 83
1646527868673 0.012170670700638934 84
1646527889126 0.013335872622620728 85
1646527909579 0.014055793182234521 86
1646527930033 0.014089833306907504 87
1646527950489 0.014159177059169721 88
1646527970934 0.015088062388477501 89
1646527991381 0.014417146617132757 90
1646528011833 0.013236542223711257 91
1646528032281 0.013434443510723886 92
1646528052723 0.012228357165844904 93
1646528073173 0.013418405911781721 94
1646528093625 0.014614118375229064 95
1646528114074 0.015413625976415697 96
1646528134523 0.015698172203782532 97
1646528154969 0.01579061990465831 98
1646528175418 0.014256639776889372 99
