1646526132880 26.72164351851852 0
1646526154509 42.447916666666664 1
1646526176242 49.18981481481482 2
1646526198501 54.152199074074076 3
1646526220283 58.0005787037037 4
1646526242054 60.402199074074076 5
1646526263844 63.614004629629626 6
1646526285636 65.39351851851852 7
1646526307431 67.49131944444444 8
1646526329229 69.32870370370371 9
1646526349685 71.91840277777777 10
1646526371493 74.89872685185185 11
1646526391944 76.41782407407408 12
1646526413753 78.22627314814815 13
1646526435560 79.44155092592592 14
1646526456008 81.6550925925926 15
1646526477809 82.60995370370371 16
1646526498255 85.21412037037037 17
1646526518701 86.83449074074075 18
1646526539146 88.46932870370371 19
1646526559595 91.56539351851852 20
1646526580044 92.91087962962963 21
1646526600492 93.44618055555556 22
1646526620936 94.24189814814815 23
1646526641381 94.21296296296296 24
1646526661833 94.67592592592592 25
1646526682284 95.67418981481481 26
1646526702733 95.76099537037037 27
1646526723191 96.45543981481481 28
1646526743644 96.77372685185185 29
1646526764101 96.67245370370371 30
1646526784545 96.94733796296296 31
1646526804997 96.91840277777777 32
1646526825449 97.59837962962963 33
1646526845894 97.61284722222223 34
1646526866341 97.69965277777777 35
1646526886790 97.85879629629629 36
1646526907234 97.77199074074075 37
1646526927679 98.23495370370371 38
1646526948130 98.35069444444444 39
1646526968581 98.74131944444444 40
1646526989032 99.11747685185185 41
1646527009753 99.2042824074074 42
1646527030203 99.00173611111111 43
1646527050654 99.11747685185185 44
1646527071108 99.00173611111111 45
1646527091559 99.03067129629629 46
1646527112007 99.14641203703704 47
1646527132452 98.98726851851852 48
1646527152899 99.16087962962963 49
1646527173351 99.21875 50
1646527193799 99.43576388888889 51
1646527214248 99.52256944444444 52
1646527234692 99.39236111111111 53
1646527255141 99.30555555555556 54
1646527275586 99.2042824074074 55
1646527296029 99.11747685185185 56
1646527316480 99.40682870370371 57
1646527336929 99.40682870370371 58
1646527357379 99.08854166666667 59
1646527377833 99.56597222222223 60
1646527398286 99.63831018518519 61
1646527418737 99.53703703703704 62
1646527439188 99.5949074074074 63
1646527459636 99.55150462962963 64
1646527480085 99.58043981481481 65
1646527500542 99.66724537037037 66
1646527520998 99.75405092592592 67
1646527541456 99.76851851851852 68
1646527561913 99.50810185185185 69
1646527582371 99.79745370370371 70
1646527602824 99.69618055555556 71
1646527623277 99.66724537037037 72
1646527643732 99.6238425925926 73
1646527664186 99.69618055555556 74
1646527684638 99.68171296296296 75
1646527705090 99.75405092592592 76
1646527725542 99.609375 77
1646527745980 99.73958333333333 78
1646527766422 99.6238425925926 79
1646527786870 99.66724537037037 80
1646527807320 99.86979166666667 81
1646527827769 99.69618055555556 82
1646527848225 99.76851851851852 83
1646527868679 99.89872685185185 84
1646527889132 99.85532407407408 85
1646527909584 99.82638888888889 86
1646527930038 99.85532407407408 87
1646527950494 99.82638888888889 88
1646527970939 99.71064814814815 89
1646527991386 99.85532407407408 90
1646528011838 99.84085648148148 91
1646528032286 99.82638888888889 92
1646528052729 99.91319444444444 93
1646528073179 99.78298611111111 94
1646528093629 99.75405092592592 95
1646528114079 99.71064814814815 96
1646528134529 99.72511574074075 97
1646528154974 99.76851851851852 98
1646528175423 99.84085648148148 99
