1646519568132 0 0
1646519590124 34.10326086956522 1
1646519612145 38.02649456521739 2
1646519634187 40.89673913043478 3
1646519653735 40.89673913043478 4
1646519673281 40.89673913043478 5
1646519692838 40.89673913043478 6
1646519713748 41.62703804347826 7
1646519733300 41.62703804347826 8
1646519752852 41.62703804347826 9
1646519772944 41.62703804347826 10
1646519793453 41.62703804347826 11
1646519813002 41.62703804347826 12
1646519832552 41.62703804347826 13
1646519852105 41.62703804347826 14
1646519871661 41.62703804347826 15
1646519891217 41.62703804347826 16
1646519910787 41.62703804347826 17
1646519930360 41.62703804347826 18
1646519949947 41.62703804347826 19
1646519969530 41.62703804347826 20
1646519989114 41.62703804347826 21
1646520008700 41.62703804347826 22
1646520028294 41.62703804347826 23
1646520047883 41.62703804347826 24
1646520067482 41.62703804347826 25
1646520087072 41.62703804347826 26
1646520106662 41.62703804347826 27
1646520126252 41.62703804347826 28
1646520145845 41.62703804347826 29
1646520165434 41.62703804347826 30
1646520185022 41.62703804347826 31
1646520204617 41.62703804347826 32
1646520224212 41.62703804347826 33
1646520243801 41.62703804347826 34
1646520263393 41.62703804347826 35
1646520282982 41.62703804347826 36
1646520302576 41.62703804347826 37
1646520322166 41.62703804347826 38
1646520341755 41.62703804347826 39
1646520361347 41.62703804347826 40
1646520380942 41.62703804347826 41
1646520400536 41.62703804347826 42
1646520420131 41.62703804347826 43
1646520439731 41.62703804347826 44
1646520459331 41.62703804347826 45
1646520478925 41.62703804347826 46
1646520498518 41.62703804347826 47
1646520518112 41.62703804347826 48
1646520537698 41.62703804347826 49
1646520557291 41.62703804347826 50
1646520576880 41.62703804347826 51
1646520596474 41.62703804347826 52
1646520616066 41.62703804347826 53
1646520635659 41.62703804347826 54
1646520655251 41.62703804347826 55
1646520674844 41.62703804347826 56
1646520694439 41.62703804347826 57
1646520714027 41.62703804347826 58
1646520733618 41.62703804347826 59
1646520753202 41.62703804347826 60
1646520772791 41.62703804347826 61
1646520792381 41.62703804347826 62
1646520811965 41.62703804347826 63
1646520831554 41.62703804347826 64
1646520851136 41.62703804347826 65
1646520870723 41.62703804347826 66
1646520890310 41.62703804347826 67
1646520909899 41.62703804347826 68
1646520929484 41.62703804347826 69
1646520949074 41.62703804347826 70
1646520968664 41.62703804347826 71
1646520988257 41.62703804347826 72
1646521007846 41.62703804347826 73
1646521027438 41.62703804347826 74
1646521047025 41.62703804347826 75
1646521066617 41.62703804347826 76
1646521086208 41.62703804347826 77
1646521105798 41.62703804347826 78
1646521125389 41.62703804347826 79
1646521144979 41.62703804347826 80
1646521164568 41.62703804347826 81
1646521184154 41.62703804347826 82
1646521203758 41.62703804347826 83
1646521223412 41.62703804347826 84
1646521243608 41.62703804347826 85
1646521263176 41.62703804347826 86
1646521282765 41.62703804347826 87
1646521302351 41.62703804347826 88
1646521321940 41.62703804347826 89
1646521341528 41.62703804347826 90
1646521361120 41.62703804347826 91
1646521380709 41.62703804347826 92
1646521400300 41.62703804347826 93
1646521419890 41.62703804347826 94
1646521439484 41.62703804347826 95
1646521459072 41.62703804347826 96
1646521478897 41.62703804347826 97
1646521498487 41.62703804347826 98
1646521518079 41.62703804347826 99
