1646519567085 0.001 0
1646519590114 0.001 1
1646519612134 0.001 2
1646519634174 0.001 3
1646519653723 0.001 4
1646519673271 0.001 5
1646519692828 0.001 6
1646519713738 0.001 7
1646519733289 0.001 8
1646519752841 0.001 9
1646519772395 0.001 10
1646519792490 0.001 11
1646519812991 0.001 12
1646519832540 0.001 13
1646519852093 0.001 14
1646519871649 0.001 15
1646519891205 0.001 16
1646519910776 0.001 17
1646519930350 0.001 18
1646519949934 0.001 19
1646519969520 0.0005 20
1646519989103 0.0005 21
1646520008689 0.0005 22
1646520028282 0.0005 23
1646520047872 0.0005 24
1646520067470 0.0005 25
1646520087061 0.0005 26
1646520106651 0.0005 27
1646520126241 0.0005 28
1646520145832 0.0005 29
1646520165423 0.0005 30
1646520185009 0.0005 31
1646520204605 0.0005 32
1646520224201 0.0005 33
1646520243790 0.0005 34
1646520263381 0.0005 35
1646520282970 0.0005 36
1646520302564 0.0005 37
1646520322154 0.0005 38
1646520341743 0.0005 39
1646520361336 0.00025 40
1646520380930 0.00025 41
1646520400525 0.00025 42
1646520420119 0.00025 43
1646520439713 0.00025 44
1646520459321 0.00025 45
1646520478913 0.00025 46
1646520498506 0.00025 47
1646520518100 0.00025 48
1646520537687 0.00025 49
1646520557278 0.00025 50
1646520576868 0.00025 51
1646520596462 0.00025 52
1646520616054 0.00025 53
1646520635647 0.00025 54
1646520655238 0.00025 55
1646520674832 0.00025 56
1646520694427 0.00025 57
1646520714015 0.00025 58
1646520733605 0.00025 59
1646520753191 0.000125 60
1646520772779 0.000125 61
1646520792367 0.000125 62
1646520811952 0.000125 63
1646520831539 0.000125 64
1646520851122 0.000125 65
1646520870709 0.000125 66
1646520890297 0.000125 67
1646520909886 0.000125 68
1646520929472 0.000125 69
1646520949061 0.000125 70
1646520968652 0.000125 71
1646520988245 0.000125 72
1646521007834 0.000125 73
1646521027426 0.000125 74
1646521047013 0.000125 75
1646521066603 0.000125 76
1646521086195 0.000125 77
1646521105785 0.000125 78
1646521125377 0.000125 79
1646521144967 6.25e-05 80
1646521164554 6.25e-05 81
1646521184142 6.25e-05 82
1646521203747 6.25e-05 83
1646521223401 6.25e-05 84
1646521243596 6.25e-05 85
1646521263164 6.25e-05 86
1646521282753 6.25e-05 87
1646521302340 6.25e-05 88
1646521321928 6.25e-05 89
1646521341516 6.25e-05 90
1646521361108 6.25e-05 91
1646521380697 6.25e-05 92
1646521400289 6.25e-05 93
1646521419878 6.25e-05 94
1646521439472 6.25e-05 95
1646521459061 6.25e-05 96
1646521478884 6.25e-05 97
1646521498474 6.25e-05 98
1646521518065 6.25e-05 99
