1646519567498 3.40979274113973 0
1646519590116 1.2978164575718067 1
1646519612137 1.0428385557951751 2
1646519634178 0.858100457323922 3
1646519653725 0.7418081098132663 4
1646519673274 0.5971371399031745 5
1646519692831 0.512639143400722 6
1646519713741 4.747578358760586 7
1646519733292 2.892205595970154 8
1646519752844 2.463380486876876 9
1646519772747 2.2446054970776594 10
1646519792919 2.0839997706589877 11
1646519812994 1.949132998784383 12
1646519832543 1.7987791807563216 13
1646519852096 1.6736365932005424 14
1646519871652 1.527674224641588 15
1646519891208 1.446677808408384 16
1646519910778 1.3391720012382224 17
1646519930352 1.229580541451772 18
1646519949938 1.1482962138122983 19
1646519969523 1.014518384580259 20
1646519989106 0.9519766359417526 21
1646520008692 0.9017791847387949 22
1646520028285 0.8558852562197933 23
1646520047875 0.8030808921213504 24
1646520067473 0.7629077048213394 25
1646520087064 0.7231056833708728 26
1646520106653 0.6884356030711422 27
1646520126244 0.6492440181749838 28
1646520145835 0.5983121185391037 29
1646520165425 0.5517464467772731 30
1646520185013 0.5178413242101669 31
1646520204608 0.49260571543817167 32
1646520224204 0.4624417319341942 33
1646520243793 0.44352819908548285 34
1646520263384 0.4221026141334463 35
1646520282973 0.38733981246197663 36
1646520302567 0.35582361701462006 37
1646520322157 0.3406600093951932 38
1646520341746 0.31913901975861303 39
1646520361339 0.2530587155509878 40
1646520380932 0.2380574776066674 41
1646520400528 0.23186976821334274 42
1646520420123 0.22394824676491595 43
1646520439716 0.21204001014983212 44
1646520459323 0.20764048176783104 45
1646520478916 0.19245983425665786 46
1646520498509 0.18473426459564102 47
1646520518103 0.18249103302756944 48
1646520537690 0.1720904153254297 49
1646520557281 0.17314831305433204 50
1646520576871 0.16951959318032972 51
1646520596464 0.16772134063972366 52
1646520616057 0.1706078293974753 53
1646520635650 0.1582832475779233 54
1646520655242 0.1518409250787011 55
1646520674835 0.14584597807239602 56
1646520694430 0.13782302800703933 57
1646520714018 0.14432868554636283 58
1646520733608 0.13156946320776586 59
1646520753194 0.11549026795007565 60
1646520772781 0.10436572679490955 61
1646520792371 0.10100850138675284 62
1646520811955 0.10206996035520677 63
1646520831542 0.09324426210864827 64
1646520851125 0.09181757850779428 65
1646520870712 0.0927452487802064 66
1646520890300 0.08789785620239046 67
1646520909889 0.08263758300907081 68
1646520929475 0.08550826439427005 69
1646520949064 0.09290073860298705 70
1646520968655 0.08117233244357286 71
1646520988248 0.08971690910833853 72
1646521007837 0.08501177018991223 73
1646521027428 0.07869497072641496 74
1646521047016 0.08073657840766289 75
1646521066607 0.08208697599669297 76
1646521086198 0.07691050934846755 77
1646521105788 0.07529832602099136 78
1646521125380 0.07266098595465775 79
1646521144970 0.0708933745821317 80
1646521164557 0.060822368771941575 81
1646521184145 0.05989094789105433 82
1646521203750 0.06067450703294189 83
1646521223404 0.05646117231636136 84
1646521243599 0.05404775782867714 85
1646521263167 0.05418071161127753 86
1646521282756 0.05814319045317394 87
1646521302343 0.055940787480385216 88
1646521321931 0.055861510784813655 89
1646521341520 0.05223358591535577 90
1646521361112 0.04962511110567936 91
1646521380700 0.0517617950077962 92
1646521400291 0.05705516944052996 93
1646521419881 0.05165607316626443 94
1646521439475 0.04525579556960751 95
1646521459064 0.05214859441750579 96
1646521478887 0.0451894432168316 97
1646521498477 0.04611739619738526 98
1646521518069 0.044406951715548836 99
