1646519568126 37.991898148148145 0
1646519590120 62.34085648148148 1
1646519612141 68.93807870370371 2
1646519634183 72.77199074074075 3
1646519653730 76.25868055555556 4
1646519673278 80.70023148148148 5
1646519692835 82.8269675925926 6
1646519713745 29.84664351851852 7
1646519733296 32.88483796296296 8
1646519752848 39.42418981481482 9
1646519772939 42.14409722222222 10
1646519793447 45.847800925925924 11
1646519812998 47.35243055555556 12
1646519832548 50.5931712962963 13
1646519852100 54.06539351851852 14
1646519871656 56.56828703703704 15
1646519891212 58.492476851851855 16
1646519910782 61.1255787037037 17
1646519930356 63.8744212962963 18
1646519949943 65.42245370370371 19
1646519969527 69.1261574074074 20
1646519989110 70.83333333333333 21
1646520008696 72.41030092592592 22
1646520028290 73.33622685185185 23
1646520047879 75.52083333333333 24
1646520067477 75.62210648148148 25
1646520087068 77.47395833333333 26
1646520106658 78.64583333333333 27
1646520126248 79.51388888888889 28
1646520145839 81.17766203703704 29
1646520165430 82.52314814814815 30
1646520185017 83.89756944444444 31
1646520204613 84.51967592592592 32
1646520224208 85.80729166666667 33
1646520243797 86.25578703703704 34
1646520263388 86.7042824074074 35
1646520282978 87.8761574074074 36
1646520302572 89.27951388888889 37
1646520322162 89.64120370370371 38
1646520341751 90.36458333333333 39
1646520361343 92.89641203703704 40
1646520380937 93.38831018518519 41
1646520400532 93.48958333333333 42
1646520420127 93.99594907407408 43
1646520439721 94.27083333333333 44
1646520459327 94.5167824074074 45
1646520478921 94.70486111111111 46
1646520498513 95.08101851851852 47
1646520518108 95.13888888888889 48
1646520537694 95.38483796296296 49
1646520557286 95.44270833333333 50
1646520576875 94.96527777777777 51
1646520596469 95.39930555555556 52
1646520616061 95.13888888888889 53
1646520635654 95.50057870370371 54
1646520655247 95.80439814814815 55
1646520674839 96.09375 56
1646520694435 96.26736111111111 57
1646520714022 95.6886574074074 58
1646520733613 96.33969907407408 59
1646520753198 96.90393518518519 60
1646520772785 97.35243055555556 61
1646520792376 97.39583333333333 62
1646520811960 97.39583333333333 63
1646520831548 97.72858796296296 64
1646520851131 97.72858796296296 65
1646520870718 97.54050925925925 66
1646520890306 97.72858796296296 67
1646520909894 98.20601851851852 68
1646520929480 97.69965277777777 69
1646520949069 97.43923611111111 70
1646520968660 98.0324074074074 71
1646520988253 97.59837962962963 72
1646521007842 97.77199074074075 73
1646521027433 98.11921296296296 74
1646521047021 97.84432870370371 75
1646521066612 97.74305555555556 76
1646521086203 98.22048611111111 77
1646521105793 98.0613425925926 78
1646521125384 98.35069444444444 79
1646521144974 98.26388888888889 80
1646521164562 98.71238425925925 81
1646521184150 98.4230324074074 82
1646521203754 98.39409722222223 83
1646521223408 98.77025462962963 84
1646521243604 98.8425925925926 85
1646521263172 98.69791666666667 86
1646521282761 98.50983796296296 87
1646521302347 98.56770833333333 88
1646521321935 98.52430555555556 89
1646521341524 98.77025462962963 90
1646521361116 98.90046296296296 91
1646521380704 98.8425925925926 92
1646521400296 98.56770833333333 93
1646521419886 98.75578703703704 94
1646521439480 98.92939814814815 95
1646521459068 98.56770833333333 96
1646521478892 98.91493055555556 97
1646521498482 99.04513888888889 98
1646521518073 98.95833333333333 99
