1646513688336 0 0
1646513708820 36.99048913043478 1
1646513729473 51.5625 2
1646513751253 52.78532608695652 3
1646513771021 56.99728260869565 4
1646513790804 57.16711956521739 5
1646513810592 57.20108695652174 6
1646513830387 60.59782608695652 7
1646513849227 60.59782608695652 8
1646513868136 60.59782608695652 9
1646513887058 60.59782608695652 10
1646513906015 60.59782608695652 11
1646513924976 60.59782608695652 12
1646513943959 60.59782608695652 13
1646513962951 60.59782608695652 14
1646513981953 60.59782608695652 15
1646514000964 60.59782608695652 16
1646514020001 60.59782608695652 17
1646514039029 60.59782608695652 18
1646514058917 60.59782608695652 19
1646514077953 60.59782608695652 20
1646514096967 60.59782608695652 21
1646514116016 60.59782608695652 22
1646514135062 60.59782608695652 23
1646514154111 60.59782608695652 24
1646514173154 60.59782608695652 25
1646514192206 60.59782608695652 26
1646514211263 60.59782608695652 27
1646514230337 60.59782608695652 28
1646514249391 60.59782608695652 29
1646514268450 60.59782608695652 30
1646514287498 60.59782608695652 31
1646514306558 60.59782608695652 32
1646514325643 60.59782608695652 33
1646514344718 60.59782608695652 34
1646514363789 60.59782608695652 35
1646514382852 60.59782608695652 36
1646514401923 60.59782608695652 37
1646514420992 60.59782608695652 38
1646514440070 60.59782608695652 39
1646514459156 60.59782608695652 40
1646514478239 60.59782608695652 41
1646514497319 60.59782608695652 42
1646514516395 60.59782608695652 43
1646514535489 60.59782608695652 44
1646514554553 60.59782608695652 45
1646514573632 60.59782608695652 46
1646514592707 60.59782608695652 47
1646514611772 60.59782608695652 48
1646514630865 60.59782608695652 49
1646514649938 60.59782608695652 50
1646514669024 60.59782608695652 51
1646514688100 60.59782608695652 52
1646514707182 60.59782608695652 53
1646514726239 60.59782608695652 54
1646514745309 60.59782608695652 55
1646514764371 60.59782608695652 56
1646514783446 60.59782608695652 57
1646514802507 60.59782608695652 58
1646514821584 60.59782608695652 59
1646514840657 60.59782608695652 60
1646514859706 60.59782608695652 61
1646514878754 60.59782608695652 62
1646514897811 60.59782608695652 63
1646514916848 60.59782608695652 64
1646514935901 60.59782608695652 65
1646514954960 60.59782608695652 66
1646514974007 60.59782608695652 67
1646514993026 60.59782608695652 68
1646515012069 60.59782608695652 69
1646515031126 60.59782608695652 70
1646515050192 60.59782608695652 71
1646515069233 60.59782608695652 72
1646515088316 60.59782608695652 73
1646515107358 60.59782608695652 74
1646515126432 60.59782608695652 75
1646515145522 60.59782608695652 76
1646515164577 60.59782608695652 77
1646515183644 60.59782608695652 78
1646515202737 60.59782608695652 79
1646515221809 60.59782608695652 80
1646515240884 60.59782608695652 81
1646515259946 60.59782608695652 82
1646515279021 60.59782608695652 83
1646515298080 60.59782608695652 84
1646515317149 60.59782608695652 85
1646515336211 60.59782608695652 86
1646515355279 60.59782608695652 87
1646515374339 60.59782608695652 88
1646515393418 60.59782608695652 89
1646515412487 60.59782608695652 90
1646515431506 60.59782608695652 91
1646515450469 60.59782608695652 92
1646515469370 60.59782608695652 93
1646515488212 60.59782608695652 94
1646515507026 60.59782608695652 95
1646515525827 60.59782608695652 96
1646515544631 60.59782608695652 97
1646515563401 60.59782608695652 98
1646515582150 60.59782608695652 99
