1646513687741 0.001 0
1646513708810 0.001 1
1646513729464 0.001 2
1646513750159 0.001 3
1646513771009 0.001 4
1646513790792 0.001 5
1646513810579 0.001 6
1646513830376 0.001 7
1646513849215 0.001 8
1646513868124 0.001 9
1646513887046 0.001 10
1646513906003 0.001 11
1646513924964 0.001 12
1646513943946 0.001 13
1646513962937 0.001 14
1646513981941 0.001 15
1646514000951 0.001 16
1646514019989 0.001 17
1646514039016 0.001 18
1646514058041 0.001 19
1646514077941 0.0005 20
1646514096957 0.0005 21
1646514116003 0.0005 22
1646514135049 0.0005 23
1646514154099 0.0005 24
1646514173142 0.0005 25
1646514192193 0.0005 26
1646514211251 0.0005 27
1646514230324 0.0005 28
1646514249379 0.0005 29
1646514268438 0.0005 30
1646514287485 0.0005 31
1646514306543 0.0005 32
1646514325632 0.0005 33
1646514344704 0.0005 34
1646514363777 0.0005 35
1646514382838 0.0005 36
1646514401910 0.0005 37
1646514420979 0.0005 38
1646514440060 0.0005 39
1646514459146 0.00025 40
1646514478227 0.00025 41
1646514497308 0.00025 42
1646514516383 0.00025 43
1646514535476 0.00025 44
1646514554542 0.00025 45
1646514573619 0.00025 46
1646514592695 0.00025 47
1646514611762 0.00025 48
1646514630855 0.00025 49
1646514649926 0.00025 50
1646514669009 0.00025 51
1646514688089 0.00025 52
1646514707171 0.00025 53
1646514726227 0.00025 54
1646514745298 0.00025 55
1646514764361 0.00025 56
1646514783434 0.00025 57
1646514802495 0.00025 58
1646514821573 0.00025 59
1646514840645 0.000125 60
1646514859695 0.000125 61
1646514878742 0.000125 62
1646514897799 0.000125 63
1646514916836 0.000125 64
1646514935889 0.000125 65
1646514954948 0.000125 66
1646514973995 0.000125 67
1646514993015 0.000125 68
1646515012057 0.000125 69
1646515031114 0.000125 70
1646515050180 0.000125 71
1646515069222 0.000125 72
1646515088305 0.000125 73
1646515107345 0.000125 74
1646515126420 0.000125 75
1646515145508 0.000125 76
1646515164564 0.000125 77
1646515183632 0.000125 78
1646515202724 0.000125 79
1646515221796 6.25e-05 80
1646515240870 6.25e-05 81
1646515259934 6.25e-05 82
1646515279006 6.25e-05 83
1646515298066 6.25e-05 84
1646515317136 6.25e-05 85
1646515336199 6.25e-05 86
1646515355266 6.25e-05 87
1646515374325 6.25e-05 88
1646515393406 6.25e-05 89
1646515412474 6.25e-05 90
1646515431492 6.25e-05 91
1646515450454 6.25e-05 92
1646515469355 6.25e-05 93
1646515488198 6.25e-05 94
1646515507012 6.25e-05 95
1646515525814 6.25e-05 96
1646515544616 6.25e-05 97
1646515563387 6.25e-05 98
1646515582137 6.25e-05 99
