1646513688187 4.836725638972388 0
1646513708812 1.627378311422136 1
1646513729467 1.186359143919415 2
1646513750584 0.9471032972689029 3
1646513771012 0.7944032571933888 4
1646513790795 0.6681042650231609 5
1646513810583 0.5835422271931613 6
1646513830379 0.5086980208202645 7
1646513849218 0.47641257058691094 8
1646513868127 0.426221227756253 9
1646513887049 0.3842176952295833 10
1646513906006 0.338380198235865 11
1646513924967 0.29740451607439256 12
1646513943949 0.29255536253805514 13
1646513962941 0.28428457456606404 14
1646513981944 0.25557598582020513 15
1646514000955 0.23324756738212374 16
1646514019992 0.2293631241277412 17
1646514039019 0.22342125050447606 18
1646514058393 0.19666553578442997 19
1646514077944 0.12661173374012666 20
1646514096959 0.09248641519634812 21
1646514116006 0.0814306832574032 22
1646514135052 0.0704699681588897 23
1646514154102 0.0652581638208142 24
1646514173145 0.058930698678725295 25
1646514192197 0.05345141014981049 26
1646514211254 0.05490854886119013 27
1646514230327 0.055081796625422105 28
1646514249382 0.05257133494510695 29
1646514268441 0.04574996608964823 30
1646514287488 0.051045323394376924 31
1646514306546 0.05665624960912047 32
1646514325634 0.04509207561474155 33
1646514344707 0.048681572528073085 34
1646514363781 0.04757568222918996 35
1646514382841 0.05281992299758174 36
1646514401913 0.056529502694805465 37
1646514420983 0.054418498926140646 38
1646514440063 0.05374486116623437 39
1646514459149 0.030215553275343997 40
1646514478230 0.023193096802397457 41
1646514497311 0.020056532299215044 42
1646514516386 0.018094201951667114 43
1646514535479 0.01764046001524009 44
1646514554545 0.01724147267156729 45
1646514573623 0.015245602000504732 46
1646514592698 0.014486573994401153 47
1646514611765 0.015919798648812704 48
1646514630857 0.014196861035156029 49
1646514649929 0.01293067131795127 50
1646514669012 0.013313146713362247 51
1646514688091 0.01544615443088804 52
1646514707174 0.015567279235390877 53
1646514726230 0.013141292569882891 54
1646514745301 0.009557549156145088 55
1646514764363 0.013533201547236078 56
1646514783437 0.015375031688664522 57
1646514802498 0.017053396768729995 58
1646514821576 0.01374388619808963 59
1646514840648 0.010674515889992041 60
1646514859698 0.007948088722682937 61
1646514878745 0.007604937000131166 62
1646514897802 0.008294352494111215 63
1646514916839 0.006565261593398948 64
1646514935892 0.007144379621388874 65
1646514954951 0.00802104585993759 66
1646514973998 0.0060830435788914285 67
1646514993017 0.006810624124396041 68
1646515012060 0.005769795246629251 69
1646515031117 0.006346897933528655 70
1646515050183 0.006464556892212757 71
1646515069224 0.006431668212085411 72
1646515088308 0.0061823191655868736 73
1646515107348 0.006834264486786668 74
1646515126423 0.006863424888622292 75
1646515145511 0.005610006923908023 76
1646515164567 0.006043641502468812 77
1646515183635 0.005971393457406925 78
1646515202727 0.005418413290667727 79
1646515221799 0.005345174189036091 80
1646515240873 0.005314661562873947 81
1646515259937 0.004141068224001814 82
1646515279010 0.0037792279402276982 83
1646515298070 0.003504189593648469 84
1646515317140 0.00418550225893139 85
1646515336202 0.0043161641396754595 86
1646515355270 0.004459152711745075 87
1646515374329 0.004298123579549913 88
1646515393409 0.004213722324628314 89
1646515412477 0.003752199633271192 90
1646515431495 0.002985841175325698 91
1646515450458 0.0037802349446186176 92
1646515469359 0.004119495103454769 93
1646515488202 0.003248861114520373 94
1646515507015 0.004077382758690941 95
1646515525817 0.0031572028227081455 96
1646515544620 0.0034144387582610188 97
1646515563391 0.004426405378143062 98
1646515582141 0.0038600258973289143 99
