1646513688332 25.17361111111111 0
1646513708816 53.03819444444444 1
1646513729470 63.8744212962963 2
1646513751248 70.3269675925926 3
1646513771017 74.53703703703704 4
1646513790799 78.61689814814815 5
1646513810588 81.14872685185185 6
1646513830383 83.66608796296296 7
1646513849222 84.56307870370371 8
1646513868132 86.3425925925926 9
1646513887054 87.31192129629629 10
1646513906011 89.25057870370371 11
1646513924972 90.234375 12
1646513943954 90.56712962962963 13
1646513962946 91.16030092592592 14
1646513981949 92.05729166666667 15
1646514000960 92.578125 16
1646514019997 92.60706018518519 17
1646514039024 92.73726851851852 18
1646514058909 93.7355324074074 19
1646514077949 96.13715277777777 20
1646514096963 97.51157407407408 21
1646514116012 97.75752314814815 22
1646514135057 98.0324074074074 23
1646514154107 98.29282407407408 24
1646514173150 98.68344907407408 25
1646514192201 98.61111111111111 26
1646514211259 98.53877314814815 27
1646514230332 98.58217592592592 28
1646514249387 98.56770833333333 29
1646514268446 98.87152777777777 30
1646514287494 98.65451388888889 31
1646514306552 98.37962962962963 32
1646514325639 98.75578703703704 33
1646514344713 98.75578703703704 34
1646514363785 98.85706018518519 35
1646514382847 98.55324074074075 36
1646514401919 98.36516203703704 37
1646514420988 98.49537037037037 38
1646514440067 98.46643518518519 39
1646514459153 99.26215277777777 40
1646514478234 99.45023148148148 41
1646514497315 99.65277777777777 42
1646514516391 99.75405092592592 43
1646514535484 99.609375 44
1646514554549 99.53703703703704 45
1646514573628 99.68171296296296 46
1646514592703 99.69618055555556 47
1646514611769 99.5949074074074 48
1646514630861 99.76851851851852 49
1646514649933 99.78298611111111 50
1646514669018 99.76851851851852 51
1646514688096 99.65277777777777 52
1646514707177 99.66724537037037 53
1646514726235 99.72511574074075 54
1646514745306 99.85532407407408 55
1646514764367 99.71064814814815 56
1646514783442 99.71064814814815 57
1646514802502 99.65277777777777 58
1646514821580 99.78298611111111 59
1646514840653 99.78298611111111 60
1646514859702 99.91319444444444 61
1646514878749 99.91319444444444 62
1646514897807 99.82638888888889 63
1646514916843 99.97106481481481 64
1646514935896 99.85532407407408 65
1646514954956 99.84085648148148 66
1646514974003 99.94212962962963 67
1646514993022 99.89872685185185 68
1646515012065 99.94212962962963 69
1646515031122 99.92766203703704 70
1646515050187 99.91319444444444 71
1646515069228 99.86979166666667 72
1646515088312 99.94212962962963 73
1646515107354 99.88425925925925 74
1646515126428 99.86979166666667 75
1646515145517 99.91319444444444 76
1646515164572 99.92766203703704 77
1646515183640 99.88425925925925 78
1646515202733 99.94212962962963 79
1646515221804 99.94212962962963 80
1646515240879 99.91319444444444 81
1646515259942 99.95659722222223 82
1646515279015 99.91319444444444 83
1646515298076 99.97106481481481 84
1646515317145 99.91319444444444 85
1646515336207 99.95659722222223 86
1646515355275 99.92766203703704 87
1646515374334 99.91319444444444 88
1646515393414 99.91319444444444 89
1646515412483 99.94212962962963 90
1646515431500 100.0 91
1646515450463 99.92766203703704 92
1646515469365 99.91319444444444 93
1646515488207 99.97106481481481 94
1646515507021 99.92766203703704 95
1646515525823 99.9855324074074 96
1646515544625 99.95659722222223 97
1646515563396 99.88425925925925 98
1646515582146 99.97106481481481 99
