1646512009793 0 0
1646512026478 25.78125 1
1646512043208 43.90625 2
1646512059933 48.802083333333336 3
1646512076656 54.270833333333336 4
1646512093371 55.677083333333336 5
1646512110080 61.354166666666664 6
1646512124579 61.354166666666664 7
1646512140372 62.604166666666664 8
1646512154936 62.604166666666664 9
1646512171815 64.27083333333333 10
1646512186370 64.27083333333333 11
1646512203213 64.47916666666667 12
1646512217806 64.47916666666667 13
1646512232399 64.47916666666667 14
1646512247011 64.47916666666667 15
1646512262860 65.0 16
1646512277499 65.0 17
1646512293339 65.57291666666667 18
1646512309194 67.76041666666667 19
1646512324873 67.76041666666667 20
1646512340688 70.0 21
1646512356024 70.0 22
1646512370654 70.0 23
1646512385286 70.0 24
1646512399931 70.0 25
1646512414840 70.0 26
1646512429472 70.0 27
1646512444111 70.0 28
1646512459602 70.0 29
1646512474230 70.0 30
1646512488878 70.0 31
1646512503508 70.0 32
1646512518153 70.0 33
1646512532790 70.0 34
1646512548667 71.19791666666667 35
1646512563305 71.19791666666667 36
1646512577962 71.19791666666667 37
1646512592608 71.19791666666667 38
1646512607273 71.19791666666667 39
1646512621939 71.19791666666667 40
1646512636596 71.19791666666667 41
1646512651267 71.19791666666667 42
1646512665925 71.19791666666667 43
1646512680593 71.19791666666667 44
1646512695255 71.19791666666667 45
1646512709931 71.19791666666667 46
1646512724990 71.19791666666667 47
1646512739635 71.19791666666667 48
1646512754300 71.19791666666667 49
1646512768957 71.19791666666667 50
1646512783616 71.19791666666667 51
1646512798841 71.19791666666667 52
1646512813484 71.19791666666667 53
1646512828139 71.19791666666667 54
1646512842805 71.19791666666667 55
1646512857458 71.19791666666667 56
1646512872125 71.19791666666667 57
1646512886786 71.19791666666667 58
1646512901437 71.19791666666667 59
1646512916087 71.19791666666667 60
1646512930757 71.19791666666667 61
1646512945406 71.19791666666667 62
1646512960063 71.19791666666667 63
1646512974712 71.19791666666667 64
1646512989368 71.19791666666667 65
1646513004026 71.19791666666667 66
1646513018676 71.19791666666667 67
1646513033324 71.19791666666667 68
1646513047995 71.19791666666667 69
1646513062650 71.19791666666667 70
1646513077317 71.19791666666667 71
1646513091974 71.19791666666667 72
1646513106627 71.19791666666667 73
1646513121282 71.19791666666667 74
1646513135949 71.19791666666667 75
1646513150609 71.19791666666667 76
1646513165259 71.19791666666667 77
1646513179937 71.19791666666667 78
1646513194599 71.19791666666667 79
1646513209262 71.19791666666667 80
1646513223930 71.19791666666667 81
1646513238599 71.19791666666667 82
1646513253266 71.19791666666667 83
1646513267920 71.19791666666667 84
1646513282586 71.19791666666667 85
1646513297241 71.19791666666667 86
1646513311913 71.19791666666667 87
1646513326569 71.19791666666667 88
1646513341233 71.19791666666667 89
1646513355886 71.19791666666667 90
1646513370550 71.19791666666667 91
1646513385193 71.19791666666667 92
1646513399840 71.19791666666667 93
1646513414499 71.19791666666667 94
1646513429163 71.19791666666667 95
1646513443832 71.19791666666667 96
1646513458476 71.19791666666667 97
1646513473148 71.19791666666667 98
1646513487819 71.19791666666667 99
