1646512009780 0.001 0
1646512026466 0.001 1
1646512043196 0.001 2
1646512059921 0.001 3
1646512076644 0.001 4
1646512093362 0.001 5
1646512110069 0.001 6
1646512124566 0.001 7
1646512140358 0.001 8
1646512154926 0.001 9
1646512171806 0.001 10
1646512186357 0.001 11
1646512203200 0.001 12
1646512217794 0.001 13
1646512232388 0.001 14
1646512246999 0.001 15
1646512262848 0.001 16
1646512277486 0.001 17
1646512293326 0.001 18
1646512309183 0.001 19
1646512323820 0.0005 20
1646512340676 0.0005 21
1646512355304 0.0005 22
1646512370643 0.0005 23
1646512385274 0.0005 24
1646512399919 0.0005 25
1646512414585 0.0005 26
1646512429462 0.0005 27
1646512444100 0.0005 28
1646512458750 0.0005 29
1646512474221 0.0005 30
1646512488867 0.0005 31
1646512503494 0.0005 32
1646512518144 0.0005 33
1646512532780 0.0005 34
1646512548659 0.0005 35
1646512563294 0.0005 36
1646512577952 0.0005 37
1646512592597 0.0005 38
1646512607261 0.0005 39
1646512621927 0.00025 40
1646512636584 0.00025 41
1646512651255 0.00025 42
1646512665913 0.00025 43
1646512680581 0.00025 44
1646512695242 0.00025 45
1646512709918 0.00025 46
1646512724578 0.00025 47
1646512739622 0.00025 48
1646512754287 0.00025 49
1646512768945 0.00025 50
1646512783604 0.00025 51
1646512798292 0.00025 52
1646512813474 0.00025 53
1646512828128 0.00025 54
1646512842792 0.00025 55
1646512857445 0.00025 56
1646512872113 0.00025 57
1646512886773 0.00025 58
1646512901423 0.00025 59
1646512916076 0.000125 60
1646512930745 0.000125 61
1646512945394 0.000125 62
1646512960050 0.000125 63
1646512974700 0.000125 64
1646512989356 0.000125 65
1646513004014 0.000125 66
1646513018664 0.000125 67
1646513033313 0.000125 68
1646513047982 0.000125 69
1646513062638 0.000125 70
1646513077305 0.000125 71
1646513091962 0.000125 72
1646513106615 0.000125 73
1646513121270 0.000125 74
1646513135937 0.000125 75
1646513150598 0.000125 76
1646513165248 0.000125 77
1646513179925 0.000125 78
1646513194586 0.000125 79
1646513209250 6.25e-05 80
1646513223918 6.25e-05 81
1646513238589 6.25e-05 82
1646513253254 6.25e-05 83
1646513267908 6.25e-05 84
1646513282572 6.25e-05 85
1646513297230 6.25e-05 86
1646513311904 6.25e-05 87
1646513326557 6.25e-05 88
1646513341222 6.25e-05 89
1646513355875 6.25e-05 90
1646513370538 6.25e-05 91
1646513385181 6.25e-05 92
1646513399828 6.25e-05 93
1646513414486 6.25e-05 94
1646513429151 6.25e-05 95
1646513443820 6.25e-05 96
1646513458464 6.25e-05 97
1646513473135 6.25e-05 98
1646513487807 6.25e-05 99
