1646512009783 8.610722537393924 0
1646512026470 2.1759037949420788 1
1646512043199 1.615899074960638 2
1646512059924 1.370886798258181 3
1646512076647 1.2077853282292683 4
1646512093364 1.09633959001965 5
1646512110072 1.0075979475621824 6
1646512124569 0.910905537781892 7
1646512140362 0.826987252191261 8
1646512154929 0.7515333195527395 9
1646512171809 0.7162739617957009 10
1646512186361 0.6670052784460562 11
1646512203204 0.6304162492354711 12
1646512217797 0.5744645176110444 13
1646512232391 0.5457051584014186 14
1646512247001 0.5002829046161087 15
1646512262850 0.48024976198320035 16
1646512277489 0.47274543565732463 17
1646512293329 0.42832469167532744 18
1646512309186 0.40295071127238097 19
1646512324211 0.2968170675966475 20
1646512340679 0.23970715949932733 21
1646512355692 0.22262593386349855 22
1646512370646 0.21073095541861322 23
1646512385277 0.1953180385408578 24
1646512399922 0.20448611869856162 25
1646512414816 0.18521407577726576 26
1646512429464 0.1831768534525677 27
1646512444103 0.15801288491045987 28
1646512459103 0.1723698893630946 29
1646512474224 0.17021948030149495 30
1646512488870 0.16526619662289266 31
1646512503498 0.1642208273212115 32
1646512518147 0.14980715278674056 33
1646512532782 0.14600450490359906 34
1646512548661 0.14244134744836223 35
1646512563297 0.1419525913618229 36
1646512577955 0.12827193433487857 37
1646512592600 0.12908647664719158 38
1646512607264 0.12430719355190242 39
1646512621930 0.08259645842567638 40
1646512636587 0.06191393346698196 41
1646512651258 0.04777657361356197 42
1646512665916 0.05026759700504718 43
1646512680584 0.04608961363771447 44
1646512695245 0.04418367958041253 45
1646512709921 0.04541469360184339 46
1646512724969 0.04058469840566869 47
1646512739625 0.04304208178763037 48
1646512754290 0.04760402630738638 49
1646512768948 0.03870971399117951 50
1646512783607 0.04219122293094794 51
1646512798680 0.04053389148234769 52
1646512813477 0.04259481650121786 53
1646512828131 0.04212578749974017 54
1646512842795 0.03549263231387293 55
1646512857448 0.033227660969175676 56
1646512872116 0.04272829665354005 57
1646512886777 0.04602232977265009 58
1646512901426 0.05204372568469909 59
1646512916078 0.03499149391427636 60
1646512930748 0.022469310684957437 61
1646512945397 0.022049259385783917 62
1646512960053 0.018913171064384556 63
1646512974703 0.01646818312022973 64
1646512989359 0.0199122359217317 65
1646513004017 0.016012787141975154 66
1646513018666 0.016972461585990258 67
1646513033316 0.01448338868148211 68
1646513047985 0.015450862313931188 69
1646513062641 0.013857798750029394 70
1646513077308 0.01434263931069937 71
1646513091965 0.012660721118596417 72
1646513106618 0.011380752777094367 73
1646513121273 0.018465069484793477 74
1646513135940 0.02199098233271528 75
1646513150601 0.01890769034313659 76
1646513165251 0.015197696431574446 77
1646513179928 0.016307209320883784 78
1646513194589 0.014737810637732898 79
1646513209253 0.014041599080276987 80
1646513223921 0.009666519744011262 81
1646513238592 0.011106823844817915 82
1646513253257 0.0076486440483239234 83
1646513267910 0.009695454888666669 84
1646513282575 0.009500655617254475 85
1646513297233 0.009102777631832632 86
1646513311906 0.010248018573124514 87
1646513326560 0.008930683321388508 88
1646513341225 0.011123822137489225 89
1646513355877 0.007698556190546326 90
1646513370541 0.007443826130367126 91
1646513385184 0.008764571971604946 92
1646513399831 0.007639024542489399 93
1646513414489 0.007480101418439989 94
1646513429154 0.008374243860426187 95
1646513443823 0.009293120375972378 96
1646513458467 0.006802160753135535 97
1646513473138 0.007760037547322335 98
1646513487810 0.007785013411194086 99
