1646512009788 16.710069444444443 0
1646512026474 32.97164351851852 1
1646512043203 45.58738425925926 2
1646512059928 53.7181712962963 3
1646512076652 58.55034722222222 4
1646512093368 62.38425925925926 5
1646512110076 65.52372685185185 6
1646512124574 68.86574074074075 7
1646512140366 71.51331018518519 8
1646512154933 74.73958333333333 9
1646512171812 75.70891203703704 10
1646512186365 76.9675925925926 11
1646512203209 78.25520833333333 12
1646512217802 80.0636574074074 13
1646512232395 81.25 14
1646512247006 82.85590277777777 15
1646512262855 83.27546296296296 16
1646512277494 83.83969907407408 17
1646512293335 85.44560185185185 18
1646512309190 86.08217592592592 19
1646512324867 90.03182870370371 20
1646512340684 92.40451388888889 21
1646512356019 92.24537037037037 22
1646512370650 92.93981481481481 23
1646512385281 93.50405092592592 24
1646512399927 93.25810185185185 25
1646512414836 93.86574074074075 26
1646512429468 93.7355324074074 27
1646512444107 94.79166666666667 28
1646512459597 93.98148148148148 29
1646512474227 94.1261574074074 30
1646512488874 94.44444444444444 31
1646512503504 94.40104166666667 32
1646512518150 94.9363425925926 33
1646512532786 95.13888888888889 34
1646512548664 95.09548611111111 35
1646512563301 95.19675925925925 36
1646512577958 95.51504629629629 37
1646512592604 95.67418981481481 38
1646512607269 95.90567129629629 39
1646512621935 97.13541666666667 40
1646512636592 98.17708333333333 41
1646512651262 98.77025462962963 42
1646512665921 98.59664351851852 43
1646512680589 98.61111111111111 44
1646512695250 98.79918981481481 45
1646512709926 98.72685185185185 46
1646512724985 98.85706018518519 47
1646512739631 98.64004629629629 48
1646512754295 98.24942129629629 49
1646512768953 98.828125 50
1646512783611 98.92939814814815 51
1646512798836 98.77025462962963 52
1646512813481 98.75578703703704 53
1646512828135 98.78472222222223 54
1646512842801 98.90046296296296 55
1646512857453 99.10300925925925 56
1646512872121 98.71238425925925 57
1646512886782 98.49537037037037 58
1646512901432 98.32175925925925 59
1646512916083 98.95833333333333 60
1646512930752 99.43576388888889 61
1646512945402 99.40682870370371 62
1646512960058 99.53703703703704 63
1646512974708 99.52256944444444 64
1646512989363 99.53703703703704 65
1646513004022 99.5949074074074 66
1646513018672 99.52256944444444 67
1646513033321 99.63831018518519 68
1646513047990 99.609375 69
1646513062646 99.71064814814815 70
1646513077313 99.6238425925926 71
1646513091970 99.73958333333333 72
1646513106623 99.78298611111111 73
1646513121278 99.49363425925925 74
1646513135945 99.49363425925925 75
1646513150605 99.40682870370371 76
1646513165256 99.66724537037037 77
1646513179933 99.49363425925925 78
1646513194594 99.5949074074074 79
1646513209258 99.6238425925926 80
1646513223926 99.78298611111111 81
1646513238596 99.72511574074075 82
1646513253262 99.86979166666667 83
1646513267916 99.76851851851852 84
1646513282581 99.75405092592592 85
1646513297236 99.82638888888889 86
1646513311909 99.73958333333333 87
1646513326564 99.72511574074075 88
1646513341229 99.69618055555556 89
1646513355882 99.85532407407408 90
1646513370546 99.82638888888889 91
1646513385189 99.79745370370371 92
1646513399836 99.79745370370371 93
1646513414494 99.82638888888889 94
1646513429158 99.75405092592592 95
1646513443828 99.79745370370371 96
1646513458472 99.85532407407408 97
1646513473143 99.85532407407408 98
1646513487815 99.76851851851852 99
