1646523821394 0 0
1646523846288 24.332157258064516 1
1646523869992 29.952116935483872 2
1646523892648 31.313004032258064 3
1646523914345 31.313004032258064 4
1646523936992 32.96370967741935 5
1646523958242 32.96370967741935 6
1646523980877 34.95463709677419 7
1646524002127 34.95463709677419 8
1646524023372 34.95463709677419 9
1646524045339 34.95463709677419 10
1646524066586 34.95463709677419 11
1646524087842 34.95463709677419 12
1646524109099 34.95463709677419 13
1646524130355 34.95463709677419 14
1646524151618 34.95463709677419 15
1646524172895 34.95463709677419 16
1646524194176 34.95463709677419 17
1646524215456 34.95463709677419 18
1646524236741 34.95463709677419 19
1646524258024 34.95463709677419 20
1646524279304 34.95463709677419 21
1646524300586 34.95463709677419 22
1646524321867 34.95463709677419 23
1646524343146 34.95463709677419 24
1646524364430 34.95463709677419 25
1646524385712 34.95463709677419 26
1646524406993 34.95463709677419 27
1646524429655 34.95463709677419 28
1646524451160 34.95463709677419 29
1646524472436 34.95463709677419 30
1646524493717 34.95463709677419 31
1646524514998 34.95463709677419 32
1646524536282 34.95463709677419 33
1646524557565 34.95463709677419 34
1646524578848 34.95463709677419 35
1646524600130 34.95463709677419 36
1646524621412 34.95463709677419 37
1646524642691 34.95463709677419 38
1646524663970 34.95463709677419 39
1646524685251 34.95463709677419 40
1646524706537 34.95463709677419 41
1646524727823 34.95463709677419 42
1646524749102 34.95463709677419 43
1646524770382 34.95463709677419 44
1646524791662 34.95463709677419 45
1646524812943 34.95463709677419 46
1646524834217 34.95463709677419 47
1646524855495 34.95463709677419 48
1646524876771 34.95463709677419 49
1646524898054 34.95463709677419 50
1646524919334 34.95463709677419 51
1646524940614 34.95463709677419 52
1646524961894 34.95463709677419 53
1646524983172 34.95463709677419 54
1646525004450 34.95463709677419 55
1646525025731 34.95463709677419 56
1646525047012 34.95463709677419 57
1646525068289 34.95463709677419 58
1646525089567 34.95463709677419 59
1646525110846 34.95463709677419 60
1646525132123 34.95463709677419 61
1646525153399 34.95463709677419 62
1646525174677 34.95463709677419 63
1646525195954 34.95463709677419 64
1646525217231 34.95463709677419 65
1646525238507 34.95463709677419 66
1646525259790 34.95463709677419 67
1646525281067 34.95463709677419 68
1646525302348 34.95463709677419 69
1646525323627 34.95463709677419 70
1646525344907 34.95463709677419 71
1646525366184 34.95463709677419 72
1646525387466 34.95463709677419 73
1646525408742 34.95463709677419 74
1646525430018 34.95463709677419 75
1646525451290 34.95463709677419 76
1646525472563 34.95463709677419 77
1646525493834 34.95463709677419 78
1646525515110 34.95463709677419 79
1646525536391 34.95463709677419 80
1646525557668 34.95463709677419 81
1646525578947 34.95463709677419 82
1646525600227 34.95463709677419 83
1646525621508 34.95463709677419 84
1646525642782 34.95463709677419 85
1646525664060 34.95463709677419 86
1646525685336 34.95463709677419 87
1646525706615 34.95463709677419 88
1646525727893 34.95463709677419 89
1646525749169 34.95463709677419 90
1646525770445 34.95463709677419 91
1646525791724 34.95463709677419 92
1646525812999 34.95463709677419 93
1646525834272 34.95463709677419 94
1646525855552 34.95463709677419 95
1646525876833 34.95463709677419 96
1646525898106 34.95463709677419 97
1646525919381 34.95463709677419 98
1646525940664 34.95463709677419 99
