1646523820339 0.001 0
1646523846275 0.001 1
1646523869981 0.001 2
1646523892636 0.001 3
1646523913884 0.001 4
1646523936979 0.001 5
1646523958229 0.001 6
1646523980866 0.001 7
1646524002117 0.001 8
1646524023362 0.001 9
1646524044609 0.001 10
1646524066576 0.001 11
1646524087831 0.001 12
1646524109086 0.001 13
1646524130343 0.001 14
1646524151604 0.001 15
1646524172884 0.001 16
1646524194163 0.001 17
1646524215443 0.001 18
1646524236729 0.001 19
1646524258013 0.0005 20
1646524279293 0.0005 21
1646524300575 0.0005 22
1646524321856 0.0005 23
1646524343135 0.0005 24
1646524364417 0.0005 25
1646524385698 0.0005 26
1646524406980 0.0005 27
1646524429641 0.0005 28
1646524451147 0.0005 29
1646524472423 0.0005 30
1646524493705 0.0005 31
1646524514986 0.0005 32
1646524536269 0.0005 33
1646524557552 0.0005 34
1646524578832 0.0005 35
1646524600118 0.0005 36
1646524621399 0.0005 37
1646524642678 0.0005 38
1646524663958 0.0005 39
1646524685239 0.00025 40
1646524706525 0.00025 41
1646524727811 0.00025 42
1646524749090 0.00025 43
1646524770370 0.00025 44
1646524791650 0.00025 45
1646524812932 0.00025 46
1646524834207 0.00025 47
1646524855484 0.00025 48
1646524876759 0.00025 49
1646524898042 0.00025 50
1646524919323 0.00025 51
1646524940604 0.00025 52
1646524961882 0.00025 53
1646524983160 0.00025 54
1646525004439 0.00025 55
1646525025719 0.00025 56
1646525046999 0.00025 57
1646525068276 0.00025 58
1646525089555 0.00025 59
1646525110833 0.000125 60
1646525132113 0.000125 61
1646525153386 0.000125 62
1646525174664 0.000125 63
1646525195942 0.000125 64
1646525217219 0.000125 65
1646525238495 0.000125 66
1646525259778 0.000125 67
1646525281055 0.000125 68
1646525302336 0.000125 69
1646525323616 0.000125 70
1646525344897 0.000125 71
1646525366172 0.000125 72
1646525387452 0.000125 73
1646525408730 0.000125 74
1646525430006 0.000125 75
1646525451277 0.000125 76
1646525472551 0.000125 77
1646525493824 0.000125 78
1646525515097 0.000125 79
1646525536378 6.25e-05 80
1646525557655 6.25e-05 81
1646525578934 6.25e-05 82
1646525600213 6.25e-05 83
1646525621492 6.25e-05 84
1646525642770 6.25e-05 85
1646525664046 6.25e-05 86
1646525685323 6.25e-05 87
1646525706601 6.25e-05 88
1646525727880 6.25e-05 89
1646525749156 6.25e-05 90
1646525770432 6.25e-05 91
1646525791712 6.25e-05 92
1646525812986 6.25e-05 93
1646525834260 6.25e-05 94
1646525855538 6.25e-05 95
1646525876818 6.25e-05 96
1646525898094 6.25e-05 97
1646525919368 6.25e-05 98
1646525940651 6.25e-05 99
