1646523821388 39.01909722222222 0
1646523846284 59.30266203703704 1
1646523869987 66.44965277777777 2
1646523892644 70.50057870370371 3
1646523914340 74.2042824074074 4
1646523936987 77.38715277777777 5
1646523958237 81.03298611111111 6
1646523980872 82.75462962962963 7
1646524002123 81.640625 8
1646524023369 22.88773148148148 9
1646524045333 35.300925925925924 10
1646524066583 39.87268518518518 11
1646524087838 42.69386574074074 12
1646524109095 45.717592592592595 13
1646524130351 47.598379629629626 14
1646524151612 50.54976851851852 15
1646524172891 52.126736111111114 16
1646524194171 55.16493055555556 17
1646524215451 56.8287037037037 18
1646524236736 60.011574074074076 19
1646524258020 62.7025462962963 20
1646524279301 64.10590277777777 21
1646524300582 65.45138888888889 22
1646524321863 67.37557870370371 23
1646524343142 68.17129629629629 24
1646524364426 69.86400462962963 25
1646524385707 70.76099537037037 26
1646524406988 71.74479166666667 27
1646524429650 72.94560185185185 28
1646524451155 74.46469907407408 29
1646524472431 76.30208333333333 30
1646524493712 77.63310185185185 31
1646524514993 78.26967592592592 32
1646524536277 79.64409722222223 33
1646524557561 81.07638888888889 34
1646524578844 82.421875 35
1646524600126 83.28993055555556 36
1646524621408 85.11284722222223 37
1646524642687 85.1417824074074 38
1646524663966 86.38599537037037 39
1646524685247 88.6863425925926 40
1646524706532 90.36458333333333 41
1646524727819 91.015625 42
1646524749098 91.18923611111111 43
1646524770378 91.75347222222223 44
1646524791658 91.88368055555556 45
1646524812939 92.39004629629629 46
1646524834214 92.9832175925926 47
1646524855491 93.04108796296296 48
1646524876766 93.64872685185185 49
1646524898050 93.17129629629629 50
1646524919330 93.12789351851852 51
1646524940611 94.32870370370371 52
1646524961889 94.53125 53
1646524983168 94.71932870370371 54
1646525004446 94.63252314814815 55
1646525025727 95.03761574074075 56
1646525047007 95.38483796296296 57
1646525068284 95.34143518518519 58
1646525089563 95.2980324074074 59
1646525110841 96.0792824074074 60
1646525132119 97.2800925925926 61
1646525153394 96.875 62
1646525174672 97.2800925925926 63
1646525195949 97.33796296296296 64
1646525217226 97.16435185185185 65
1646525238503 97.10648148148148 66
1646525259786 97.16435185185185 67
1646525281062 97.20775462962963 68
1646525302344 97.68518518518519 69
1646525323623 97.6707175925926 70
1646525344903 97.13541666666667 71
1646525366179 97.72858796296296 72
1646525387460 97.38136574074075 73
1646525408738 97.29456018518519 74
1646525430013 97.32349537037037 75
1646525451285 97.65625 76
1646525472558 97.85879629629629 77
1646525493831 98.13368055555556 78
1646525515106 97.75752314814815 79
1646525536387 98.35069444444444 80
1646525557663 98.4230324074074 81
1646525578943 98.4230324074074 82
1646525600222 98.61111111111111 83
1646525621503 98.37962962962963 84
1646525642778 98.79918981481481 85
1646525664056 98.74131944444444 86
1646525685331 98.58217592592592 87
1646525706610 98.58217592592592 88
1646525727889 98.62557870370371 89
1646525749165 98.46643518518519 90
1646525770440 98.71238425925925 91
1646525791719 98.56770833333333 92
1646525812994 98.77025462962963 93
1646525834268 98.88599537037037 94
1646525855547 99.03067129629629 95
1646525876827 98.8136574074074 96
1646525898102 98.64004629629629 97
1646525919377 98.72685185185185 98
1646525940659 98.65451388888889 99
