1646523820793 3.40270377529992 0
1646523846278 1.5062421781045419 1
1646523869983 1.1866149659510012 2
1646523892640 1.0185817822262093 3
1646523914239 0.8562649896851292 4
1646523936982 0.7352423386441337 5
1646523958233 0.6197656602771194 6
1646523980868 0.5400569516199606 7
1646524002120 0.8469909948331339 8
1646524023365 4.015302194489373 9
1646524044954 2.7246235741509333 10
1646524066579 2.487878649323075 11
1646524087834 2.316327896383074 12
1646524109090 2.1580401438253896 13
1646524130346 2.0405241692507707 14
1646524151607 1.9223335650232103 15
1646524172887 1.7947380167466622 16
1646524194166 1.695830437872145 17
1646524215447 1.5896171750845733 18
1646524236732 1.4639888140890334 19
1646524258016 1.33321597399535 20
1646524279296 1.276173679916947 21
1646524300578 1.2272744432643607 22
1646524321859 1.156857003768285 23
1646524343138 1.1118734909428492 24
1646524364420 1.0485069266072027 25
1646524385701 1.0131025965566989 26
1646524406984 0.9575284134458613 27
1646524429644 0.9158052989730129 28
1646524451150 0.8657115918618662 29
1646524472426 0.8167271062179848 30
1646524493708 0.7642968241815213 31
1646524514989 0.7273497978846232 32
1646524536272 0.6855443859541858 33
1646524557555 0.6408312773263013 34
1646524578837 0.5888049453496933 35
1646524600121 0.5653808254886556 36
1646524621402 0.5201926198270586 37
1646524642681 0.5110039208774213 38
1646524663961 0.4715406513876385 39
1646524685242 0.3954131868150499 40
1646524706528 0.35838724286467943 41
1646524727814 0.34135605615598186 42
1646524749093 0.3256171017333313 43
1646524770373 0.3151239807958956 44
1646524791653 0.30621259769907705 45
1646524812935 0.28707524444218036 46
1646524834210 0.2849790241431307 47
1646524855487 0.2724738612219139 48
1646524876761 0.24790877904053088 49
1646524898045 0.2611520491816379 50
1646524919326 0.2544503129190869 51
1646524940606 0.2263570556210147 52
1646524961885 0.22704683727136366 53
1646524983163 0.21204571039588363 54
1646525004442 0.21300375406388883 55
1646525025722 0.20070548521147835 56
1646525047002 0.19284239673504122 57
1646525068279 0.1873621464603477 58
1646525089558 0.1851214333264916 59
1646525110836 0.16123690594125678 60
1646525132115 0.1284273105363051 61
1646525153389 0.13281811221882148 62
1646525174668 0.1322143631124938 63
1646525195944 0.12281952198180887 64
1646525217222 0.12672151121552344 65
1646525238498 0.1234991778102186 66
1646525259781 0.12344007035372434 67
1646525281058 0.11964036124172034 68
1646525302339 0.1111445886393388 69
1646525323619 0.10772200349580359 70
1646525344900 0.1149700108087725 71
1646525366175 0.10416001750639191 72
1646525387455 0.1132201614479224 73
1646525408733 0.11065327258849586 74
1646525430009 0.1042590466224485 75
1646525451280 0.09829503111541271 76
1646525472554 0.09724652808573511 77
1646525493827 0.0858784851928552 78
1646525515101 0.09331949524305484 79
1646525536381 0.08138460038160836 80
1646525557658 0.07545087855585196 81
1646525578937 0.07504461160688489 82
1646525600216 0.07056597047657878 83
1646525621497 0.07123578070766395 84
1646525642773 0.06718790889890106 85
1646525664050 0.0654711684005128 86
1646525685326 0.06921560676009567 87
1646525706605 0.06605806084418739 88
1646525727884 0.07193798661507943 89
1646525749160 0.0701176994997594 90
1646525770435 0.0660617300481708 91
1646525791714 0.06422515503234333 92
1646525812989 0.061075347648174676 93
1646525834263 0.056901276008122496 94
1646525855541 0.05473409096399943 95
1646525876821 0.05707799312141207 96
1646525898097 0.06506746793510737 97
1646525919371 0.058610907617818425 98
1646525940654 0.06214700197732007 99
