1646515627290 0 0
1646515647223 16.960685483870968 1
1646515666455 31.50201612903226 2
1646515685772 38.734879032258064 3
1646515705050 44.909274193548384 4
1646515724335 47.37903225806452 5
1646515743629 48.185483870967744 6
1646515762978 49.84879032258065 7
1646515782269 53.301411290322584 8
1646515800199 53.301411290322584 9
1646515818137 53.301411290322584 10
1646515836075 53.301411290322584 11
1646515854028 53.301411290322584 12
1646515871986 53.301411290322584 13
1646515889932 53.301411290322584 14
1646515908466 53.301411290322584 15
1646515926419 53.301411290322584 16
1646515944379 53.301411290322584 17
1646515962338 53.301411290322584 18
1646515980293 53.301411290322584 19
1646515998247 53.301411290322584 20
1646516016206 53.301411290322584 21
1646516034161 53.301411290322584 22
1646516052119 53.301411290322584 23
1646516070076 53.301411290322584 24
1646516088032 53.301411290322584 25
1646516106239 53.301411290322584 26
1646516124195 53.301411290322584 27
1646516142159 53.301411290322584 28
1646516160115 53.301411290322584 29
1646516178073 53.301411290322584 30
1646516196028 53.301411290322584 31
1646516213992 53.301411290322584 32
1646516232399 53.301411290322584 33
1646516250359 53.301411290322584 34
1646516268315 53.301411290322584 35
1646516286274 53.301411290322584 36
1646516304234 53.301411290322584 37
1646516322191 53.301411290322584 38
1646516340156 53.301411290322584 39
1646516358120 53.301411290322584 40
1646516376083 53.301411290322584 41
1646516394041 53.301411290322584 42
1646516413380 53.35181451612903 43
1646516431330 53.35181451612903 44
1646516449278 53.35181451612903 45
1646516467234 53.35181451612903 46
1646516485190 53.35181451612903 47
1646516503139 53.35181451612903 48
1646516521092 53.35181451612903 49
1646516539042 53.35181451612903 50
1646516556993 53.35181451612903 51
1646516574945 53.35181451612903 52
1646516592898 53.35181451612903 53
1646516610844 53.35181451612903 54
1646516628792 53.35181451612903 55
1646516646744 53.35181451612903 56
1646516664691 53.35181451612903 57
1646516682643 53.35181451612903 58
1646516700597 53.35181451612903 59
1646516718548 53.35181451612903 60
1646516736500 53.35181451612903 61
1646516754453 53.35181451612903 62
1646516772406 53.35181451612903 63
1646516790355 53.35181451612903 64
1646516808308 53.35181451612903 65
1646516826256 53.35181451612903 66
1646516844207 53.35181451612903 67
1646516862157 53.35181451612903 68
1646516880109 53.35181451612903 69
1646516898059 53.35181451612903 70
1646516916012 53.35181451612903 71
1646516933966 53.35181451612903 72
1646516951919 53.35181451612903 73
1646516969866 53.35181451612903 74
1646516987820 53.35181451612903 75
1646517005769 53.35181451612903 76
1646517023714 53.35181451612903 77
1646517041659 53.35181451612903 78
1646517059610 53.35181451612903 79
1646517077560 53.35181451612903 80
1646517095511 53.35181451612903 81
1646517113456 53.35181451612903 82
1646517131401 53.35181451612903 83
1646517149348 53.35181451612903 84
1646517167285 53.35181451612903 85
1646517185228 53.35181451612903 86
1646517203173 53.35181451612903 87
1646517221120 53.35181451612903 88
1646517239065 53.35181451612903 89
1646517257016 53.35181451612903 90
1646517274963 53.35181451612903 91
1646517292916 53.35181451612903 92
1646517310858 53.35181451612903 93
1646517328807 53.35181451612903 94
1646517346752 53.35181451612903 95
1646517364716 53.35181451612903 96
1646517382657 53.35181451612903 97
1646517400608 53.35181451612903 98
1646517418552 53.35181451612903 99
