1646515627278 0.001 0
1646515647157 0.001 1
1646515666440 0.001 2
1646515685757 0.001 3
1646515705039 0.001 4
1646515724324 0.001 5
1646515743615 0.001 6
1646515762968 0.001 7
1646515782256 0.001 8
1646515800187 0.001 9
1646515818124 0.001 10
1646515836063 0.001 11
1646515854016 0.001 12
1646515871974 0.001 13
1646515889920 0.001 14
1646515907876 0.001 15
1646515926407 0.001 16
1646515944367 0.001 17
1646515962325 0.001 18
1646515980280 0.001 19
1646515998235 0.0005 20
1646516016191 0.0005 21
1646516034147 0.0005 22
1646516052106 0.0005 23
1646516070061 0.0005 24
1646516088019 0.0005 25
1646516106227 0.0005 26
1646516124184 0.0005 27
1646516142145 0.0005 28
1646516160104 0.0005 29
1646516178061 0.0005 30
1646516196016 0.0005 31
1646516213980 0.0005 32
1646516232386 0.0005 33
1646516250347 0.0005 34
1646516268303 0.0005 35
1646516286262 0.0005 36
1646516304221 0.0005 37
1646516322180 0.0005 38
1646516340143 0.0005 39
1646516358107 0.00025 40
1646516376070 0.00025 41
1646516394028 0.00025 42
1646516413368 0.00025 43
1646516431318 0.00025 44
1646516449266 0.00025 45
1646516467221 0.00025 46
1646516485177 0.00025 47
1646516503127 0.00025 48
1646516521081 0.00025 49
1646516539031 0.00025 50
1646516556980 0.00025 51
1646516574932 0.00025 52
1646516592887 0.00025 53
1646516610828 0.00025 54
1646516628780 0.00025 55
1646516646730 0.00025 56
1646516664677 0.00025 57
1646516682629 0.00025 58
1646516700582 0.00025 59
1646516718535 0.000125 60
1646516736489 0.000125 61
1646516754441 0.000125 62
1646516772392 0.000125 63
1646516790342 0.000125 64
1646516808294 0.000125 65
1646516826243 0.000125 66
1646516844195 0.000125 67
1646516862143 0.000125 68
1646516880095 0.000125 69
1646516898045 0.000125 70
1646516915998 0.000125 71
1646516933953 0.000125 72
1646516951906 0.000125 73
1646516969853 0.000125 74
1646516987808 0.000125 75
1646517005755 0.000125 76
1646517023700 0.000125 77
1646517041645 0.000125 78
1646517059597 0.000125 79
1646517077547 6.25e-05 80
1646517095498 6.25e-05 81
1646517113443 6.25e-05 82
1646517131387 6.25e-05 83
1646517149336 6.25e-05 84
1646517167273 6.25e-05 85
1646517185215 6.25e-05 86
1646517203161 6.25e-05 87
1646517221108 6.25e-05 88
1646517239053 6.25e-05 89
1646517257004 6.25e-05 90
1646517274950 6.25e-05 91
1646517292905 6.25e-05 92
1646517310845 6.25e-05 93
1646517328795 6.25e-05 94
1646517346740 6.25e-05 95
1646517364705 6.25e-05 96
1646517382646 6.25e-05 97
1646517400596 6.25e-05 98
1646517418540 6.25e-05 99
