1646515627281 4.299708975685967 0
1646515647214 2.1756046767588013 1
1646515666445 1.71322175750026 2
1646515685761 1.4306823478804693 3
1646515705042 1.2307597442909524 4
1646515724327 1.0701957863790017 5
1646515743618 0.9182514161975296 6
1646515762971 0.812902197793678 7
1646515782259 0.752974447828752 8
1646515800190 0.655417615616763 9
1646515818127 0.5834873224850055 10
1646515836066 0.5072387765955042 11
1646515854019 0.4531301580093525 12
1646515871977 0.391464415523741 13
1646515889923 0.38405784716208774 14
1646515907879 0.32215714978950993 15
1646515926411 0.2802481074576025 16
1646515944370 0.2579720127913687 17
1646515962328 0.2438472349334646 18
1646515980284 0.24519600222508112 19
1646515998238 0.15490982122719288 20
1646516016194 0.10589804362367701 21
1646516034151 0.0914468765258789 22
1646516052109 0.0872683901063822 23
1646516070065 0.07834514347767388 24
1646516088021 0.07643157657649782 25
1646516106230 0.07219270847875763 26
1646516124187 0.06763570517715481 27
1646516142149 0.07952581615083748 28
1646516160107 0.07044064405339735 29
1646516178064 0.06844969211077248 30
1646516196019 0.061929218057129115 31
1646516213983 0.06076903875779222 32
1646516232390 0.059670827006576235 33
1646516250350 0.0813232692717402 34
1646516268306 0.07416007992018152 35
1646516286265 0.07505215870009528 36
1646516304224 0.06923694356724068 37
1646516322183 0.07626769539934618 38
1646516340146 0.0643865645483688 39
1646516358110 0.038816446990326596 40
1646516376073 0.028587208974554582 41
1646516394031 0.02077915058988664 42
1646516413371 0.020992455684959336 43
1646516431321 0.022308908997931413 44
1646516449269 0.02064712191242035 45
1646516467224 0.01732651280515172 46
1646516485180 0.01567602939731269 47
1646516503130 0.01571274555667683 48
1646516521084 0.0180117437503887 49
1646516539034 0.016306390507250197 50
1646516556983 0.01271460878369571 51
1646516574936 0.016822560854187166 52
1646516592889 0.016315277993541072 53
1646516610832 0.017902786464050965 54
1646516628783 0.01736149177196677 55
1646516646734 0.01849997507115067 56
1646516664680 0.020462798256496037 57
1646516682633 0.02295658159656105 58
1646516700586 0.015007055739665197 59
1646516718537 0.01224867756806176 60
1646516736491 0.009214850823843369 61
1646516754443 0.008628396379882124 62
1646516772396 0.008480418490728846 63
1646516790345 0.008350099428315405 64
1646516808297 0.009049299093291026 65
1646516826246 0.008406436905109635 66
1646516844198 0.01182411479142805 67
1646516862146 0.010208923442944608 68
1646516880098 0.007443213503359369 69
1646516898049 0.00595799846040016 70
1646516916002 0.007175965933129191 71
1646516933956 0.006886463715798325 72
1646516951909 0.0069805102539248765 73
1646516969856 0.006871081026339972 74
1646516987811 0.006866362073062056 75
1646517005758 0.008078036734972286 76
1646517023703 0.010370542023641368 77
1646517041648 0.00823305429097403 78
1646517059600 0.006353869260271528 79
1646517077550 0.007753526578502108 80
1646517095501 0.005059452035412606 81
1646517113446 0.005876786058285722 82
1646517131390 0.005440368683560303 83
1646517149339 0.005714060469202835 84
1646517167277 0.006784613694805928 85
1646517185218 0.005033609144717317 86
1646517203164 0.004432167536665306 87
1646517221111 0.005174810784713675 88
1646517239056 0.005341222438599086 89
1646517257007 0.005245818806105052 90
1646517274953 0.0039206737398031965 91
1646517292908 0.004504400693501036 92
1646517310848 0.003650914905679033 93
1646517328798 0.004371929318747587 94
1646517346743 0.006023607096048417 95
1646517364708 0.004245406376732582 96
1646517382649 0.005656020237236387 97
1646517400599 0.005285533947042293 98
1646517418544 0.0052915398372095765 99
