1646515627285 21.88946759259259 0
1646515647219 40.176504629629626 1
1646515666451 50.78125 2
1646515685766 57.72569444444444 3
1646515705046 63.541666666666664 4
1646515724331 67.65046296296296 5
1646515743624 71.68692129629629 6
1646515762975 74.30555555555556 7
1646515782264 76.1863425925926 8
1646515800194 79.77430555555556 9
1646515818132 81.39467592592592 10
1646515836071 83.52141203703704 11
1646515854024 85.70601851851852 12
1646515871982 87.19618055555556 13
1646515889928 87.74594907407408 14
1646515908460 89.53993055555556 15
1646515926415 90.95775462962963 16
1646515944375 92.12962962962963 17
1646515962333 92.37557870370371 18
1646515980288 92.50578703703704 19
1646515998242 95.50057870370371 20
1646516016201 97.09201388888889 21
1646516034156 97.30902777777777 22
1646516052114 97.71412037037037 23
1646516070069 97.84432870370371 24
1646516088027 97.96006944444444 25
1646516106235 98.09027777777777 26
1646516124191 98.32175925925925 27
1646516142154 97.71412037037037 28
1646516160111 98.29282407407408 29
1646516178068 98.11921296296296 30
1646516196024 98.4375 31
1646516213988 98.56770833333333 32
1646516232395 98.36516203703704 33
1646516250355 97.51157407407408 34
1646516268311 97.85879629629629 35
1646516286270 97.87326388888889 36
1646516304229 97.88773148148148 37
1646516322187 97.72858796296296 38
1646516340151 98.13368055555556 39
1646516358116 98.94386574074075 40
1646516376078 99.36342592592592 41
1646516394037 99.58043981481481 42
1646516413376 99.47916666666667 43
1646516431325 99.50810185185185 44
1646516449273 99.50810185185185 45
1646516467229 99.609375 46
1646516485185 99.63831018518519 47
1646516503134 99.6238425925926 48
1646516521088 99.609375 49
1646516539038 99.69618055555556 50
1646516556988 99.84085648148148 51
1646516574940 99.56597222222223 52
1646516592893 99.609375 53
1646516610838 99.58043981481481 54
1646516628788 99.58043981481481 55
1646516646739 99.5949074074074 56
1646516664685 99.47916666666667 57
1646516682638 99.39236111111111 58
1646516700592 99.71064814814815 59
1646516718543 99.68171296296296 60
1646516736496 99.78298611111111 61
1646516754447 99.88425925925925 62
1646516772400 99.79745370370371 63
1646516790350 99.81192129629629 64
1646516808302 99.82638888888889 65
1646516826251 99.82638888888889 66
1646516844203 99.66724537037037 67
1646516862152 99.78298611111111 68
1646516880104 99.82638888888889 69
1646516898055 99.95659722222223 70
1646516916007 99.89872685185185 71
1646516933961 99.91319444444444 72
1646516951914 99.92766203703704 73
1646516969861 99.85532407407408 74
1646516987816 99.88425925925925 75
1646517005764 99.82638888888889 76
1646517023708 99.76851851851852 77
1646517041653 99.84085648148148 78
1646517059605 99.91319444444444 79
1646517077555 99.84085648148148 80
1646517095506 99.91319444444444 81
1646517113451 99.85532407407408 82
1646517131396 99.88425925925925 83
1646517149344 99.89872685185185 84
1646517167281 99.84085648148148 85
1646517185223 99.91319444444444 86
1646517203169 99.95659722222223 87
1646517221116 99.86979166666667 88
1646517239061 99.89872685185185 89
1646517257012 99.88425925925925 90
1646517274959 99.95659722222223 91
1646517292913 99.92766203703704 92
1646517310853 99.95659722222223 93
1646517328803 99.91319444444444 94
1646517346748 99.84085648148148 95
1646517364712 99.92766203703704 96
1646517382653 99.86979166666667 97
1646517400604 99.86979166666667 98
1646517418548 99.84085648148148 99
