1646523828129 0 0
1646523852329 13.36945564516129 1
1646523875459 18.233366935483872 2
1646523898659 24.760584677419356 3
1646523921822 27.20514112903226 4
1646523945010 29.964717741935484 5
1646523968229 31.413810483870968 6
1646523991443 32.57308467741935 7
1646524014651 33.064516129032256 8
1646524037862 35.572076612903224 9
1646524061082 36.21471774193548 10
1646524084298 37.33618951612903 11
1646524106170 37.33618951612903 12
1646524128052 37.33618951612903 13
1646524149921 37.33618951612903 14
1646524173147 38.78528225806452 15
1646524195009 38.78528225806452 16
1646524216869 38.78528225806452 17
1646524238731 38.78528225806452 18
1646524260597 38.78528225806452 19
1646524282463 38.78528225806452 20
1646524304323 38.78528225806452 21
1646524326178 38.78528225806452 22
1646524348037 38.78528225806452 23
1646524369911 38.78528225806452 24
1646524391775 38.78528225806452 25
1646524413639 38.78528225806452 26
1646524435513 38.78528225806452 27
1646524457384 38.78528225806452 28
1646524479255 38.78528225806452 29
1646524501123 38.78528225806452 30
1646524522994 38.78528225806452 31
1646524544859 38.78528225806452 32
1646524566729 38.78528225806452 33
1646524588596 38.78528225806452 34
1646524610470 38.78528225806452 35
1646524632338 38.78528225806452 36
1646524654260 38.78528225806452 37
1646524676321 38.78528225806452 38
1646524698180 38.78528225806452 39
1646524720044 38.78528225806452 40
1646524741910 38.78528225806452 41
1646524763772 38.78528225806452 42
1646524785637 38.78528225806452 43
1646524807506 38.78528225806452 44
1646524829371 38.78528225806452 45
1646524851239 38.78528225806452 46
1646524873098 38.78528225806452 47
1646524894960 38.78528225806452 48
1646524916830 38.78528225806452 49
1646524938707 38.78528225806452 50
1646524960574 38.78528225806452 51
1646524982439 38.78528225806452 52
1646525004309 38.78528225806452 53
1646525026183 38.78528225806452 54
1646525049421 38.78528225806452 55
1646525071284 38.78528225806452 56
1646525093144 38.78528225806452 57
1646525115009 38.78528225806452 58
1646525136874 38.78528225806452 59
1646525158739 38.78528225806452 60
1646525180600 38.78528225806452 61
1646525202912 38.78528225806452 62
1646525224767 38.78528225806452 63
1646525246624 38.78528225806452 64
1646525269779 38.78528225806452 65
1646525291637 38.78528225806452 66
1646525313821 38.78528225806452 67
1646525335687 38.78528225806452 68
1646525357544 38.78528225806452 69
1646525379407 38.78528225806452 70
1646525401269 38.78528225806452 71
1646525423452 38.78528225806452 72
1646525445322 38.78528225806452 73
1646525467188 38.78528225806452 74
1646525489054 38.78528225806452 75
1646525510922 38.78528225806452 76
1646525532786 38.78528225806452 77
1646525554654 38.78528225806452 78
1646525576518 38.78528225806452 79
1646525598379 38.78528225806452 80
1646525620247 38.78528225806452 81
1646525642112 38.78528225806452 82
1646525663983 38.78528225806452 83
1646525685849 38.78528225806452 84
1646525707712 38.78528225806452 85
1646525729579 38.78528225806452 86
1646525751452 38.78528225806452 87
1646525773309 38.78528225806452 88
1646525795172 38.78528225806452 89
1646525817040 38.78528225806452 90
1646525838909 38.78528225806452 91
1646525860775 38.78528225806452 92
1646525882633 38.78528225806452 93
1646525904493 38.78528225806452 94
1646525926354 38.78528225806452 95
1646525948213 38.78528225806452 96
1646525970084 38.78528225806452 97
1646525991938 38.78528225806452 98
1646526013797 38.78528225806452 99
