1646523827606 0.001 0
1646523852318 0.001 1
1646523875447 0.001 2
1646523898647 0.001 3
1646523921812 0.001 4
1646523945000 0.001 5
1646523968218 0.001 6
1646523991433 0.001 7
1646524014640 0.001 8
1646524037850 0.001 9
1646524061070 0.001 10
1646524084286 0.001 11
1646524106158 0.001 12
1646524128041 0.001 13
1646524149910 0.001 14
1646524173136 0.001 15
1646524194998 0.001 16
1646524216858 0.001 17
1646524238720 0.001 18
1646524260584 0.001 19
1646524282451 0.0005 20
1646524304311 0.0005 21
1646524326167 0.0005 22
1646524348026 0.0005 23
1646524369900 0.0005 24
1646524391765 0.0005 25
1646524413628 0.0005 26
1646524435500 0.0005 27
1646524457370 0.0005 28
1646524479242 0.0005 29
1646524501111 0.0005 30
1646524522980 0.0005 31
1646524544846 0.0005 32
1646524566717 0.0005 33
1646524588583 0.0005 34
1646524610458 0.0005 35
1646524632326 0.0005 36
1646524654248 0.0005 37
1646524676306 0.0005 38
1646524698166 0.0005 39
1646524720032 0.00025 40
1646524741895 0.00025 41
1646524763759 0.00025 42
1646524785624 0.00025 43
1646524807493 0.00025 44
1646524829358 0.00025 45
1646524851226 0.00025 46
1646524873085 0.00025 47
1646524894948 0.00025 48
1646524916817 0.00025 49
1646524938692 0.00025 50
1646524960561 0.00025 51
1646524982425 0.00025 52
1646525004296 0.00025 53
1646525026169 0.00025 54
1646525049408 0.00025 55
1646525071271 0.00025 56
1646525093132 0.00025 57
1646525114995 0.00025 58
1646525136861 0.00025 59
1646525158725 0.000125 60
1646525180588 0.000125 61
1646525202899 0.000125 62
1646525224756 0.000125 63
1646525246613 0.000125 64
1646525269768 0.000125 65
1646525291625 0.000125 66
1646525313809 0.000125 67
1646525335675 0.000125 68
1646525357532 0.000125 69
1646525379394 0.000125 70
1646525401257 0.000125 71
1646525423441 0.000125 72
1646525445310 0.000125 73
1646525467176 0.000125 74
1646525489042 0.000125 75
1646525510910 0.000125 76
1646525532774 0.000125 77
1646525554642 0.000125 78
1646525576504 0.000125 79
1646525598368 6.25e-05 80
1646525620236 6.25e-05 81
1646525642100 6.25e-05 82
1646525663970 6.25e-05 83
1646525685836 6.25e-05 84
1646525707700 6.25e-05 85
1646525729568 6.25e-05 86
1646525751442 6.25e-05 87
1646525773297 6.25e-05 88
1646525795160 6.25e-05 89
1646525817027 6.25e-05 90
1646525838895 6.25e-05 91
1646525860761 6.25e-05 92
1646525882620 6.25e-05 93
1646525904480 6.25e-05 94
1646525926341 6.25e-05 95
1646525948199 6.25e-05 96
1646525970071 6.25e-05 97
1646525991925 6.25e-05 98
1646526013784 6.25e-05 99
