1646523828030 12.468622234132555 0
1646523852321 2.5481043789121838 1
1646523875450 2.0341315512303955 2
1646523898650 1.7376294158123158 3
1646523921815 1.5574595155539337 4
1646523945003 1.4169153482825667 5
1646523968221 1.3134182294209797 6
1646523991436 1.2123199568854437 7
1646524014643 1.1212857807124104 8
1646524037853 1.0263452850006245 9
1646524061073 0.9657862495493006 10
1646524084289 0.8845692784697922 11
1646524106161 0.8245722894315366 12
1646524128044 0.7458552718162537 13
1646524149913 0.7022226149285281 14
1646524173138 0.6516539068133743 15
1646524195001 0.5876933126537888 16
1646524216860 0.5343326330184937 17
1646524238723 0.4884049964171869 18
1646524260588 0.4538674790550161 19
1646524282455 0.3572817364776576 20
1646524304315 0.3293619994763975 21
1646524326170 0.31313553976791875 22
1646524348029 0.2867134895037722 23
1646524369903 0.26672558348487924 24
1646524391768 0.2557989485837795 25
1646524413631 0.2456972336879483 26
1646524435503 0.23003669883365985 27
1646524457373 0.2103231563060372 28
1646524479245 0.20711605209443304 29
1646524501114 0.1853885345712856 30
1646524522984 0.17724065868942826 31
1646524544849 0.1681316620497792 32
1646524566720 0.15830713869244964 33
1646524588587 0.15097352972737066 34
1646524610461 0.14389128106887694 35
1646524632330 0.1383306132974448 36
1646524654251 0.12734203137181424 37
1646524676309 0.1264584628796136 38
1646524698170 0.10841292363625986 39
1646524720035 0.08880055350837884 40
1646524741898 0.07742937909508193 41
1646524763763 0.07055739920448374 42
1646524785627 0.06756279838305933 43
1646524807496 0.06616465295492499 44
1646524829361 0.06135787473370632 45
1646524851229 0.06432277098711994 46
1646524873088 0.05888604376189135 47
1646524894951 0.06324416078213188 48
1646524916820 0.05643566421888493 49
1646524938696 0.05695507892717918 50
1646524960564 0.05442191908756892 51
1646524982428 0.054295242108680586 52
1646525004299 0.05238104035594949 53
1646525026173 0.053586520754766685 54
1646525049411 0.04691052674833271 55
1646525071274 0.04230934205568499 56
1646525093135 0.046617144684272784 57
1646525114998 0.04208397975674382 58
1646525136865 0.04279237992509648 59
1646525158728 0.034998520346427406 60
1646525180591 0.032638918004792045 61
1646525202902 0.026726255538286985 62
1646525224759 0.029292173080008338 63
1646525246616 0.030180965481256997 64
1646525269771 0.03184292087745336 65
1646525291628 0.028971067388300544 66
1646525313812 0.02899529767671117 67
1646525335677 0.02496701087457714 68
1646525357535 0.0267323377645678 69
1646525379397 0.024314886338456913 70
1646525401260 0.02362366167276546 71
1646525423444 0.02872805654381712 72
1646525445313 0.02336406664646886 73
1646525467178 0.02297917482684608 74
1646525489045 0.024062525774179784 75
1646525510913 0.027361024740255542 76
1646525532777 0.024334973845354938 77
1646525554645 0.0214939229707751 78
1646525576507 0.021538298766784095 79
1646525598371 0.02191033181561916 80
1646525620239 0.01944939605029369 81
1646525642103 0.017519724434586586 82
1646525663973 0.01693352022104793 83
1646525685839 0.016900321003049612 84
1646525707703 0.016121456485793547 85
1646525729571 0.018726311632673496 86
1646525751445 0.017630041559675225 87
1646525773300 0.018205860043289484 88
1646525795163 0.020554949132794584 89
1646525817030 0.018979417039426388 90
1646525838899 0.017654888400876964 91
1646525860764 0.01712851100428789 92
1646525882623 0.017428532648072752 93
1646525904483 0.01585451466962695 94
1646525926344 0.020750315747810184 95
1646525948203 0.016557629375408094 96
1646525970074 0.017514865664351318 97
1646525991928 0.01629949729303243 98
1646526013788 0.013744719231639195 99
