1646523828124 22.627314814814813 0
1646523852326 42.30324074074074 1
1646523875455 49.508101851851855 2
1646523898655 55.208333333333336 3
1646523921819 59.085648148148145 4
1646523945006 61.95023148148148 5
1646523968225 63.527199074074076 6
1646523991439 65.40798611111111 7
1646524014647 68.22916666666667 8
1646524037858 70.3125 9
1646524061077 71.97627314814815 10
1646524084293 74.14641203703704 11
1646524106165 75.43402777777777 12
1646524128048 77.87905092592592 13
1646524149917 79.44155092592592 14
1646524173142 80.74363425925925 15
1646524195005 82.65335648148148 16
1646524216864 84.20138888888889 17
1646524238728 85.67708333333333 18
1646524260592 86.71875 19
1646524282459 90.53819444444444 20
1646524304319 91.33391203703704 21
1646524326174 91.796875 22
1646524348033 92.37557870370371 23
1646524369907 93.25810185185185 24
1646524391772 93.56192129629629 25
1646524413635 93.79340277777777 26
1646524435508 94.38657407407408 27
1646524457378 94.76273148148148 28
1646524479250 94.61805555555556 29
1646524501119 95.55844907407408 30
1646524522989 95.94907407407408 31
1646524544854 95.78993055555556 32
1646524566724 96.33969907407408 33
1646524588592 96.33969907407408 34
1646524610466 96.4699074074074 35
1646524632334 96.73032407407408 36
1646524654255 96.75925925925925 37
1646524676315 96.91840277777777 38
1646524698175 97.55497685185185 39
1646524720040 98.16261574074075 40
1646524741904 98.40856481481481 41
1646524763767 98.65451388888889 42
1646524785633 98.8136574074074 43
1646524807501 98.71238425925925 44
1646524829366 98.71238425925925 45
1646524851234 98.58217592592592 46
1646524873093 98.8425925925926 47
1646524894955 98.71238425925925 48
1646524916825 98.92939814814815 49
1646524938701 98.85706018518519 50
1646524960570 98.87152777777777 51
1646524982433 98.98726851851852 52
1646525004305 98.828125 53
1646525026178 98.8136574074074 54
1646525049416 99.08854166666667 55
1646525071279 99.2332175925926 56
1646525093140 99.2042824074074 57
1646525115003 99.2042824074074 58
1646525136870 99.2332175925926 59
1646525158733 99.45023148148148 60
1646525180596 99.42129629629629 61
1646525202907 99.5949074074074 62
1646525224763 99.43576388888889 63
1646525246620 99.58043981481481 64
1646525269775 99.47916666666667 65
1646525291632 99.47916666666667 66
1646525313816 99.49363425925925 67
1646525335682 99.69618055555556 68
1646525357540 99.47916666666667 69
1646525379402 99.5949074074074 70
1646525401265 99.5949074074074 71
1646525423448 99.56597222222223 72
1646525445317 99.69618055555556 73
1646525467183 99.609375 74
1646525489049 99.63831018518519 75
1646525510918 99.43576388888889 76
1646525532781 99.53703703703704 77
1646525554650 99.69618055555556 78
1646525576512 99.65277777777777 79
1646525598375 99.71064814814815 80
1646525620243 99.71064814814815 81
1646525642108 99.68171296296296 82
1646525663978 99.75405092592592 83
1646525685844 99.73958333333333 84
1646525707708 99.76851851851852 85
1646525729574 99.73958333333333 86
1646525751448 99.72511574074075 87
1646525773304 99.76851851851852 88
1646525795168 99.52256944444444 89
1646525817035 99.69618055555556 90
1646525838904 99.75405092592592 91
1646525860769 99.73958333333333 92
1646525882628 99.73958333333333 93
1646525904488 99.79745370370371 94
1646525926350 99.53703703703704 95
1646525948207 99.73958333333333 96
1646525970080 99.71064814814815 97
1646525991934 99.81192129629629 98
1646526013793 99.85532407407408 99
