1646515623188 0 0
1646515638070 39.163306451612904 1
1646515653000 49.49596774193548 2
1646515667899 49.49596774193548 3
1646515681750 49.49596774193548 4
1646515695621 49.49596774193548 5
1646515710575 52.167338709677416 6
1646515725718 53.225806451612904 7
1646515739602 53.225806451612904 8
1646515753488 53.225806451612904 9
1646515767404 53.225806451612904 10
1646515781294 53.225806451612904 11
1646515795182 53.225806451612904 12
1646515809075 53.225806451612904 13
1646515823031 53.225806451612904 14
1646515838017 54.53629032258065 15
1646515851912 54.53629032258065 16
1646515865815 54.53629032258065 17
1646515879726 54.53629032258065 18
1646515893636 54.53629032258065 19
1646515907548 54.53629032258065 20
1646515921459 54.53629032258065 21
1646515935377 54.53629032258065 22
1646515949292 54.53629032258065 23
1646515963205 54.53629032258065 24
1646515977121 54.53629032258065 25
1646515991040 54.53629032258065 26
1646516004962 54.53629032258065 27
1646516018882 54.53629032258065 28
1646516032802 54.53629032258065 29
1646516046719 54.53629032258065 30
1646516060638 54.53629032258065 31
1646516074558 54.53629032258065 32
1646516088483 54.53629032258065 33
1646516102588 54.53629032258065 34
1646516116511 54.53629032258065 35
1646516130428 54.53629032258065 36
1646516144352 54.53629032258065 37
1646516158266 54.53629032258065 38
1646516172184 54.53629032258065 39
1646516186101 54.53629032258065 40
1646516200016 54.53629032258065 41
1646516213936 54.53629032258065 42
1646516228374 54.53629032258065 43
1646516242288 54.53629032258065 44
1646516256200 54.53629032258065 45
1646516270120 54.53629032258065 46
1646516284042 54.53629032258065 47
1646516297963 54.53629032258065 48
1646516311883 54.53629032258065 49
1646516325808 54.53629032258065 50
1646516339727 54.53629032258065 51
1646516353648 54.53629032258065 52
1646516367569 54.53629032258065 53
1646516381488 54.53629032258065 54
1646516395424 54.53629032258065 55
1646516409338 54.53629032258065 56
1646516423259 54.53629032258065 57
1646516437177 54.53629032258065 58
1646516451092 54.53629032258065 59
1646516465015 54.53629032258065 60
1646516478936 54.53629032258065 61
1646516492852 54.53629032258065 62
1646516506771 54.53629032258065 63
1646516520690 54.53629032258065 64
1646516534613 54.53629032258065 65
1646516548540 54.53629032258065 66
1646516562458 54.53629032258065 67
1646516576382 54.53629032258065 68
1646516590309 54.53629032258065 69
1646516604225 54.53629032258065 70
1646516618143 54.53629032258065 71
1646516632066 54.53629032258065 72
1646516645986 54.53629032258065 73
1646516659906 54.53629032258065 74
1646516673828 54.53629032258065 75
1646516687749 54.53629032258065 76
1646516701672 54.53629032258065 77
1646516715595 54.53629032258065 78
1646516729511 54.53629032258065 79
1646516743431 54.53629032258065 80
1646516757347 54.53629032258065 81
1646516771266 54.53629032258065 82
1646516785183 54.53629032258065 83
1646516799101 54.53629032258065 84
1646516813016 54.53629032258065 85
1646516826929 54.53629032258065 86
1646516840840 54.53629032258065 87
1646516854752 54.53629032258065 88
1646516868667 54.53629032258065 89
1646516882581 54.53629032258065 90
1646516896499 54.53629032258065 91
1646516910413 54.53629032258065 92
1646516924334 54.53629032258065 93
1646516938253 54.53629032258065 94
1646516952170 54.53629032258065 95
1646516966087 54.53629032258065 96
1646516980006 54.53629032258065 97
1646516993925 54.53629032258065 98
1646517007844 54.53629032258065 99
