1646515623174 0.001 0
1646515638055 0.001 1
1646515652987 0.001 2
1646515666824 0.001 3
1646515681736 0.001 4
1646515695608 0.001 5
1646515710562 0.001 6
1646515725527 0.001 7
1646515739590 0.001 8
1646515753476 0.001 9
1646515767391 0.001 10
1646515781281 0.001 11
1646515795169 0.001 12
1646515809063 0.001 13
1646515823019 0.001 14
1646515838005 0.001 15
1646515851900 0.001 16
1646515865804 0.001 17
1646515879714 0.001 18
1646515893624 0.001 19
1646515907535 0.0005 20
1646515921447 0.0005 21
1646515935366 0.0005 22
1646515949279 0.0005 23
1646515963192 0.0005 24
1646515977108 0.0005 25
1646515991027 0.0005 26
1646516004949 0.0005 27
1646516018869 0.0005 28
1646516032789 0.0005 29
1646516046705 0.0005 30
1646516060624 0.0005 31
1646516074545 0.0005 32
1646516088469 0.0005 33
1646516102575 0.0005 34
1646516116499 0.0005 35
1646516130415 0.0005 36
1646516144339 0.0005 37
1646516158253 0.0005 38
1646516172172 0.0005 39
1646516186088 0.00025 40
1646516200003 0.00025 41
1646516213922 0.00025 42
1646516228361 0.00025 43
1646516242275 0.00025 44
1646516256188 0.00025 45
1646516270107 0.00025 46
1646516284030 0.00025 47
1646516297950 0.00025 48
1646516311871 0.00025 49
1646516325795 0.00025 50
1646516339713 0.00025 51
1646516353635 0.00025 52
1646516367556 0.00025 53
1646516381474 0.00025 54
1646516395396 0.00025 55
1646516409327 0.00025 56
1646516423247 0.00025 57
1646516437164 0.00025 58
1646516451079 0.00025 59
1646516465002 0.000125 60
1646516478923 0.000125 61
1646516492839 0.000125 62
1646516506758 0.000125 63
1646516520678 0.000125 64
1646516534593 0.000125 65
1646516548528 0.000125 66
1646516562446 0.000125 67
1646516576361 0.000125 68
1646516590297 0.000125 69
1646516604212 0.000125 70
1646516618130 0.000125 71
1646516632053 0.000125 72
1646516645972 0.000125 73
1646516659894 0.000125 74
1646516673814 0.000125 75
1646516687734 0.000125 76
1646516701661 0.000125 77
1646516715582 0.000125 78
1646516729498 0.000125 79
1646516743417 6.25e-05 80
1646516757335 6.25e-05 81
1646516771254 6.25e-05 82
1646516785170 6.25e-05 83
1646516799088 6.25e-05 84
1646516813003 6.25e-05 85
1646516826917 6.25e-05 86
1646516840827 6.25e-05 87
1646516854740 6.25e-05 88
1646516868653 6.25e-05 89
1646516882568 6.25e-05 90
1646516896486 6.25e-05 91
1646516910401 6.25e-05 92
1646516924320 6.25e-05 93
1646516938240 6.25e-05 94
1646516952157 6.25e-05 95
1646516966074 6.25e-05 96
1646516979992 6.25e-05 97
1646516993909 6.25e-05 98
1646517007829 6.25e-05 99
