1646515623183 38.00636574074074 0
1646515638065 62.109375 1
1646515652996 70.2980324074074 2
1646515667893 72.77199074074075 3
1646515681745 77.85011574074075 4
1646515695616 80.67129629629629 5
1646515710570 83.50694444444444 6
1646515725713 58.376736111111114 7
1646515739598 66.21817129629629 8
1646515753484 76.62037037037037 9
1646515767399 81.39467592592592 10
1646515781290 85.64814814814815 11
1646515795177 87.76041666666667 12
1646515809070 89.91608796296296 13
1646515823027 91.10243055555556 14
1646515838013 92.41898148148148 15
1646515851908 93.75 16
1646515865811 93.79340277777777 17
1646515879722 94.06828703703704 18
1646515893631 95.19675925925925 19
1646515907543 96.97627314814815 20
1646515921455 98.00347222222223 21
1646515935373 98.14814814814815 22
1646515949288 98.48090277777777 23
1646515963201 98.828125 24
1646515977116 98.53877314814815 25
1646515991035 99.10300925925925 26
1646516004956 99.11747685185185 27
1646516018877 98.48090277777777 28
1646516032798 98.72685185185185 29
1646516046713 98.50983796296296 30
1646516060632 98.33622685185185 31
1646516074553 98.65451388888889 32
1646516088477 98.8136574074074 33
1646516102584 99.00173611111111 34
1646516116507 98.91493055555556 35
1646516130424 98.98726851851852 36
1646516144348 98.69791666666667 37
1646516158262 98.8425925925926 38
1646516172180 98.828125 39
1646516186097 99.24768518518519 40
1646516200012 99.55150462962963 41
1646516213931 99.36342592592592 42
1646516228370 99.69618055555556 43
1646516242284 99.66724537037037 44
1646516256196 99.609375 45
1646516270116 99.79745370370371 46
1646516284037 99.75405092592592 47
1646516297959 99.72511574074075 48
1646516311879 99.68171296296296 49
1646516325804 99.68171296296296 50
1646516339721 99.5949074074074 51
1646516353644 99.69618055555556 52
1646516367565 99.72511574074075 53
1646516381484 99.75405092592592 54
1646516395419 99.68171296296296 55
1646516409334 99.58043981481481 56
1646516423254 99.65277777777777 57
1646516437172 99.50810185185185 58
1646516451087 99.58043981481481 59
1646516465009 99.65277777777777 60
1646516478932 99.84085648148148 61
1646516492847 99.88425925925925 62
1646516506766 99.89872685185185 63
1646516520685 99.86979166666667 64
1646516534603 99.88425925925925 65
1646516548536 99.88425925925925 66
1646516562454 99.94212962962963 67
1646516576371 99.91319444444444 68
1646516590304 99.91319444444444 69
1646516604220 99.92766203703704 70
1646516618139 99.91319444444444 71
1646516632061 99.88425925925925 72
1646516645981 99.92766203703704 73
1646516659901 99.92766203703704 74
1646516673822 99.91319444444444 75
1646516687744 99.81192129629629 76
1646516701668 99.89872685185185 77
1646516715591 99.92766203703704 78
1646516729507 99.89872685185185 79
1646516743426 99.89872685185185 80
1646516757343 99.91319444444444 81
1646516771261 99.91319444444444 82
1646516785179 99.86979166666667 83
1646516799097 99.88425925925925 84
1646516813012 99.95659722222223 85
1646516826925 99.88425925925925 86
1646516840836 99.91319444444444 87
1646516854748 99.91319444444444 88
1646516868662 99.94212962962963 89
1646516882576 99.88425925925925 90
1646516896495 99.89872685185185 91
1646516910408 99.89872685185185 92
1646516924329 99.89872685185185 93
1646516938248 99.91319444444444 94
1646516952165 99.92766203703704 95
1646516966082 99.94212962962963 96
1646516980000 99.88425925925925 97
1646516993919 99.92766203703704 98
1646517007839 99.95659722222223 99
