1646515623178 3.0813338933167636 0
1646515638058 1.2624004350768194 1
1646515652990 0.9777182230242977 2
1646515667285 0.8651086467283743 3
1646515681740 0.713040722741021 4
1646515695612 0.6046794873696787 5
1646515710565 0.5218681091511691 6
1646515725707 1.6647480268169332 7
1646515739593 1.114832799743723 8
1646515753479 0.7566063271628486 9
1646515767394 0.574259888794687 10
1646515781285 0.4532869695513337 11
1646515795172 0.37811662477475627 12
1646515809066 0.32096325357755023 13
1646515823022 0.28474783262720815 14
1646515838008 0.24702148580992664 15
1646515851903 0.2095800828602579 16
1646515865807 0.2024202218486203 17
1646515879717 0.19311343340410125 18
1646515893627 0.16270516178122274 19
1646515907538 0.11352767070962323 20
1646515921451 0.08022429311165104 21
1646515935368 0.06978544837760704 22
1646515949282 0.06328070681128237 23
1646515963196 0.05502122147353711 24
1646515977112 0.05900380750083261 25
1646515991030 0.04558722961142107 26
1646516004952 0.04201826551515195 27
1646516018872 0.055040224110362704 28
1646516032792 0.049285071074134774 29
1646516046708 0.052730434815640805 30
1646516060627 0.05574683248306866 31
1646516074548 0.05410605537946577 32
1646516088472 0.04473163992925375 33
1646516102578 0.04233286860916349 34
1646516116502 0.044669428236644576 35
1646516130419 0.04152073390367958 36
1646516144342 0.047544770011747325 37
1646516158256 0.045884781103167266 38
1646516172175 0.04412080804575925 39
1646516186092 0.031081595966868377 40
1646516200006 0.021787001992817277 41
1646516213925 0.023496569349878916 42
1646516228364 0.0169335908204731 43
1646516242279 0.015776231358931574 44
1646516256191 0.016301137990214758 45
1646516270110 0.015457445134719213 46
1646516284033 0.014222191896772495 47
1646516297953 0.01275396217695541 48
1646516311874 0.014934450495746677 49
1646516325799 0.014475624534060006 50
1646516339716 0.015945704537443817 51
1646516353639 0.015823078751391557 52
1646516367560 0.012413734052744176 53
1646516381477 0.012251643731293303 54
1646516395414 0.015308990134616141 55
1646516409330 0.01725747656180627 56
1646516423250 0.015739610793793365 57
1646516437167 0.019102519059001847 58
1646516451082 0.01789179567627057 59
1646516465005 0.013197858792005314 60
1646516478926 0.009078730410827254 61
1646516492841 0.007946414392251798 62
1646516506761 0.008236275360643587 63
1646516520681 0.00785753557122209 64
1646516534596 0.007751670357753971 65
1646516548530 0.007181417046080309 66
1646516562449 0.005995968867662466 67
1646516576364 0.0066106667983587145 68
1646516590300 0.007174108224851942 69
1646516604215 0.005137439034620507 70
1646516618134 0.006175971788319724 71
1646516632056 0.0072309081528887705 72
1646516645976 0.006621035197491033 73
1646516659897 0.005134003762914626 74
1646516673817 0.005660642082889185 75
1646516687737 0.009792703794556911 76
1646516701664 0.0070105777704156935 77
1646516715585 0.006187106284347398 78
1646516729501 0.005770279092420997 79
1646516743421 0.0061874279851542304 80
1646516757339 0.004583533905032609 81
1646516771257 0.004641092625981265 82
1646516785173 0.005622487181056015 83
1646516799092 0.005761196399193809 84
1646516813006 0.00413438497128448 85
1646516826920 0.00512689551666241 86
1646516840830 0.0051989919846636 87
1646516854743 0.00441482941042287 88
1646516868657 0.003318462464785962 89
1646516882572 0.005015096618552451 90
1646516896489 0.004463152522307441 91
1646516910404 0.005599535135034885 92
1646516924324 0.004831357957165757 93
1646516938243 0.004771596573172482 94
1646516952160 0.004373704443289036 95
1646516966077 0.004421843722445407 96
1646516979995 0.004960561714445551 97
1646516993913 0.0043204000836272755 98
1646517007833 0.0039105850608191555 99
