1646528508442 0 0
1646528531404 23.41746794871795 1
1646528554446 26.181891025641026 2
1646528576223 26.181891025641026 3
1646528598335 28.69591346153846 4
1646528621467 30.038060897435898 5
1646528642469 30.038060897435898 6
1646528663479 30.038060897435898 7
1646528684484 30.038060897435898 8
1646528705488 30.038060897435898 9
1646528726495 30.038060897435898 10
1646528747506 30.038060897435898 11
1646528768517 30.038060897435898 12
1646528789526 30.038060897435898 13
1646528810529 30.038060897435898 14
1646528831534 30.038060897435898 15
1646528852540 30.038060897435898 16
1646528873544 30.038060897435898 17
1646528894544 30.038060897435898 18
1646528915555 30.038060897435898 19
1646528936552 30.038060897435898 20
1646528957548 30.038060897435898 21
1646528978541 30.038060897435898 22
1646528999551 30.038060897435898 23
1646529020560 30.038060897435898 24
1646529041573 30.038060897435898 25
1646529062587 30.038060897435898 26
1646529083594 30.038060897435898 27
1646529104599 30.038060897435898 28
1646529125602 30.038060897435898 29
1646529146611 30.038060897435898 30
1646529167618 30.038060897435898 31
1646529188626 30.038060897435898 32
1646529209632 30.038060897435898 33
1646529230643 30.038060897435898 34
1646529251652 30.038060897435898 35
1646529272662 30.038060897435898 36
1646529293665 30.038060897435898 37
1646529314671 30.038060897435898 38
1646529335680 30.038060897435898 39
1646529356686 30.038060897435898 40
1646529377693 30.038060897435898 41
1646529398700 30.038060897435898 42
1646529419717 30.038060897435898 43
1646529440728 30.038060897435898 44
1646529461741 30.038060897435898 45
1646529482760 30.038060897435898 46
1646529503776 30.038060897435898 47
1646529524791 30.038060897435898 48
1646529545805 30.038060897435898 49
1646529566820 30.038060897435898 50
1646529587842 30.038060897435898 51
1646529608871 30.038060897435898 52
1646529629886 30.038060897435898 53
1646529650902 30.038060897435898 54
1646529671919 30.038060897435898 55
1646529692936 30.038060897435898 56
1646529713959 30.038060897435898 57
1646529734979 30.038060897435898 58
1646529755996 30.038060897435898 59
1646529777020 30.038060897435898 60
1646529798045 30.038060897435898 61
1646529819066 30.038060897435898 62
1646529840087 30.038060897435898 63
1646529861104 30.038060897435898 64
1646529882128 30.038060897435898 65
1646529903173 30.038060897435898 66
1646529924221 30.038060897435898 67
1646529945263 30.038060897435898 68
1646529966306 30.038060897435898 69
1646529987349 30.038060897435898 70
1646530008389 30.038060897435898 71
1646530029426 30.038060897435898 72
1646530050473 30.038060897435898 73
1646530071520 30.038060897435898 74
1646530092558 30.038060897435898 75
1646530113592 30.038060897435898 76
1646530134627 30.038060897435898 77
1646530155661 30.038060897435898 78
1646530176692 30.038060897435898 79
1646530197730 30.038060897435898 80
1646530218770 30.038060897435898 81
1646530239811 30.038060897435898 82
1646530260844 30.038060897435898 83
1646530281874 30.038060897435898 84
1646530302911 30.038060897435898 85
1646530323947 30.038060897435898 86
1646530344990 30.038060897435898 87
1646530366025 30.038060897435898 88
1646530387069 30.038060897435898 89
1646530408110 30.038060897435898 90
1646530429153 30.038060897435898 91
1646530450193 30.038060897435898 92
1646530471230 30.038060897435898 93
1646530492273 30.038060897435898 94
1646530513324 30.038060897435898 95
1646530534366 30.038060897435898 96
1646530555415 30.038060897435898 97
1646530576456 30.038060897435898 98
1646530597495 30.038060897435898 99
