1646528507675 0.001 0
1646528531390 0.001 1
1646528554435 0.001 2
1646528576213 0.001 3
1646528598324 0.001 4
1646528621456 0.001 5
1646528642458 0.001 6
1646528663468 0.001 7
1646528684472 0.001 8
1646528705477 0.001 9
1646528726483 0.001 10
1646528747494 0.001 11
1646528768505 0.001 12
1646528789516 0.001 13
1646528810518 0.001 14
1646528831524 0.001 15
1646528852527 0.001 16
1646528873532 0.001 17
1646528894530 0.001 18
1646528915541 0.001 19
1646528936539 0.0005 20
1646528957535 0.0005 21
1646528978529 0.0005 22
1646528999538 0.0005 23
1646529020548 0.0005 24
1646529041561 0.0005 25
1646529062577 0.0005 26
1646529083581 0.0005 27
1646529104589 0.0005 28
1646529125590 0.0005 29
1646529146599 0.0005 30
1646529167606 0.0005 31
1646529188614 0.0005 32
1646529209621 0.0005 33
1646529230631 0.0005 34
1646529251640 0.0005 35
1646529272653 0.0005 36
1646529293654 0.0005 37
1646529314659 0.0005 38
1646529335667 0.0005 39
1646529356676 0.00025 40
1646529377682 0.00025 41
1646529398688 0.00025 42
1646529419705 0.00025 43
1646529440717 0.00025 44
1646529461730 0.00025 45
1646529482748 0.00025 46
1646529503763 0.00025 47
1646529524778 0.00025 48
1646529545793 0.00025 49
1646529566808 0.00025 50
1646529587829 0.00025 51
1646529608860 0.00025 52
1646529629873 0.00025 53
1646529650890 0.00025 54
1646529671906 0.00025 55
1646529692923 0.00025 56
1646529713946 0.00025 57
1646529734967 0.00025 58
1646529755983 0.00025 59
1646529777007 0.000125 60
1646529798031 0.000125 61
1646529819054 0.000125 62
1646529840074 0.000125 63
1646529861092 0.000125 64
1646529882115 0.000125 65
1646529903159 0.000125 66
1646529924208 0.000125 67
1646529945249 0.000125 68
1646529966292 0.000125 69
1646529987335 0.000125 70
1646530008377 0.000125 71
1646530029413 0.000125 72
1646530050461 0.000125 73
1646530071507 0.000125 74
1646530092547 0.000125 75
1646530113577 0.000125 76
1646530134616 0.000125 77
1646530155649 0.000125 78
1646530176679 0.000125 79
1646530197717 6.25e-05 80
1646530218757 6.25e-05 81
1646530239797 6.25e-05 82
1646530260831 6.25e-05 83
1646530281861 6.25e-05 84
1646530302897 6.25e-05 85
1646530323934 6.25e-05 86
1646530344974 6.25e-05 87
1646530366013 6.25e-05 88
1646530387056 6.25e-05 89
1646530408095 6.25e-05 90
1646530429140 6.25e-05 91
1646530450180 6.25e-05 92
1646530471218 6.25e-05 93
1646530492261 6.25e-05 94
1646530513311 6.25e-05 95
1646530534353 6.25e-05 96
1646530555401 6.25e-05 97
1646530576444 6.25e-05 98
1646530597480 6.25e-05 99
