1646528508436 44.64699074074074 0
1646528531399 64.80034722222223 1
1646528554442 70.21122685185185 2
1646528576220 73.46643518518519 3
1646528598331 77.06886574074075 4
1646528621462 81.07638888888889 5
1646528642465 50.41956018518518 6
1646528663475 39.01909722222222 7
1646528684480 45.5150462962963 8
1646528705484 51.114004629629626 9
1646528726491 55.135995370370374 10
1646528747501 58.0150462962963 11
1646528768513 61.183449074074076 12
1646528789523 63.16550925925926 13
1646528810525 65.52372685185185 14
1646528831530 67.36111111111111 15
1646528852535 70.08101851851852 16
1646528873540 71.96180555555556 17
1646528894540 73.65451388888889 18
1646528915550 76.50462962962963 19
1646528936547 79.3113425925926 20
1646528957543 80.15046296296296 21
1646528978537 81.55381944444444 22
1646528999546 82.7980324074074 23
1646529020556 82.69675925925925 24
1646529041569 84.3894675925926 25
1646529062583 84.86689814814815 26
1646529083589 85.9230324074074 27
1646529104596 86.44386574074075 28
1646529125597 87.41319444444444 29
1646529146606 87.80381944444444 30
1646529167613 89.42418981481481 31
1646529188621 89.13483796296296 32
1646529209628 90.234375 33
1646529230639 90.95775462962963 34
1646529251647 91.7824074074074 35
1646529272658 92.39004629629629 36
1646529293661 93.17129629629629 37
1646529314666 93.59085648148148 38
1646529335675 93.69212962962963 39
1646529356683 95.44270833333333 40
1646529377689 95.77546296296296 41
1646529398695 96.19502314814815 42
1646529419712 96.39756944444444 43
1646529440724 96.52777777777777 44
1646529461737 96.73032407407408 45
1646529482756 97.41030092592592 46
1646529503771 96.90393518518519 47
1646529524786 97.16435185185185 48
1646529545800 97.36689814814815 49
1646529566816 97.22222222222223 50
1646529587837 97.45370370370371 51
1646529608867 97.90219907407408 52
1646529629881 97.68518518518519 53
1646529650898 97.77199074074075 54
1646529671914 98.01793981481481 55
1646529692931 97.87326388888889 56
1646529713954 98.10474537037037 57
1646529734974 98.35069444444444 58
1646529755990 98.4230324074074 59
1646529777016 98.79918981481481 60
1646529798039 98.87152777777777 61
1646529819061 98.78472222222223 62
1646529840082 98.78472222222223 63
1646529861100 98.79918981481481 64
1646529882124 98.88599537037037 65
1646529903168 98.79918981481481 66
1646529924217 98.92939814814815 67
1646529945257 98.98726851851852 68
1646529966300 98.87152777777777 69
1646529987343 99.08854166666667 70
1646530008384 99.05960648148148 71
1646530029421 98.90046296296296 72
1646530050469 99.00173611111111 73
1646530071515 98.97280092592592 74
1646530092554 99.01620370370371 75
1646530113587 98.91493055555556 76
1646530134623 99.26215277777777 77
1646530155656 99.2042824074074 78
1646530176687 99.16087962962963 79
1646530197725 99.18981481481481 80
1646530218765 99.45023148148148 81
1646530239805 99.46469907407408 82
1646530260839 99.43576388888889 83
1646530281869 99.37789351851852 84
1646530302905 99.53703703703704 85
1646530323942 99.46469907407408 86
1646530344984 99.53703703703704 87
1646530366021 99.32002314814815 88
1646530387064 99.43576388888889 89
1646530408105 99.32002314814815 90
1646530429148 99.34895833333333 91
1646530450188 99.10300925925925 92
1646530471225 99.63831018518519 93
1646530492269 99.56597222222223 94
1646530513319 99.40682870370371 95
1646530534362 99.47916666666667 96
1646530555410 99.37789351851852 97
1646530576452 99.42129629629629 98
1646530597490 99.29108796296296 99
