1646528508122 3.1351651196126586 0
1646528531393 1.3459739331845884 1
1646528554438 1.0747647506219369 2
1646528576216 0.9059761674315842 3
1646528598327 0.7574053550208056 4
1646528621458 0.6282867110437818 5
1646528642460 3.1598540307195098 6
1646528663471 2.8582253411964134 7
1646528684475 2.408961786164178 8
1646528705480 2.0652803624117815 9
1646528726486 1.8564704060554504 10
1646528747497 1.6676699938597503 11
1646528768509 1.5036489146727103 12
1646528789519 1.3813787632518344 13
1646528810521 1.275365878034521 14
1646528831527 1.1798866832697834 15
1646528852530 1.0815937265201852 16
1646528873535 0.9889256004933957 17
1646528894534 0.9098482959800296 18
1646528915545 0.8190779465216177 19
1646528936542 0.7244232661194272 20
1646528957538 0.6910103912706729 21
1646528978532 0.6566703705875961 22
1646528999542 0.6077630536423789 23
1646529020551 0.5939309116866853 24
1646529041564 0.5545266949468188 25
1646529062580 0.5333617208180604 26
1646529083585 0.5041463126738867 27
1646529104592 0.47868355170444205 28
1646529125593 0.45364551577303147 29
1646529146602 0.43731718317226126 30
1646529167609 0.3998872212789677 31
1646529188617 0.38501912465801946 32
1646529209624 0.36746733608069243 33
1646529230634 0.34770259813026144 34
1646529251643 0.32071837644886086 35
1646529272655 0.309916284625177 36
1646529293657 0.27951501999740247 37
1646529314662 0.26267678125037086 38
1646529335670 0.2545509277670472 39
1646529356679 0.2110855965702622 40
1646529377685 0.20823800563812256 41
1646529398691 0.19217064962894828 42
1646529419708 0.1805190924141142 43
1646529440719 0.17241508803433842 44
1646529461733 0.17001943028083555 45
1646529482750 0.15851109944008016 46
1646529503766 0.15823165451486906 47
1646529524782 0.1543193728559547 48
1646529545796 0.14794102835434456 49
1646529566811 0.14422549693672745 50
1646529587832 0.13909369458754858 51
1646529608863 0.1344478333161937 52
1646529629876 0.13057240360864886 53
1646529650893 0.1281481077549634 54
1646529671909 0.11681876083215077 55
1646529692926 0.12283154480435231 56
1646529713949 0.11885726507063266 57
1646529734970 0.11006746013407354 58
1646529755986 0.10108008428856179 59
1646529777010 0.09099497176982739 60
1646529798034 0.08207557584952425 61
1646529819057 0.08505879094203313 62
1646529840077 0.08296416713683694 63
1646529861095 0.08243570649237544 64
1646529882119 0.07998131739872473 65
1646529903162 0.07991423864883405 66
1646529924211 0.07685684805942906 67
1646529945252 0.07242235775899004 68
1646529966295 0.07669923792558687 69
1646529987338 0.0682220444497135 70
1646530008380 0.06889264320057852 71
1646530029416 0.07133854028803331 72
1646530050464 0.06556280633365666 73
1646530071510 0.06750318497695305 74
1646530092550 0.06838046524811674 75
1646530113581 0.06553399348976435 76
1646530134619 0.06112898465383936 77
1646530155652 0.0599107169718654 78
1646530176682 0.05916167664583082 79
1646530197720 0.056365271340365765 80
1646530218760 0.048477579943007894 81
1646530239800 0.047767483525806 82
1646530260834 0.050630345595655615 83
1646530281864 0.04799673226834447 84
1646530302901 0.04528427717310411 85
1646530323937 0.04516085913335836 86
1646530344978 0.044842791812563385 87
1646530366016 0.05136467733730873 88
1646530387059 0.04501638582183255 89
1646530408099 0.04970180153570793 90
1646530429143 0.050415188177592225 91
1646530450183 0.04878581829231094 92
1646530471221 0.04006142383096395 93
1646530492264 0.04016502801742819 94
1646530513314 0.04592872321329735 95
1646530534357 0.04411298274579975 96
1646530555405 0.04284926248645341 97
1646530576447 0.0446783526007224 98
1646530597484 0.04531315341591835 99
