1646517471985 0 0
1646517494582 31.830929487179485 1
1646517514966 39.22275641025641 2
1646517535363 42.02724358974359 3
1646517555791 48.25721153846154 4
1646517574912 48.25721153846154 5
1646517594030 48.25721153846154 6
1646517614460 48.73798076923077 7
1646517634886 50.36057692307692 8
1646517655932 50.36057692307692 9
1646517675044 50.36057692307692 10
1646517694159 50.36057692307692 11
1646517713277 50.36057692307692 12
1646517732399 50.36057692307692 13
1646517753522 50.36057692307692 14
1646517772636 50.36057692307692 15
1646517791751 50.36057692307692 16
1646517810866 50.36057692307692 17
1646517829984 50.36057692307692 18
1646517849103 50.36057692307692 19
1646517868223 50.36057692307692 20
1646517887342 50.36057692307692 21
1646517906456 50.36057692307692 22
1646517925573 50.36057692307692 23
1646517944685 50.36057692307692 24
1646517963803 50.36057692307692 25
1646517982924 50.36057692307692 26
1646518002045 50.36057692307692 27
1646518021162 50.36057692307692 28
1646518040277 50.36057692307692 29
1646518059397 50.36057692307692 30
1646518078511 50.36057692307692 31
1646518097625 50.36057692307692 32
1646518116745 50.36057692307692 33
1646518135850 50.36057692307692 34
1646518154968 50.36057692307692 35
1646518174086 50.36057692307692 36
1646518193202 50.36057692307692 37
1646518212321 50.36057692307692 38
1646518231436 50.36057692307692 39
1646518250550 50.36057692307692 40
1646518269665 50.36057692307692 41
1646518288787 50.36057692307692 42
1646518307903 50.36057692307692 43
1646518327020 50.36057692307692 44
1646518346136 50.36057692307692 45
1646518365252 50.36057692307692 46
1646518384367 50.36057692307692 47
1646518403490 50.36057692307692 48
1646518422607 50.36057692307692 49
1646518441719 50.36057692307692 50
1646518460834 50.36057692307692 51
1646518479952 50.36057692307692 52
1646518499072 50.36057692307692 53
1646518518193 50.36057692307692 54
1646518537307 50.36057692307692 55
1646518556431 50.36057692307692 56
1646518575582 50.36057692307692 57
1646518594709 50.36057692307692 58
1646518613829 50.36057692307692 59
1646518632947 50.36057692307692 60
1646518652067 50.36057692307692 61
1646518671188 50.36057692307692 62
1646518690310 50.36057692307692 63
1646518709430 50.36057692307692 64
1646518728550 50.36057692307692 65
1646518747670 50.36057692307692 66
1646518766790 50.36057692307692 67
1646518785913 50.36057692307692 68
1646518805032 50.36057692307692 69
1646518824154 50.36057692307692 70
1646518843272 50.36057692307692 71
1646518862390 50.36057692307692 72
1646518881514 50.36057692307692 73
1646518900632 50.36057692307692 74
1646518919748 50.36057692307692 75
1646518938864 50.36057692307692 76
1646518957980 50.36057692307692 77
1646518977101 50.36057692307692 78
1646518996218 50.36057692307692 79
1646519015335 50.36057692307692 80
1646519034452 50.36057692307692 81
1646519053570 50.36057692307692 82
1646519072684 50.36057692307692 83
1646519091800 50.36057692307692 84
1646519110912 50.36057692307692 85
1646519130029 50.36057692307692 86
1646519149144 50.36057692307692 87
1646519168264 50.36057692307692 88
1646519187378 50.36057692307692 89
1646519206493 50.36057692307692 90
1646519225613 50.36057692307692 91
1646519244736 50.36057692307692 92
1646519263852 50.36057692307692 93
1646519282970 50.36057692307692 94
1646519302087 50.36057692307692 95
1646519321208 50.36057692307692 96
1646519340325 50.36057692307692 97
1646519359440 50.36057692307692 98
1646519378557 50.36057692307692 99
