1646517471138 0.001 0
1646517494571 0.001 1
1646517514954 0.001 2
1646517535350 0.001 3
1646517555780 0.001 4
1646517574902 0.001 5
1646517594021 0.001 6
1646517614451 0.001 7
1646517634875 0.001 8
1646517655921 0.001 9
1646517675031 0.001 10
1646517694148 0.001 11
1646517713268 0.001 12
1646517732389 0.001 13
1646517753512 0.001 14
1646517772626 0.001 15
1646517791740 0.001 16
1646517810857 0.001 17
1646517829972 0.001 18
1646517849091 0.001 19
1646517868212 0.0005 20
1646517887331 0.0005 21
1646517906447 0.0005 22
1646517925562 0.0005 23
1646517944674 0.0005 24
1646517963793 0.0005 25
1646517982912 0.0005 26
1646518002034 0.0005 27
1646518021150 0.0005 28
1646518040265 0.0005 29
1646518059385 0.0005 30
1646518078499 0.0005 31
1646518097613 0.0005 32
1646518116730 0.0005 33
1646518135836 0.0005 34
1646518154953 0.0005 35
1646518174074 0.0005 36
1646518193189 0.0005 37
1646518212309 0.0005 38
1646518231424 0.0005 39
1646518250537 0.00025 40
1646518269651 0.00025 41
1646518288773 0.00025 42
1646518307890 0.00025 43
1646518327006 0.00025 44
1646518346123 0.00025 45
1646518365239 0.00025 46
1646518384354 0.00025 47
1646518403477 0.00025 48
1646518422593 0.00025 49
1646518441707 0.00025 50
1646518460821 0.00025 51
1646518479940 0.00025 52
1646518499058 0.00025 53
1646518518180 0.00025 54
1646518537296 0.00025 55
1646518556417 0.00025 56
1646518575537 0.00025 57
1646518594697 0.00025 58
1646518613817 0.00025 59
1646518632936 0.000125 60
1646518652056 0.000125 61
1646518671174 0.000125 62
1646518690298 0.000125 63
1646518709418 0.000125 64
1646518728538 0.000125 65
1646518747657 0.000125 66
1646518766780 0.000125 67
1646518785901 0.000125 68
1646518805020 0.000125 69
1646518824142 0.000125 70
1646518843260 0.000125 71
1646518862378 0.000125 72
1646518881502 0.000125 73
1646518900622 0.000125 74
1646518919739 0.000125 75
1646518938854 0.000125 76
1646518957970 0.000125 77
1646518977090 0.000125 78
1646518996207 0.000125 79
1646519015323 6.25e-05 80
1646519034441 6.25e-05 81
1646519053559 6.25e-05 82
1646519072672 6.25e-05 83
1646519091787 6.25e-05 84
1646519110901 6.25e-05 85
1646519130017 6.25e-05 86
1646519149130 6.25e-05 87
1646519168252 6.25e-05 88
1646519187364 6.25e-05 89
1646519206481 6.25e-05 90
1646519225598 6.25e-05 91
1646519244722 6.25e-05 92
1646519263838 6.25e-05 93
1646519282955 6.25e-05 94
1646519302073 6.25e-05 95
1646519321193 6.25e-05 96
1646519340312 6.25e-05 97
1646519359426 6.25e-05 98
1646519378543 6.25e-05 99
