1646517471980 34.67881944444444 0
1646517494578 55.77256944444444 1
1646517514961 63.62847222222222 2
1646517535358 69.29976851851852 3
1646517555787 72.2511574074074 4
1646517574908 75.18807870370371 5
1646517594026 77.50289351851852 6
1646517614457 79.97685185185185 7
1646517634882 82.50868055555556 8
1646517655927 84.375 9
1646517675039 86.50173611111111 10
1646517694154 88.41145833333333 11
1646517713274 90.30671296296296 12
1646517732395 90.94328703703704 13
1646517753518 92.54918981481481 14
1646517772632 92.72280092592592 15
1646517791747 94.16956018518519 16
1646517810863 93.89467592592592 17
1646517829979 94.56018518518519 18
1646517849098 94.97974537037037 19
1646517868219 96.52777777777777 20
1646517887338 98.27835648148148 21
1646517906453 98.29282407407408 22
1646517925569 98.4519675925926 23
1646517944681 98.72685185185185 24
1646517963799 98.98726851851852 25
1646517982919 98.97280092592592 26
1646518002041 98.94386574074075 27
1646518021157 98.91493055555556 28
1646518040272 98.59664351851852 29
1646518059393 98.94386574074075 30
1646518078506 98.8136574074074 31
1646518097620 98.90046296296296 32
1646518116738 98.828125 33
1646518135845 98.77025462962963 34
1646518154962 99.2042824074074 35
1646518174081 99.27662037037037 36
1646518193197 99.07407407407408 37
1646518212317 98.77025462962963 38
1646518231432 98.75578703703704 39
1646518250545 99.42129629629629 40
1646518269660 99.69618055555556 41
1646518288781 99.63831018518519 42
1646518307898 99.6238425925926 43
1646518327014 99.69618055555556 44
1646518346132 99.82638888888889 45
1646518365248 99.79745370370371 46
1646518384363 99.68171296296296 47
1646518403485 99.72511574074075 48
1646518422601 99.78298611111111 49
1646518441714 99.78298611111111 50
1646518460830 99.75405092592592 51
1646518479948 99.73958333333333 52
1646518499067 99.56597222222223 53
1646518518188 99.81192129629629 54
1646518537304 99.65277777777777 55
1646518556425 99.45023148148148 56
1646518575562 99.76851851851852 57
1646518594705 99.85532407407408 58
1646518613824 99.66724537037037 59
1646518632943 99.68171296296296 60
1646518652063 99.84085648148148 61
1646518671182 99.89872685185185 62
1646518690305 99.88425925925925 63
1646518709425 99.89872685185185 64
1646518728546 99.86979166666667 65
1646518747665 99.82638888888889 66
1646518766786 99.85532407407408 67
1646518785908 99.78298611111111 68
1646518805028 99.89872685185185 69
1646518824150 99.91319444444444 70
1646518843268 99.89872685185185 71
1646518862386 99.86979166666667 72
1646518881509 99.91319444444444 73
1646518900628 99.85532407407408 74
1646518919744 99.82638888888889 75
1646518938860 99.85532407407408 76
1646518957976 99.85532407407408 77
1646518977096 99.89872685185185 78
1646518996214 99.85532407407408 79
1646519015330 99.92766203703704 80
1646519034448 99.91319444444444 81
1646519053566 99.9855324074074 82
1646519072679 99.91319444444444 83
1646519091795 99.95659722222223 84
1646519110907 99.91319444444444 85
1646519130025 99.95659722222223 86
1646519149139 99.91319444444444 87
1646519168260 99.91319444444444 88
1646519187373 99.92766203703704 89
1646519206489 99.94212962962963 90
1646519225607 99.95659722222223 91
1646519244731 99.94212962962963 92
1646519263847 100.0 93
1646519282964 99.95659722222223 94
1646519302082 99.89872685185185 95
1646519321202 99.9855324074074 96
1646519340320 99.91319444444444 97
1646519359435 99.89872685185185 98
1646519378552 99.89872685185185 99
