1646517471598 4.79505173806791 0
1646517494574 1.5673563855665702 1
1646517514957 1.245846532009266 2
1646517535353 1.056753138701121 3
1646517555783 0.9335256086455451 4
1646517574904 0.8190141198811708 5
1646517594023 0.7425748153969094 6
1646517614453 0.659912281566196 7
1646517634878 0.5751099536816279 8
1646517655923 0.515413396888309 9
1646517675034 0.4509465170127374 10
1646517694150 0.39355412401534895 11
1646517713270 0.3362836261038427 12
1646517732392 0.30571196255860505 13
1646517753515 0.2725803581652818 14
1646517772629 0.24776078208729072 15
1646517791743 0.2147314290481585 16
1646517810860 0.2142865308732898 17
1646517829975 0.18457874241802427 18
1646517849094 0.18012816596914222 19
1646517868215 0.13224024684340865 20
1646517887335 0.08565483228475959 21
1646517906449 0.07520082606761544 22
1646517925565 0.06841617691572066 23
1646517944677 0.062232342583161813 24
1646517963796 0.05366202557666434 25
1646517982915 0.051513045853762714 26
1646518002036 0.05435388904340841 27
1646518021153 0.05067179765966204 28
1646518040268 0.057119977143075734 29
1646518059388 0.04863297094211534 30
1646518078502 0.05073383098675145 31
1646518097617 0.048174663791777914 32
1646518116733 0.048210699318183795 33
1646518135840 0.05149081083773463 34
1646518154957 0.038724844395700425 35
1646518174077 0.03752891358022613 36
1646518193192 0.03976150393417036 37
1646518212312 0.05043326783925295 38
1646518231427 0.05135434796964681 39
1646518250540 0.029881271464681183 40
1646518269654 0.022087518556940335 41
1646518288777 0.019806742771632142 42
1646518307893 0.018925014779799514 43
1646518327009 0.017981072232403136 44
1646518346127 0.013760305415080101 45
1646518365243 0.013345850666088087 46
1646518384357 0.016194986998689948 47
1646518403480 0.014974888103703657 48
1646518422596 0.01414150097924802 49
1646518441710 0.01328275001745809 50
1646518460824 0.015309453157156153 51
1646518479943 0.014500266557593865 52
1646518499061 0.022174084231395413 53
1646518518183 0.015414099838515674 54
1646518537299 0.015537520784332796 55
1646518556420 0.022247602568111487 56
1646518575544 0.014998637458861427 57
1646518594701 0.011911065205586728 58
1646518613819 0.014506960611066056 59
1646518632938 0.01359936536324245 60
1646518652059 0.009733118992126375 61
1646518671177 0.008584051742218435 62
1646518690300 0.007828714916724022 63
1646518709421 0.007479356981262013 64
1646518728541 0.007865017167878923 65
1646518747661 0.009106221923570114 66
1646518766782 0.008599169142716736 67
1646518785904 0.010187356512890093 68
1646518805023 0.00903885325209962 69
1646518824145 0.007551379178443717 70
1646518843264 0.007789069144227715 71
1646518862381 0.008189978858421522 72
1646518881505 0.0070776098399181605 73
1646518900624 0.0073790859077470725 74
1646518919741 0.008496397485335669 75
1646518938856 0.008841818013159489 76
1646518957972 0.008589343318750185 77
1646518977092 0.007389426020112027 78
1646518996209 0.008211727922402875 79
1646519015326 0.005369269207154435 80
1646519034444 0.005094942901956124 81
1646519053562 0.004411256044275231 82
1646519072674 0.005668166257372057 83
1646519091791 0.0038044318401565156 84
1646519110904 0.005111657039917729 85
1646519130021 0.005063509909194653 86
1646519149133 0.005316918161783919 87
1646519168255 0.006445393973047397 88
1646519187368 0.0053128095912850564 89
1646519206484 0.004430477858814238 90
1646519225601 0.00471124040066368 91
1646519244725 0.004455311040618215 92
1646519263841 0.0034144620165332323 93
1646519282958 0.003531546638071261 94
1646519302077 0.004554299961051179 95
1646519321197 0.003555507787192861 96
1646519340315 0.0044394706578545825 97
1646519359429 0.005393110327767553 98
1646519378546 0.0051672629563620795 99
