1646511437481 0 0
1646511447069 28.571428571428573 1
1646511457549 31.25 2
1646511465993 40.848214285714285 3
1646511473238 45.982142857142854 4
1646511480461 51.004464285714285 5
1646511487668 54.575892857142854 6
1646511494935 63.504464285714285 7
1646511503338 68.41517857142857 8
1646511508036 68.41517857142857 9
1646511513840 68.41517857142857 10
1646511518538 68.41517857142857 11
1646511525774 74.10714285714286 12
1646511530477 74.10714285714286 13
1646511535193 74.10714285714286 14
1646511539899 74.10714285714286 15
1646511547133 76.11607142857143 16
1646511551840 76.11607142857143 17
1646511557726 76.11607142857143 18
1646511562433 76.11607142857143 19
1646511570847 78.45982142857143 20
1646511579206 83.37053571428571 21
1646511583909 83.37053571428571 22
1646511589695 83.37053571428571 23
1646511595801 83.92857142857143 24
1646511600506 83.92857142857143 25
1646511605214 83.92857142857143 26
1646511609923 83.92857142857143 27
1646511614952 83.92857142857143 28
1646511619663 83.92857142857143 29
1646511624380 83.92857142857143 30
1646511629096 83.92857142857143 31
1646511636344 85.04464285714286 32
1646511641062 85.04464285714286 33
1646511645780 85.04464285714286 34
1646511650500 85.04464285714286 35
1646511655736 85.04464285714286 36
1646511660456 85.04464285714286 37
1646511665179 85.04464285714286 38
1646511669900 85.04464285714286 39
1646511677071 85.37946428571429 40
1646511684300 88.72767857142857 41
1646511691526 89.17410714285714 42
1646511696239 89.17410714285714 43
1646511700951 89.17410714285714 44
1646511705670 89.17410714285714 45
1646511710387 89.17410714285714 46
1646511715105 89.17410714285714 47
1646511719826 89.17410714285714 48
1646511724544 89.17410714285714 49
1646511729268 89.17410714285714 50
1646511733986 89.17410714285714 51
1646511738708 89.17410714285714 52
1646511743430 89.17410714285714 53
1646511748151 89.17410714285714 54
1646511752875 89.17410714285714 55
1646511757603 89.17410714285714 56
1646511762333 89.17410714285714 57
1646511767061 89.17410714285714 58
1646511771787 89.17410714285714 59
1646511776508 89.17410714285714 60
1646511781229 89.17410714285714 61
1646511786050 89.17410714285714 62
1646511790771 89.17410714285714 63
1646511798004 89.95535714285714 64
1646511802723 89.95535714285714 65
1646511807445 89.95535714285714 66
1646511812163 89.95535714285714 67
1646511818264 90.40178571428571 68
1646511822977 90.40178571428571 69
1646511827696 90.40178571428571 70
1646511833800 90.73660714285714 71
1646511838523 90.73660714285714 72
1646511843243 90.73660714285714 73
1646511847968 90.73660714285714 74
1646511852687 90.73660714285714 75
1646511857413 90.73660714285714 76
1646511862134 90.73660714285714 77
1646511866857 90.73660714285714 78
1646511871579 90.73660714285714 79
1646511876915 90.73660714285714 80
1646511881638 90.73660714285714 81
1646511886360 90.73660714285714 82
1646511891082 90.73660714285714 83
1646511895806 90.73660714285714 84
1646511900533 90.73660714285714 85
1646511906646 90.95982142857143 86
1646511911367 90.95982142857143 87
1646511917468 91.74107142857143 88
1646511922190 91.74107142857143 89
1646511926910 91.74107142857143 90
1646511931628 91.74107142857143 91
1646511936349 91.74107142857143 92
1646511941071 91.74107142857143 93
1646511945795 91.74107142857143 94
1646511950521 91.74107142857143 95
1646511955257 91.74107142857143 96
1646511959972 91.74107142857143 97
1646511964687 91.74107142857143 98
1646511969404 91.74107142857143 99
