1646511437470 0.001 0
1646511447059 0.001 1
1646511456630 0.001 2
1646511465982 0.001 3
1646511473228 0.001 4
1646511480449 0.001 5
1646511487658 0.001 6
1646511494921 0.001 7
1646511503326 0.001 8
1646511508026 0.001 9
1646511512729 0.001 10
1646511518526 0.001 11
1646511525762 0.001 12
1646511530465 0.001 13
1646511535173 0.001 14
1646511539888 0.001 15
1646511547122 0.001 16
1646511551830 0.001 17
1646511556537 0.001 18
1646511562423 0.001 19
1646511570837 0.0005 20
1646511579195 0.0005 21
1646511583897 0.0005 22
1646511588604 0.0005 23
1646511595789 0.0005 24
1646511600495 0.0005 25
1646511605203 0.0005 26
1646511609911 0.0005 27
1646511614622 0.0005 28
1646511619652 0.0005 29
1646511624369 0.0005 30
1646511629084 0.0005 31
1646511636333 0.0005 32
1646511641049 0.0005 33
1646511645768 0.0005 34
1646511650488 0.0005 35
1646511655204 0.0005 36
1646511660443 0.0005 37
1646511665167 0.0005 38
1646511669887 0.0005 39
1646511677057 0.00025 40
1646511684284 0.00025 41
1646511691512 0.00025 42
1646511696226 0.00025 43
1646511700939 0.00025 44
1646511705656 0.00025 45
1646511710374 0.00025 46
1646511715092 0.00025 47
1646511719813 0.00025 48
1646511724532 0.00025 49
1646511729255 0.00025 50
1646511733974 0.00025 51
1646511738694 0.00025 52
1646511743418 0.00025 53
1646511748138 0.00025 54
1646511752861 0.00025 55
1646511757589 0.00025 56
1646511762320 0.00025 57
1646511767048 0.00025 58
1646511771773 0.00025 59
1646511776494 0.000125 60
1646511781215 0.000125 61
1646511785942 0.000125 62
1646511790759 0.000125 63
1646511797993 0.000125 64
1646511802711 0.000125 65
1646511807433 0.000125 66
1646511812152 0.000125 67
1646511818252 0.000125 68
1646511822966 0.000125 69
1646511827683 0.000125 70
1646511833788 0.000125 71
1646511838512 0.000125 72
1646511843232 0.000125 73
1646511847956 0.000125 74
1646511852676 0.000125 75
1646511857401 0.000125 76
1646511862122 0.000125 77
1646511866844 0.000125 78
1646511871568 0.000125 79
1646511876297 6.25e-05 80
1646511881627 6.25e-05 81
1646511886349 6.25e-05 82
1646511891070 6.25e-05 83
1646511895796 6.25e-05 84
1646511900520 6.25e-05 85
1646511906634 6.25e-05 86
1646511911357 6.25e-05 87
1646511917456 6.25e-05 88
1646511922179 6.25e-05 89
1646511926898 6.25e-05 90
1646511931617 6.25e-05 91
1646511936337 6.25e-05 92
1646511941060 6.25e-05 93
1646511945784 6.25e-05 94
1646511950509 6.25e-05 95
1646511955247 6.25e-05 96
1646511959961 6.25e-05 97
1646511964675 6.25e-05 98
1646511969391 6.25e-05 99
