1646511437473 2.105154810807644 0
1646511447061 1.8164009772814238 1
1646511456996 1.6623782714207966 2
1646511465985 1.5009971918203893 3
1646511473230 1.327041629033211 4
1646511480452 1.2015685301560621 5
1646511487660 1.1179349605853741 6
1646511494923 0.9901235500971476 7
1646511503329 0.9014657124494895 8
1646511508028 0.857422472574772 9
1646511513110 0.8170192761298938 10
1646511518530 0.7231404024821061 11
1646511525766 0.6979195368595612 12
1646511530468 0.6342863257114704 13
1646511535184 0.6037928332120944 14
1646511539891 0.5722387578242865 15
1646511547125 0.5452791910905105 16
1646511551833 0.4861074812137164 17
1646511556893 0.47419393597505033 18
1646511562426 0.45427641883874553 19
1646511570840 0.3528750592317337 20
1646511579198 0.3144248406856488 21
1646511583900 0.29822075825471145 22
1646511588960 0.30002076771014774 23
1646511595792 0.26890919185601747 24
1646511600498 0.2691243766592099 25
1646511605205 0.24757813184689254 26
1646511609914 0.22505838462175468 27
1646511614941 0.22607273818590704 28
1646511619655 0.23426858698710418 29
1646511624372 0.22851020441605494 30
1646511629087 0.20369899807832179 31
1646511636335 0.194772801338098 32
1646511641052 0.2023411572743685 33
1646511645771 0.187044104322409 34
1646511650491 0.17724113319164667 35
1646511655537 0.17688147609050459 36
1646511660446 0.16328805264754173 37
1646511665170 0.15995178639124602 38
1646511669891 0.1730001477094797 39
1646511677060 0.10869054601360591 40
1646511684288 0.07877524631718795 41
1646511691516 0.06969971668261749 42
1646511696229 0.06211599339850438 43
1646511700942 0.06503315871724716 44
1646511705659 0.06047611053173359 45
1646511710377 0.05745531663967249 46
1646511715095 0.05160258887096857 47
1646511719816 0.055079253151630744 48
1646511724535 0.05493164611741518 49
1646511729258 0.06338297556608151 50
1646511733977 0.04814879433848919 51
1646511738697 0.05370873776383889 52
1646511743421 0.05902083380482136 53
1646511748141 0.04893961816261976 54
1646511752865 0.05497189453588082 55
1646511757592 0.05378184653818607 56
1646511762323 0.047926804050803185 57
1646511767051 0.04879442635828104 58
1646511771776 0.041285567033367276 59
1646511776497 0.028025942066541083 60
1646511781219 0.02140891660625736 61
1646511786039 0.02272802986538945 62
1646511790762 0.023248267371971637 63
1646511797996 0.022254411871425617 64
1646511802714 0.02245202744140839 65
1646511807436 0.017480178234668877 66
1646511812154 0.01762589551986028 67
1646511818255 0.01617478584058774 68
1646511822969 0.015501664258921757 69
1646511827686 0.013470090131681317 70
1646511833791 0.019220145634160593 71
1646511838515 0.019208041318238545 72
1646511843235 0.017054159158410933 73
1646511847959 0.017687925967411734 74
1646511852679 0.01427119636000731 75
1646511857403 0.012070141962538354 76
1646511862125 0.013642108987252682 77
1646511866847 0.013314586831256747 78
1646511871571 0.016241019293188285 79
1646511876651 0.011142424152543148 80
1646511881629 0.011387089455428604 81
1646511886352 0.012276698414307948 82
1646511891073 0.01394885365301982 83
1646511895798 0.009956445735998644 84
1646511900525 0.012529420045514902 85
1646511906636 0.009797567441963997 86
1646511911359 0.009118225688162522 87
1646511917459 0.011549500927615624 88
1646511922182 0.008948921858786773 89
1646511926901 0.008987820256525317 90
1646511931620 0.00846628664742009 91
1646511936340 0.006373831390355451 92
1646511941062 0.007493085221936688 93
1646511945787 0.009223805131533971 94
1646511950512 0.00785403640773625 95
1646511955250 0.006456540873608528 96
1646511959964 0.008055228384760901 97
1646511964679 0.0073892691751751 98
1646511969394 0.010238494873285675 99
