1646511437477 26.642628205128204 0
1646511447065 36.77884615384615 1
1646511457544 41.60657051282051 2
1646511465988 48.63782051282051 3
1646511473234 54.38701923076923 4
1646511480456 58.874198717948715 5
1646511487664 61.11778846153846 6
1646511494928 66.50641025641026 7
1646511503334 69.25080128205128 8
1646511508033 71.07371794871794 9
1646511513824 72.37580128205128 10
1646511518534 75.58092948717949 11
1646511525770 76.4823717948718 12
1646511530473 78.66586538461539 13
1646511535189 79.66746794871794 14
1646511539895 80.06810897435898 15
1646511547129 81.49038461538461 16
1646511551836 83.61378205128206 17
1646511557607 83.19310897435898 18
1646511562430 83.83413461538461 19
1646511570844 88.2411858974359 20
1646511579202 88.58173076923077 21
1646511583904 89.66346153846153 22
1646511589675 89.52323717948718 23
1646511595796 90.5448717948718 24
1646511600502 91.02564102564102 25
1646511605210 91.18589743589743 26
1646511609918 91.94711538461539 27
1646511614947 92.00721153846153 28
1646511619659 91.88701923076923 29
1646511624376 92.1474358974359 30
1646511629092 93.20913461538461 31
1646511636340 92.8485576923077 32
1646511641058 92.96875 33
1646511645775 93.0088141025641 34
1646511650496 94.01041666666667 35
1646511655731 93.58974358974359 36
1646511660451 94.27083333333333 37
1646511665174 94.27083333333333 38
1646511669895 93.97035256410257 39
1646511677066 96.7548076923077 40
1646511684294 97.39583333333333 41
1646511691521 97.75641025641026 42
1646511696234 97.97676282051282 43
1646511700947 98.11698717948718 44
1646511705664 98.33733974358974 45
1646511710382 98.37740384615384 46
1646511715100 98.4375 47
1646511719821 98.13701923076923 48
1646511724540 98.4775641025641 49
1646511729263 97.93669871794872 50
1646511733982 98.49759615384616 51
1646511738703 98.27724358974359 52
1646511743426 98.23717948717949 53
1646511748146 98.49759615384616 54
1646511752870 98.25721153846153 55
1646511757598 98.17708333333333 56
1646511762328 98.4775641025641 57
1646511767056 98.37740384615384 58
1646511771781 98.87820512820512 59
1646511776502 99.27884615384616 60
1646511781224 99.39903846153847 61
1646511786045 99.39903846153847 62
1646511790766 99.43910256410257 63
1646511798000 99.2988782051282 64
1646511802718 99.43910256410257 65
1646511807441 99.59935897435898 66
1646511812159 99.61939102564102 67
1646511818259 99.69951923076923 68
1646511822973 99.71955128205128 69
1646511827691 99.69951923076923 70
1646511833795 99.53926282051282 71
1646511838519 99.45913461538461 72
1646511843239 99.53926282051282 73
1646511847963 99.35897435897436 74
1646511852683 99.61939102564102 75
1646511857408 99.69951923076923 76
1646511862129 99.69951923076923 77
1646511866852 99.55929487179488 78
1646511871575 99.51923076923077 79
1646511876910 99.83974358974359 80
1646511881633 99.73958333333333 81
1646511886356 99.69951923076923 82
1646511891078 99.63942307692308 83
1646511895802 99.81971153846153 84
1646511900529 99.67948717948718 85
1646511906641 99.73958333333333 86
1646511911363 99.77964743589743 87
1646511917463 99.69951923076923 88
1646511922186 99.75961538461539 89
1646511926906 99.77964743589743 90
1646511931624 99.81971153846153 91
1646511936344 99.8798076923077 92
1646511941067 99.77964743589743 93
1646511945791 99.79967948717949 94
1646511950517 99.81971153846153 95
1646511955253 99.85977564102564 96
1646511959968 99.83974358974359 97
1646511964683 99.85977564102564 98
1646511969399 99.67948717948718 99
