1646517471988 0 0
1646517495889 31.350160256410255 1
1646517517707 41.145833333333336 2
1646517538375 45.25240384615385 3
1646517557749 45.25240384615385 4
1646517578417 49.2588141025641 5
1646517597817 49.2588141025641 6
1646517617223 49.2588141025641 7
1646517636633 49.2588141025641 8
1646517657977 49.2588141025641 9
1646517677376 49.2588141025641 10
1646517696789 49.2588141025641 11
1646517716205 49.2588141025641 12
1646517735617 49.2588141025641 13
1646517756934 49.2588141025641 14
1646517776338 49.2588141025641 15
1646517795750 49.2588141025641 16
1646517815166 49.2588141025641 17
1646517834578 49.2588141025641 18
1646517853992 49.2588141025641 19
1646517873405 49.2588141025641 20
1646517892821 49.2588141025641 21
1646517912239 49.2588141025641 22
1646517931659 49.2588141025641 23
1646517951074 49.2588141025641 24
1646517970486 49.2588141025641 25
1646517989902 49.2588141025641 26
1646518009317 49.2588141025641 27
1646518028776 49.2588141025641 28
1646518048195 49.2588141025641 29
1646518067609 49.2588141025641 30
1646518087031 49.2588141025641 31
1646518106446 49.2588141025641 32
1646518125857 49.2588141025641 33
1646518145274 49.2588141025641 34
1646518164693 49.2588141025641 35
1646518184115 49.2588141025641 36
1646518203539 49.2588141025641 37
1646518222958 49.2588141025641 38
1646518242376 49.2588141025641 39
1646518261795 49.2588141025641 40
1646518281214 49.2588141025641 41
1646518300637 49.2588141025641 42
1646518320053 49.2588141025641 43
1646518339465 49.2588141025641 44
1646518358877 49.2588141025641 45
1646518378289 49.2588141025641 46
1646518397701 49.2588141025641 47
1646518417116 49.2588141025641 48
1646518436532 49.2588141025641 49
1646518455945 49.2588141025641 50
1646518475354 49.2588141025641 51
1646518494770 49.2588141025641 52
1646518514160 49.2588141025641 53
1646518533556 49.2588141025641 54
1646518552957 49.2588141025641 55
1646518572348 49.2588141025641 56
1646518591740 49.2588141025641 57
1646518611142 49.2588141025641 58
1646518630543 49.2588141025641 59
1646518649945 49.2588141025641 60
1646518669352 49.2588141025641 61
1646518688757 49.2588141025641 62
1646518708156 49.2588141025641 63
1646518727560 49.2588141025641 64
1646518746963 49.2588141025641 65
1646518766363 49.2588141025641 66
1646518785770 49.2588141025641 67
1646518805181 49.2588141025641 68
1646518824589 49.2588141025641 69
1646518843994 49.2588141025641 70
1646518863397 49.2588141025641 71
1646518882795 49.2588141025641 72
1646518902194 49.2588141025641 73
1646518921593 49.2588141025641 74
1646518940988 49.2588141025641 75
1646518960394 49.2588141025641 76
1646518979798 49.2588141025641 77
1646518999194 49.2588141025641 78
1646519018598 49.2588141025641 79
1646519038008 49.2588141025641 80
1646519057411 49.2588141025641 81
1646519076819 49.2588141025641 82
1646519096228 49.2588141025641 83
1646519115636 49.2588141025641 84
1646519135037 49.2588141025641 85
1646519154442 49.2588141025641 86
1646519173852 49.2588141025641 87
1646519193248 49.2588141025641 88
1646519212652 49.2588141025641 89
1646519232059 49.2588141025641 90
1646519251473 49.2588141025641 91
1646519270885 49.2588141025641 92
1646519290294 49.2588141025641 93
1646519309705 49.2588141025641 94
1646519329111 49.2588141025641 95
1646519348517 49.2588141025641 96
1646519367917 49.2588141025641 97
1646519387330 49.2588141025641 98
1646519406741 49.2588141025641 99
