1646517471508 0.001 0
1646517494769 0.001 1
1646517517695 0.001 2
1646517538364 0.001 3
1646517557738 0.001 4
1646517578406 0.001 5
1646517597806 0.001 6
1646517617211 0.001 7
1646517636621 0.001 8
1646517657966 0.001 9
1646517677365 0.001 10
1646517696777 0.001 11
1646517716194 0.001 12
1646517735607 0.001 13
1646517756923 0.001 14
1646517776328 0.001 15
1646517795740 0.001 16
1646517815155 0.001 17
1646517834566 0.001 18
1646517853981 0.001 19
1646517873395 0.0005 20
1646517892810 0.0005 21
1646517912227 0.0005 22
1646517931649 0.0005 23
1646517951062 0.0005 24
1646517970476 0.0005 25
1646517989890 0.0005 26
1646518009305 0.0005 27
1646518028718 0.0005 28
1646518048182 0.0005 29
1646518067597 0.0005 30
1646518087020 0.0005 31
1646518106435 0.0005 32
1646518125845 0.0005 33
1646518145260 0.0005 34
1646518164680 0.0005 35
1646518184102 0.0005 36
1646518203525 0.0005 37
1646518222945 0.0005 38
1646518242362 0.0005 39
1646518261782 0.00025 40
1646518281200 0.00025 41
1646518300626 0.00025 42
1646518320041 0.00025 43
1646518339451 0.00025 44
1646518358865 0.00025 45
1646518378276 0.00025 46
1646518397688 0.00025 47
1646518417102 0.00025 48
1646518436519 0.00025 49
1646518455931 0.00025 50
1646518475341 0.00025 51
1646518494756 0.00025 52
1646518514146 0.00025 53
1646518533542 0.00025 54
1646518552943 0.00025 55
1646518572336 0.00025 56
1646518591728 0.00025 57
1646518611130 0.00025 58
1646518630530 0.00025 59
1646518649934 0.000125 60
1646518669338 0.000125 61
1646518688746 0.000125 62
1646518708146 0.000125 63
1646518727548 0.000125 64
1646518746951 0.000125 65
1646518766352 0.000125 66
1646518785758 0.000125 67
1646518805170 0.000125 68
1646518824577 0.000125 69
1646518843982 0.000125 70
1646518863386 0.000125 71
1646518882785 0.000125 72
1646518902183 0.000125 73
1646518921582 0.000125 74
1646518940978 0.000125 75
1646518960384 0.000125 76
1646518979787 0.000125 77
1646518999183 0.000125 78
1646519018581 0.000125 79
1646519037997 6.25e-05 80
1646519057400 6.25e-05 81
1646519076808 6.25e-05 82
1646519096216 6.25e-05 83
1646519115624 6.25e-05 84
1646519135025 6.25e-05 85
1646519154428 6.25e-05 86
1646519173839 6.25e-05 87
1646519193235 6.25e-05 88
1646519212639 6.25e-05 89
1646519232045 6.25e-05 90
1646519251460 6.25e-05 91
1646519270872 6.25e-05 92
1646519290280 6.25e-05 93
1646519309692 6.25e-05 94
1646519329100 6.25e-05 95
1646519348504 6.25e-05 96
1646519367904 6.25e-05 97
1646519387316 6.25e-05 98
1646519406728 6.25e-05 99
