1646517471983 32.364004629629626 0
1646517495884 55.6568287037037 1
1646517517703 64.20717592592592 2
1646517538371 68.22916666666667 3
1646517557745 71.94733796296296 4
1646517578413 75.36168981481481 5
1646517597813 77.76331018518519 6
1646517617218 80.54108796296296 7
1646517636628 82.68229166666667 8
1646517657973 84.82349537037037 9
1646517677372 86.61747685185185 10
1646517696784 87.70254629629629 11
1646517716201 88.671875 12
1646517735614 90.49479166666667 13
1646517756930 92.08622685185185 14
1646517776335 92.47685185185185 15
1646517795746 93.53298611111111 16
1646517815162 94.71932870370371 17
1646517834574 94.24189814814815 18
1646517853987 94.02488425925925 19
1646517873402 97.32349537037037 20
1646517892817 97.97453703703704 21
1646517912234 98.46643518518519 22
1646517931656 98.56770833333333 23
1646517951070 98.88599537037037 24
1646517970482 98.65451388888889 25
1646517989897 98.8136574074074 26
1646518009312 99.03067129629629 27
1646518028771 99.10300925925925 28
1646518048189 98.8136574074074 29
1646518067604 98.87152777777777 30
1646518087027 98.65451388888889 31
1646518106442 98.65451388888889 32
1646518125852 98.98726851851852 33
1646518145268 99.00173611111111 34
1646518164688 98.65451388888889 35
1646518184110 98.87152777777777 36
1646518203533 98.64004629629629 37
1646518222953 98.78472222222223 38
1646518242371 98.75578703703704 39
1646518261790 99.26215277777777 40
1646518281209 99.609375 41
1646518300634 99.609375 42
1646518320049 99.69618055555556 43
1646518339460 99.72511574074075 44
1646518358872 99.76851851851852 45
1646518378284 99.69618055555556 46
1646518397696 99.73958333333333 47
1646518417111 99.76851851851852 48
1646518436528 99.76851851851852 49
1646518455940 99.78298611111111 50
1646518475350 99.68171296296296 51
1646518494766 99.73958333333333 52
1646518514155 99.78298611111111 53
1646518533550 99.69618055555556 54
1646518552952 99.609375 55
1646518572344 99.76851851851852 56
1646518591736 99.76851851851852 57
1646518611137 99.65277777777777 58
1646518630538 99.65277777777777 59
1646518649941 99.73958333333333 60
1646518669347 99.89872685185185 61
1646518688753 99.89872685185185 62
1646518708152 99.89872685185185 63
1646518727556 99.91319444444444 64
1646518746958 99.88425925925925 65
1646518766359 99.86979166666667 66
1646518785765 99.78298611111111 67
1646518805176 99.85532407407408 68
1646518824584 99.85532407407408 69
1646518843990 99.88425925925925 70
1646518863393 99.88425925925925 71
1646518882791 99.85532407407408 72
1646518902190 99.92766203703704 73
1646518921589 99.91319444444444 74
1646518940985 99.86979166666667 75
1646518960390 99.86979166666667 76
1646518979794 99.86979166666667 77
1646518999190 99.97106481481481 78
1646519018589 99.92766203703704 79
1646519038004 99.92766203703704 80
1646519057407 99.92766203703704 81
1646519076815 99.89872685185185 82
1646519096223 99.95659722222223 83
1646519115632 99.92766203703704 84
1646519135033 99.95659722222223 85
1646519154437 99.91319444444444 86
1646519173848 99.92766203703704 87
1646519193243 99.97106481481481 88
1646519212648 99.97106481481481 89
1646519232054 99.92766203703704 90
1646519251469 99.94212962962963 91
1646519270880 99.97106481481481 92
1646519290288 99.95659722222223 93
1646519309700 99.92766203703704 94
1646519329107 99.94212962962963 95
1646519348513 99.95659722222223 96
1646519367912 99.94212962962963 97
1646519387324 99.92766203703704 98
1646519406736 99.92766203703704 99
