1646517471956 3.1997686911512306 0
1646517495195 1.5628132511068273 1
1646517517699 1.2252050792729412 2
1646517538367 1.059115861301069 3
1646517557741 0.9277621154431943 4
1646517578408 0.8044554447686231 5
1646517597809 0.7211484434428038 6
1646517617214 0.6427416558618899 7
1646517636624 0.5597410168912675 8
1646517657968 0.4969055387708876 9
1646517677368 0.4494093739324146 10
1646517696780 0.4042915944699888 11
1646517716197 0.3716777118819731 12
1646517735610 0.3257977907304411 13
1646517756926 0.27902157411531164 14
1646517776331 0.2607744234027686 15
1646517795743 0.2262234569147781 16
1646517815158 0.2072298535042339 17
1646517834569 0.2036406517856651 18
1646517853983 0.20674312832178893 19
1646517873398 0.11278330686467665 20
1646517892813 0.08799404016247502 21
1646517912230 0.07525088769142274 22
1646517931652 0.06977344242235024 23
1646517951065 0.058924418977565236 24
1646517970478 0.0625042075774184 25
1646517989893 0.05754901568784758 26
1646518009307 0.050944770927782414 27
1646518028765 0.04997695509896234 28
1646518048185 0.05285411262539802 29
1646518067600 0.05159440922930285 30
1646518087023 0.05879404740752997 31
1646518106438 0.058113415380594904 32
1646518125848 0.04689373910703041 33
1646518145263 0.04887745422483594 34
1646518164683 0.057957586349436534 35
1646518184105 0.048309084924834746 36
1646518203528 0.058836264708251866 37
1646518222948 0.05366600460062424 38
1646518242365 0.052317010411233815 39
1646518261785 0.03481494685359023 40
1646518281203 0.023755261165745282 41
1646518300629 0.02119301911443472 42
1646518320044 0.019803480374523334 43
1646518339454 0.016456087645902125 44
1646518358868 0.015643787061519646 45
1646518378279 0.01687214828820692 46
1646518397691 0.014253911570887323 47
1646518417105 0.015778788201579894 48
1646518436523 0.014372577968363961 49
1646518455934 0.01345985754462028 50
1646518475344 0.01613610712983818 51
1646518494760 0.014664171574016413 52
1646518514149 0.012938903937875121 53
1646518533545 0.015641444755062735 54
1646518552947 0.017180117252455267 55
1646518572339 0.01580936941145747 56
1646518591731 0.01328922416669903 57
1646518611133 0.0171307014922301 58
1646518630533 0.01778609453941937 59
1646518649937 0.013096177433100011 60
1646518669341 0.009157229883216874 61
1646518688748 0.007703431256770811 62
1646518708148 0.007364572504431837 63
1646518727551 0.007100211324911841 64
1646518746953 0.008561871971728073 65
1646518766355 0.008800751762464643 66
1646518785761 0.0110278755719601 67
1646518805172 0.008982589326074554 68
1646518824579 0.008026179202176907 69
1646518843985 0.008155596360598726 70
1646518863388 0.0077824549861597245 71
1646518882788 0.00792715747633742 72
1646518902186 0.006782820581941417 73
1646518921585 0.005845867106001134 74
1646518940981 0.007898114069744392 75
1646518960387 0.006579061916218726 76
1646518979789 0.007035227436399846 77
1646518999186 0.004827384444609008 78
1646519018584 0.005705538216581637 79
1646519038000 0.005822599447263336 80
1646519057403 0.005700407030181614 81
1646519076811 0.005589033951292987 82
1646519096219 0.004387614690198528 83
1646519115627 0.005178632971365005 84
1646519135028 0.0042879958076540515 85
1646519154432 0.005331991943185804 86
1646519173843 0.00468755137666853 87
1646519193238 0.004259939415432099 88
1646519212643 0.003798081470584428 89
1646519232049 0.004743336962915405 90
1646519251463 0.004233490197091467 91
1646519270875 0.0035528341842884265 92
1646519290284 0.003606376091570214 93
1646519309696 0.004400290121945242 94
1646519329103 0.005081632735069703 95
1646519348508 0.003606552661275836 96
1646519367907 0.0041798758471419135 97
1646519387320 0.004461942434621354 98
1646519406731 0.003936286168431656 99
