1646517472846 0 0
1646517494593 28.30528846153846 1
1646517516356 38.66185897435897 2
1646517538136 43.14903846153846 3
1646517559918 46.33413461538461 4
1646517581714 47.53605769230769 5
1646517603509 48.19711538461539 6
1646517625309 49.53926282051282 7
1646517647802 49.79967948717949 8
1646517668275 49.79967948717949 9
1646517688779 49.79967948717949 10
1646517709289 49.79967948717949 11
1646517729803 49.79967948717949 12
1646517750319 49.79967948717949 13
1646517770831 49.79967948717949 14
1646517791339 49.79967948717949 15
1646517811847 49.79967948717949 16
1646517832355 49.79967948717949 17
1646517852865 49.79967948717949 18
1646517873374 49.79967948717949 19
1646517893884 49.79967948717949 20
1646517914393 49.79967948717949 21
1646517934905 49.79967948717949 22
1646517955411 49.79967948717949 23
1646517975918 49.79967948717949 24
1646517996423 49.79967948717949 25
1646518016932 49.79967948717949 26
1646518037440 49.79967948717949 27
1646518057951 49.79967948717949 28
1646518078457 49.79967948717949 29
1646518098968 49.79967948717949 30
1646518119479 49.79967948717949 31
1646518139987 49.79967948717949 32
1646518160493 49.79967948717949 33
1646518180996 49.79967948717949 34
1646518201506 49.79967948717949 35
1646518222012 49.79967948717949 36
1646518242516 49.79967948717949 37
1646518263019 49.79967948717949 38
1646518283526 49.79967948717949 39
1646518304031 49.79967948717949 40
1646518324536 49.79967948717949 41
1646518345042 49.79967948717949 42
1646518365546 49.79967948717949 43
1646518386056 49.79967948717949 44
1646518406569 49.79967948717949 45
1646518427076 49.79967948717949 46
1646518447585 49.79967948717949 47
1646518468101 49.79967948717949 48
1646518488614 49.79967948717949 49
1646518509136 49.79967948717949 50
1646518529654 49.79967948717949 51
1646518550166 49.79967948717949 52
1646518570680 49.79967948717949 53
1646518591197 49.79967948717949 54
1646518611712 49.79967948717949 55
1646518632225 49.79967948717949 56
1646518652745 49.79967948717949 57
1646518673258 49.79967948717949 58
1646518693773 49.79967948717949 59
1646518714286 49.79967948717949 60
1646518734806 49.79967948717949 61
1646518755323 49.79967948717949 62
1646518775836 49.79967948717949 63
1646518796349 49.79967948717949 64
1646518816862 49.79967948717949 65
1646518837375 49.79967948717949 66
1646518857893 49.79967948717949 67
1646518878410 49.79967948717949 68
1646518898927 49.79967948717949 69
1646518919451 49.79967948717949 70
1646518939965 49.79967948717949 71
1646518960485 49.79967948717949 72
1646518981002 49.79967948717949 73
1646519001520 49.79967948717949 74
1646519022035 49.79967948717949 75
1646519042552 49.79967948717949 76
1646519063067 49.79967948717949 77
1646519083567 49.79967948717949 78
1646519104076 49.79967948717949 79
1646519124582 49.79967948717949 80
1646519145085 49.79967948717949 81
1646519165605 49.79967948717949 82
1646519186126 49.79967948717949 83
1646519206642 49.79967948717949 84
1646519227155 49.79967948717949 85
1646519247673 49.79967948717949 86
1646519268185 49.79967948717949 87
1646519288705 49.79967948717949 88
1646519309221 49.79967948717949 89
1646519329737 49.79967948717949 90
1646519350249 49.79967948717949 91
1646519370768 49.79967948717949 92
1646519391280 49.79967948717949 93
1646519411797 49.79967948717949 94
1646519432311 49.79967948717949 95
1646519452826 49.79967948717949 96
1646519473338 49.79967948717949 97
1646519493863 49.79967948717949 98
1646519514376 49.79967948717949 99
