1646517471799 0.001 0
1646517494583 0.001 1
1646517516347 0.001 2
1646517538124 0.001 3
1646517559907 0.001 4
1646517581703 0.001 5
1646517603493 0.001 6
1646517625300 0.001 7
1646517647792 0.001 8
1646517668265 0.001 9
1646517688767 0.001 10
1646517709278 0.001 11
1646517729792 0.001 12
1646517750308 0.001 13
1646517770821 0.001 14
1646517791330 0.001 15
1646517811837 0.001 16
1646517832343 0.001 17
1646517852850 0.001 18
1646517873361 0.001 19
1646517893871 0.0005 20
1646517914380 0.0005 21
1646517934893 0.0005 22
1646517955398 0.0005 23
1646517975906 0.0005 24
1646517996411 0.0005 25
1646518016920 0.0005 26
1646518037428 0.0005 27
1646518057938 0.0005 28
1646518078445 0.0005 29
1646518098955 0.0005 30
1646518119467 0.0005 31
1646518139974 0.0005 32
1646518160482 0.0005 33
1646518180986 0.0005 34
1646518201494 0.0005 35
1646518222000 0.0005 36
1646518242506 0.0005 37
1646518263007 0.0005 38
1646518283516 0.0005 39
1646518304021 0.00025 40
1646518324525 0.00025 41
1646518345030 0.00025 42
1646518365534 0.00025 43
1646518386043 0.00025 44
1646518406556 0.00025 45
1646518427063 0.00025 46
1646518447572 0.00025 47
1646518468087 0.00025 48
1646518488602 0.00025 49
1646518509123 0.00025 50
1646518529641 0.00025 51
1646518550153 0.00025 52
1646518570667 0.00025 53
1646518591184 0.00025 54
1646518611698 0.00025 55
1646518632212 0.00025 56
1646518652733 0.00025 57
1646518673245 0.00025 58
1646518693760 0.00025 59
1646518714273 0.000125 60
1646518734793 0.000125 61
1646518755311 0.000125 62
1646518775824 0.000125 63
1646518796337 0.000125 64
1646518816849 0.000125 65
1646518837362 0.000125 66
1646518857881 0.000125 67
1646518878398 0.000125 68
1646518898915 0.000125 69
1646518919439 0.000125 70
1646518939953 0.000125 71
1646518960473 0.000125 72
1646518980990 0.000125 73
1646519001508 0.000125 74
1646519022022 0.000125 75
1646519042539 0.000125 76
1646519063053 0.000125 77
1646519083555 0.000125 78
1646519104063 0.000125 79
1646519124570 6.25e-05 80
1646519145073 6.25e-05 81
1646519165591 6.25e-05 82
1646519186114 6.25e-05 83
1646519206631 6.25e-05 84
1646519227144 6.25e-05 85
1646519247661 6.25e-05 86
1646519268174 6.25e-05 87
1646519288693 6.25e-05 88
1646519309208 6.25e-05 89
1646519329726 6.25e-05 90
1646519350236 6.25e-05 91
1646519370755 6.25e-05 92
1646519391268 6.25e-05 93
1646519411784 6.25e-05 94
1646519432298 6.25e-05 95
1646519452813 6.25e-05 96
1646519473325 6.25e-05 97
1646519493853 6.25e-05 98
1646519514365 6.25e-05 99
