1646517472224 5.17403671476576 0
1646517494586 1.6354058274516352 1
1646517516350 1.2817568823143288 2
1646517538127 1.0847720481731273 3
1646517559910 0.9465651997813472 4
1646517581706 0.8330680308518587 5
1646517603496 0.7334084334196868 6
1646517625302 0.6442457884550095 7
1646517647794 0.5759782570379751 8
1646517668268 0.5148674735316524 9
1646517688770 0.4460108357447165 10
1646517709281 0.38456229368845624 11
1646517729795 0.3636291096055949 12
1646517750310 0.30482136954863864 13
1646517770823 0.2801204823233463 14
1646517791332 0.2570077848655206 15
1646517811839 0.23377175242812545 16
1646517832346 0.21429157629609108 17
1646517852854 0.20079724766589976 18
1646517873365 0.15679388921018 19
1646517893874 0.10746609702430389 20
1646517914384 0.07884830912506138 21
1646517934896 0.07304650038066837 22
1646517955401 0.06905885661641757 23
1646517975909 0.06606751876986688 24
1646517996414 0.06071447260263893 25
1646518016923 0.05561445891443226 26
1646518037431 0.05855201474494404 27
1646518057941 0.05749085435160884 28
1646518078448 0.0475652316171262 29
1646518098958 0.04640826624300745 30
1646518119470 0.048444494053169536 31
1646518139977 0.049283918683175686 32
1646518160485 0.04338999282292746 33
1646518180989 0.05652078237660505 34
1646518201497 0.048861203646218335 35
1646518222003 0.05618736009906839 36
1646518242508 0.04475830291846284 37
1646518263010 0.04710368863824341 38
1646518283518 0.04462228701622398 39
1646518304024 0.030688624190925447 40
1646518324528 0.020409642701485643 41
1646518345033 0.017591413360571972 42
1646518365537 0.01781040054090597 43
1646518386047 0.01352743177536737 44
1646518406559 0.014437782879987801 45
1646518427066 0.015113107299570131 46
1646518447575 0.013349808166148487 47
1646518468090 0.01482566643540782 48
1646518488605 0.014030578356512167 49
1646518509126 0.012333506925238503 50
1646518529645 0.011366839770710579 51
1646518550157 0.014352696068170998 52
1646518570670 0.015341313956822786 53
1646518591188 0.01779822128204008 54
1646518611701 0.014373337647325738 55
1646518632215 0.013861644012784516 56
1646518652736 0.01548998858520968 57
1646518673248 0.0176828524477228 58
1646518693763 0.016723135486245155 59
1646518714277 0.013118763721582515 60
1646518734796 0.008843629595099224 61
1646518755314 0.009156600572168827 62
1646518775827 0.007365690863311842 63
1646518796340 0.008871678931259171 64
1646518816852 0.008330394871774371 65
1646518837365 0.0067885046591982245 66
1646518857884 0.005699280235502455 67
1646518878401 0.007383254567954551 68
1646518898918 0.0086906380020082 69
1646518919442 0.006161217189704378 70
1646518939956 0.007426578689504553 71
1646518960477 0.00892290015515216 72
1646518980993 0.007718229981104809 73
1646519001511 0.009413949576103024 74
1646519022025 0.006216614533008801 75
1646519042542 0.005243396597776424 76
1646519063056 0.0076584242676660695 77
1646519083559 0.00960711098526156 78
1646519104066 0.009231931581679318 79
1646519124573 0.006400757878846316 80
1646519145076 0.005604400014918711 81
1646519165594 0.005312538177585574 82
1646519186117 0.005010816639427234 83
1646519206634 0.004236436837042372 84
1646519227147 0.004014945778719805 85
1646519247664 0.004990993591491133 86
1646519268177 0.0035886775607381154 87
1646519288696 0.004193204694375809 88
1646519309212 0.0046161612295286935 89
1646519329729 0.0062653008563857936 90
1646519350239 0.004568786043415053 91
1646519370758 0.0038988501031848566 92
1646519391271 0.0036787521050967 93
1646519411787 0.005406562676567033 94
1646519432301 0.004536889252011423 95
1646519452817 0.0041117423765913205 96
1646519473328 0.004925614666987072 97
1646519493856 0.0050182736422694114 98
1646519514368 0.0040263395769418115 99
