1646517472839 31.770833333333332 0
1646517494590 55.6568287037037 1
1646517516353 62.91956018518518 2
1646517538132 67.79513888888889 3
1646517559914 72.2511574074074 4
1646517581710 74.92766203703704 5
1646517603501 78.03819444444444 6
1646517625306 80.58449074074075 7
1646517647799 81.84317129629629 8
1646517668271 84.60648148148148 9
1646517688774 86.55960648148148 10
1646517709285 88.70081018518519 11
1646517729799 89.32291666666667 12
1646517750314 91.4207175925926 13
1646517770827 92.08622685185185 14
1646517791336 92.93981481481481 15
1646517811843 93.53298611111111 16
1646517832351 93.86574074074075 17
1646517852859 94.08275462962963 18
1646517873369 96.13715277777777 19
1646517893879 97.30902777777777 20
1646517914388 98.33622685185185 21
1646517934901 98.36516203703704 22
1646517955406 98.48090277777777 23
1646517975914 98.59664351851852 24
1646517996419 98.72685185185185 25
1646518016927 98.74131944444444 26
1646518037436 98.828125 27
1646518057946 98.65451388888889 28
1646518078453 99.10300925925925 29
1646518098964 99.07407407407408 30
1646518119475 98.92939814814815 31
1646518139982 98.87152777777777 32
1646518160489 99.13194444444444 33
1646518180992 98.62557870370371 34
1646518201502 98.78472222222223 35
1646518222007 98.55324074074075 36
1646518242512 98.95833333333333 37
1646518263014 98.90046296296296 38
1646518283522 98.92939814814815 39
1646518304028 99.30555555555556 40
1646518324532 99.63831018518519 41
1646518345038 99.63831018518519 42
1646518365541 99.63831018518519 43
1646518386051 99.91319444444444 44
1646518406564 99.78298611111111 45
1646518427071 99.68171296296296 46
1646518447580 99.79745370370371 47
1646518468096 99.75405092592592 48
1646518488610 99.79745370370371 49
1646518509131 99.79745370370371 50
1646518529650 99.81192129629629 51
1646518550161 99.76851851851852 52
1646518570675 99.71064814814815 53
1646518591192 99.58043981481481 54
1646518611707 99.79745370370371 55
1646518632220 99.73958333333333 56
1646518652740 99.72511574074075 57
1646518673253 99.69618055555556 58
1646518693768 99.68171296296296 59
1646518714282 99.73958333333333 60
1646518734802 99.84085648148148 61
1646518755319 99.92766203703704 62
1646518775831 99.92766203703704 63
1646518796344 99.85532407407408 64
1646518816858 99.86979166666667 65
1646518837370 99.91319444444444 66
1646518857889 99.94212962962963 67
1646518878405 99.88425925925925 68
1646518898923 99.79745370370371 69
1646518919447 99.95659722222223 70
1646518939961 99.91319444444444 71
1646518960481 99.81192129629629 72
1646518980997 99.89872685185185 73
1646519001516 99.84085648148148 74
1646519022030 99.92766203703704 75
1646519042547 99.92766203703704 76
1646519063062 99.79745370370371 77
1646519083563 99.82638888888889 78
1646519104072 99.79745370370371 79
1646519124578 99.94212962962963 80
1646519145080 99.92766203703704 81
1646519165599 99.91319444444444 82
1646519186122 99.92766203703704 83
1646519206638 99.95659722222223 84
1646519227151 99.95659722222223 85
1646519247669 99.92766203703704 86
1646519268181 100.0 87
1646519288701 99.91319444444444 88
1646519309217 99.92766203703704 89
1646519329733 99.88425925925925 90
1646519350245 99.92766203703704 91
1646519370763 99.9855324074074 92
1646519391276 99.9855324074074 93
1646519411792 99.88425925925925 94
1646519432306 99.92766203703704 95
1646519452822 99.95659722222223 96
1646519473334 99.94212962962963 97
1646519493860 99.89872685185185 98
1646519514372 99.9855324074074 99
