1646511437415 0 0
1646511446915 33.816964285714285 1
1646511456173 41.74107142857143 2
1646511462191 46.875 3
1646511468529 54.799107142857146 4
1646511475742 60.49107142857143 5
1646511482952 61.495535714285715 6
1646511490220 62.611607142857146 7
1646511498107 71.42857142857143 8
1646511503117 71.42857142857143 9
1646511507752 71.42857142857143 10
1646511512397 71.42857142857143 11
1646511518485 74.44196428571429 12
1646511523131 74.44196428571429 13
1646511529161 74.55357142857143 14
1646511533811 74.55357142857143 15
1646511539840 76.67410714285714 16
1646511547054 76.89732142857143 17
1646511551700 76.89732142857143 18
1646511556348 76.89732142857143 19
1646511562378 78.125 20
1646511570735 83.92857142857143 21
1646511579032 84.59821428571429 22
1646511583671 84.59821428571429 23
1646511588318 84.59821428571429 24
1646511594348 85.15625 25
1646511599633 85.15625 26
1646511604278 85.15625 27
1646511608922 85.15625 28
1646511613569 85.15625 29
1646511619604 85.49107142857143 30
1646511624253 85.49107142857143 31
1646511628908 85.49107142857143 32
1646511635737 85.9375 33
1646511640392 85.9375 34
1646511645043 85.9375 35
1646511649700 85.9375 36
1646511654355 85.9375 37
1646511660394 86.38392857142857 38
1646511665051 86.38392857142857 39
1646511672333 87.27678571428571 40
1646511676989 87.27678571428571 41
1646511684223 89.50892857142857 42
1646511688881 89.50892857142857 43
1646511693538 89.50892857142857 44
1646511698197 89.50892857142857 45
1646511703065 89.50892857142857 46
1646511707720 89.50892857142857 47
1646511712375 89.50892857142857 48
1646511717032 89.50892857142857 49
1646511721695 89.50892857142857 50
1646511726356 89.50892857142857 51
1646511731016 89.50892857142857 52
1646511735677 89.50892857142857 53
1646511740337 89.50892857142857 54
1646511744999 89.50892857142857 55
1646511749661 89.50892857142857 56
1646511754321 89.50892857142857 57
1646511758984 89.50892857142857 58
1646511763646 89.50892857142857 59
1646511768307 89.50892857142857 60
1646511772967 89.50892857142857 61
1646511779020 89.95535714285714 62
1646511783682 89.95535714285714 63
1646511788339 89.95535714285714 64
1646511793277 89.95535714285714 65
1646511797936 89.95535714285714 66
1646511802602 89.95535714285714 67
1646511807261 89.95535714285714 68
1646511811924 89.95535714285714 69
1646511816580 89.95535714285714 70
1646511821242 89.95535714285714 71
1646511825905 89.95535714285714 72
1646511830568 89.95535714285714 73
1646511836610 90.17857142857143 74
1646511841267 90.17857142857143 75
1646511845926 90.17857142857143 76
1646511850586 90.17857142857143 77
1646511855245 90.17857142857143 78
1646511859906 90.17857142857143 79
1646511864566 90.17857142857143 80
1646511869227 90.17857142857143 81
1646511873888 90.17857142857143 82
1646511878550 90.17857142857143 83
1646511883206 90.17857142857143 84
1646511887868 90.17857142857143 85
1646511892527 90.17857142857143 86
1646511897191 90.17857142857143 87
1646511901921 90.17857142857143 88
1646511906601 90.17857142857143 89
1646511912753 90.40178571428571 90
1646511917412 90.40178571428571 91
1646511922067 90.40178571428571 92
1646511926733 90.40178571428571 93
1646511931395 90.40178571428571 94
1646511936059 90.40178571428571 95
1646511940722 90.40178571428571 96
1646511945384 90.40178571428571 97
1646511950046 90.40178571428571 98
1646511954713 90.40178571428571 99
