1646511437403 0.001 0
1646511446904 0.001 1
1646511456162 0.001 2
1646511462179 0.001 3
1646511468195 0.001 4
1646511474556 0.001 5
1646511481779 0.001 6
1646511490168 0.001 7
1646511496222 0.001 8
1646511503106 0.001 9
1646511507740 0.001 10
1646511512387 0.001 11
1646511518474 0.001 12
1646511523119 0.001 13
1646511529149 0.001 14
1646511533798 0.001 15
1646511539827 0.001 16
1646511547043 0.001 17
1646511551687 0.001 18
1646511556336 0.001 19
1646511562368 0.0005 20
1646511570723 0.0005 21
1646511579019 0.0005 22
1646511583660 0.0005 23
1646511588306 0.0005 24
1646511594336 0.0005 25
1646511598990 0.0005 26
1646511604268 0.0005 27
1646511608910 0.0005 28
1646511613560 0.0005 29
1646511619594 0.0005 30
1646511624243 0.0005 31
1646511628895 0.0005 32
1646511635724 0.0005 33
1646511640380 0.0005 34
1646511645032 0.0005 35
1646511649688 0.0005 36
1646511654346 0.0005 37
1646511660382 0.0005 38
1646511665039 0.0005 39
1646511671081 0.00025 40
1646511676979 0.00025 41
1646511684211 0.00025 42
1646511688869 0.00025 43
1646511693527 0.00025 44
1646511698183 0.00025 45
1646511702849 0.00025 46
1646511707707 0.00025 47
1646511712362 0.00025 48
1646511717020 0.00025 49
1646511721681 0.00025 50
1646511726342 0.00025 51
1646511731003 0.00025 52
1646511735664 0.00025 53
1646511740324 0.00025 54
1646511744986 0.00025 55
1646511749646 0.00025 56
1646511754308 0.00025 57
1646511758970 0.00025 58
1646511763633 0.00025 59
1646511768294 0.000125 60
1646511772955 0.000125 61
1646511779005 0.000125 62
1646511783669 0.000125 63
1646511788328 0.000125 64
1646511792981 0.000125 65
1646511797925 0.000125 66
1646511802590 0.000125 67
1646511807249 0.000125 68
1646511811912 0.000125 69
1646511816569 0.000125 70
1646511821231 0.000125 71
1646511825893 0.000125 72
1646511830556 0.000125 73
1646511836598 0.000125 74
1646511841254 0.000125 75
1646511845914 0.000125 76
1646511850574 0.000125 77
1646511855233 0.000125 78
1646511859894 0.000125 79
1646511864553 6.25e-05 80
1646511869214 6.25e-05 81
1646511873877 6.25e-05 82
1646511878537 6.25e-05 83
1646511883197 6.25e-05 84
1646511887856 6.25e-05 85
1646511892515 6.25e-05 86
1646511897180 6.25e-05 87
1646511901845 6.25e-05 88
1646511906569 6.25e-05 89
1646511912641 6.25e-05 90
1646511917401 6.25e-05 91
1646511922056 6.25e-05 92
1646511926720 6.25e-05 93
1646511931381 6.25e-05 94
1646511936046 6.25e-05 95
1646511940710 6.25e-05 96
1646511945372 6.25e-05 97
1646511950034 6.25e-05 98
1646511954701 6.25e-05 99
