1646511437406 2.0079770118762283 0
1646511446908 1.6499225023465278 1
1646511456165 1.464612597074264 2
1646511462182 1.3159201878767748 3
1646511468518 1.145466176363138 4
1646511474922 1.0545784418399518 5
1646511482134 0.9765234421461056 6
1646511490213 0.8836048963742379 7
1646511496600 0.8272515825736217 8
1646511503108 0.7626795799304278 9
1646511507743 0.6975959019783216 10
1646511512389 0.6416278748940198 11
1646511518477 0.6179005343180436 12
1646511523122 0.5595254004001617 13
1646511529152 0.54421772253819 14
1646511533801 0.5071934927732517 15
1646511539830 0.46509001270318645 16
1646511547045 0.45698569829647356 17
1646511551690 0.42881764738987654 18
1646511556339 0.4038614653624021 19
1646511562371 0.31261366796799195 20
1646511570726 0.2697602346157416 21
1646511579023 0.24281271547079086 22
1646511583663 0.23881882849412087 23
1646511588309 0.22819362045862737 24
1646511594339 0.2185930773997918 25
1646511599345 0.22590312419029382 26
1646511604271 0.19650614987581205 27
1646511608913 0.20203237923292014 28
1646511613563 0.1873358660019361 29
1646511619597 0.16168658301616326 30
1646511624245 0.16616698278066439 31
1646511628899 0.1682557830443749 32
1646511635727 0.16877818489686036 33
1646511640384 0.16434786392328066 34
1646511645035 0.16176655716620958 35
1646511649691 0.17548559510555023 36
1646511654348 0.14907597540280756 37
1646511660385 0.14376156404614449 38
1646511665042 0.11096225612056561 39
1646511671438 0.08420007432309481 40
1646511676981 0.06686657308959044 41
1646511684214 0.06171700573311402 42
1646511688872 0.05366421471803616 43
1646511693530 0.05201841437090666 44
1646511698186 0.05202007771302492 45
1646511703056 0.05000905811977692 46
1646511707710 0.05234550066196766 47
1646511712365 0.05303148485911198 48
1646511717023 0.0487362053245306 49
1646511721685 0.04847602285922338 50
1646511726345 0.04293098556212126 51
1646511731006 0.04301747636726269 52
1646511735667 0.03722283900834811 53
1646511740327 0.04916427535219835 54
1646511744990 0.051120598251238845 55
1646511749649 0.04925849510786625 56
1646511754312 0.046258244496316485 57
1646511758973 0.03503547401095812 58
1646511763636 0.03807814366733416 59
1646511768298 0.027324220583511468 60
1646511772957 0.022834982484197006 61
1646511779008 0.01896746703184759 62
1646511783672 0.018526332870794412 63
1646511788331 0.016727529681072786 64
1646511793266 0.014571291836312948 65
1646511797927 0.015260324753725376 66
1646511802593 0.014819992491259025 67
1646511807252 0.015701254590963706 68
1646511811915 0.016619180150043506 69
1646511816572 0.01768195990902873 70
1646511821234 0.019211432001051996 71
1646511825896 0.015648895528358527 72
1646511830559 0.01410920657695104 73
1646511836602 0.014757266369624397 74
1646511841257 0.012425378042583665 75
1646511845917 0.01277462504684734 76
1646511850576 0.015886994529491626 77
1646511855236 0.014797684014177857 78
1646511859897 0.011897221171798615 79
1646511864557 0.013828635466499971 80
1646511869217 0.012537682488656197 81
1646511873880 0.012077339447270602 82
1646511878540 0.008966580039272323 83
1646511883200 0.012898895937280778 84
1646511887859 0.011367528860528883 85
1646511892518 0.006491014668240379 86
1646511897183 0.009687236349026743 87
1646511901911 0.007760791460243173 88
1646511906591 0.009128325030756876 89
1646511912742 0.007809605879279284 90
1646511917404 0.009571719371403256 91
1646511922059 0.009080417036341552 92
1646511926723 0.007650299105220116 93
1646511931384 0.007435664865904703 94
1646511936049 0.00981306321381663 95
1646511940713 0.005805219947479856 96
1646511945374 0.007350112866753569 97
1646511950037 0.009504237540591603 98
1646511954704 0.008240153463796163 99
