1646511437410 29.767628205128204 0
1646511446911 42.447916666666664 1
1646511456169 49.81971153846154 2
1646511462187 54.82772435897436 3
1646511468525 60.59695512820513 4
1646511475657 63.782051282051285 5
1646511482846 66.58653846153847 6
1646511490216 70.11217948717949 7
1646511497354 71.65464743589743 8
1646511503113 74.35897435897436 9
1646511507747 76.58253205128206 10
1646511512393 77.34375 11
1646511518481 78.74599358974359 12
1646511523126 80.84935897435898 13
1646511529156 81.06971153846153 14
1646511533805 82.99278846153847 15
1646511539835 84.13461538461539 16
1646511547050 84.95592948717949 17
1646511551695 84.93589743589743 18
1646511556344 86.11778846153847 19
1646511562374 88.80208333333333 20
1646511570731 90.84535256410257 21
1646511579027 91.4863782051282 22
1646511583668 92.0673076923077 23
1646511588314 91.80689102564102 24
1646511594344 92.48798076923077 25
1646511599629 91.98717948717949 26
1646511604275 93.46955128205128 27
1646511608918 93.02884615384616 28
1646511613566 93.36939102564102 29
1646511619600 94.73157051282051 30
1646511624249 94.31089743589743 31
1646511628903 94.17067307692308 32
1646511635732 94.13060897435898 33
1646511640388 94.23076923076923 34
1646511645039 94.67147435897436 35
1646511649696 93.8701923076923 36
1646511654352 94.75160256410257 37
1646511660390 94.95192307692308 38
1646511665047 96.37419871794872 39
1646511672152 97.23557692307692 40
1646511676985 97.81650641025641 41
1646511684218 98.03685897435898 42
1646511688877 98.45753205128206 43
1646511693534 98.3974358974359 44
1646511698192 98.5576923076923 45
1646511703060 98.27724358974359 46
1646511707715 98.3573717948718 47
1646511712370 98.27724358974359 48
1646511717028 98.37740384615384 49
1646511721690 98.3573717948718 50
1646511726351 98.75801282051282 51
1646511731011 98.5576923076923 52
1646511735673 98.77804487179488 53
1646511740332 98.3173076923077 54
1646511744995 98.29727564102564 55
1646511749655 98.37740384615384 56
1646511754316 98.27724358974359 57
1646511758979 99.05849358974359 58
1646511763641 98.79807692307692 59
1646511768303 99.0985576923077 60
1646511772962 99.37900641025641 61
1646511779015 99.55929487179488 62
1646511783678 99.45913461538461 63
1646511788335 99.59935897435898 64
1646511793272 99.67948717948718 65
1646511797932 99.61939102564102 66
1646511802597 99.65945512820512 67
1646511807257 99.51923076923077 68
1646511811920 99.49919871794872 69
1646511816576 99.47916666666667 70
1646511821238 99.51923076923077 71
1646511825900 99.61939102564102 72
1646511830564 99.69951923076923 73
1646511836605 99.55929487179488 74
1646511841262 99.79967948717949 75
1646511845921 99.69951923076923 76
1646511850581 99.47916666666667 77
1646511855240 99.63942307692308 78
1646511859902 99.77964743589743 79
1646511864561 99.67948717948718 80
1646511869221 99.59935897435898 81
1646511873884 99.71955128205128 82
1646511878545 99.83974358974359 83
1646511883203 99.59935897435898 84
1646511887864 99.65945512820512 85
1646511892523 99.89983974358974 86
1646511897187 99.77964743589743 87
1646511901916 99.79967948717949 88
1646511906596 99.77964743589743 89
1646511912748 99.79967948717949 90
1646511917408 99.79967948717949 91
1646511922063 99.77964743589743 92
1646511926728 99.79967948717949 93
1646511931389 99.83974358974359 94
1646511936054 99.81971153846153 95
1646511940718 99.9198717948718 96
1646511945380 99.89983974358974 97
1646511950041 99.73958333333333 98
1646511954708 99.77964743589743 99
