1646530859870 0 0
1646531001562 70.96354166666667 1
1646531144899 77.00320512820512 2
1646531287749 79.71754807692308 3
1646531430787 80.17828525641026 4
1646531573916 82.88261217948718 5
1646531717012 83.04286858974359 6
1646531860089 83.82411858974359 7
1646532004238 83.984375 8
1646532149236 84.375 9
1646532293470 84.75560897435898 10
1646532435732 84.75560897435898 11
1646532579432 86.38822115384616 12
1646532721683 86.38822115384616 13
1646532863816 86.38822115384616 14
1646533006917 87.11939102564102 15
1646533149065 87.11939102564102 16
1646533292221 88.17107371794872 17
1646533434327 88.17107371794872 18
1646533576401 88.17107371794872 19
1646533719517 88.70192307692308 20
1646533862627 91.00560897435898 21
1646534004791 91.00560897435898 22
1646534146980 91.00560897435898 23
1646534290809 91.00560897435898 24
1646534433122 91.00560897435898 25
1646534579971 91.00560897435898 26
1646534722050 91.00560897435898 27
1646534865185 91.00560897435898 28
1646535008455 91.03565705128206 29
1646535150688 91.03565705128206 30
1646535293968 91.11578525641026 31
1646535436235 91.11578525641026 32
1646535578458 91.11578525641026 33
1646535721613 91.58653846153847 34
1646535863810 91.58653846153847 35
1646536006053 91.58653846153847 36
1646536148345 91.58653846153847 37
1646536290497 91.58653846153847 38
1646536432628 91.58653846153847 39
1646536574713 91.58653846153847 40
1646536717866 92.67828525641026 41
1646536860507 92.67828525641026 42
1646537002734 92.67828525641026 43
1646537144947 92.67828525641026 44
1646537287116 92.67828525641026 45
1646537429324 92.67828525641026 46
1646537571455 92.67828525641026 47
1646537713652 92.67828525641026 48
1646537855927 92.67828525641026 49
1646537998215 92.67828525641026 50
1646538140531 92.67828525641026 51
1646538282696 92.67828525641026 52
1646538424782 92.67828525641026 53
1646538566907 92.67828525641026 54
1646538709118 92.67828525641026 55
1646538852209 93.05889423076923 56
1646538994403 93.05889423076923 57
1646539136535 93.05889423076923 58
1646539278709 93.05889423076923 59
1646539420894 93.05889423076923 60
1646539563101 93.05889423076923 61
1646539705990 93.05889423076923 62
1646539848259 93.05889423076923 63
1646539990425 93.05889423076923 64
1646540132612 93.05889423076923 65
1646540274818 93.05889423076923 66
1646540417018 93.05889423076923 67
1646540559447 93.05889423076923 68
1646540701753 93.05889423076923 69
1646540844030 93.05889423076923 70
1646540986481 93.05889423076923 71
1646541128687 93.05889423076923 72
1646541270824 93.05889423076923 73
1646541414849 93.05889423076923 74
1646541556926 93.05889423076923 75
1646541701075 93.05889423076923 76
1646541844305 93.19911858974359 77
1646541987084 93.19911858974359 78
1646542133824 93.19911858974359 79
1646542275827 93.19911858974359 80
1646542418932 93.3193108974359 81
1646542560896 93.3193108974359 82
1646542702763 93.3193108974359 83
1646542844627 93.3193108974359 84
1646542989140 93.3193108974359 85
1646543131008 93.3193108974359 86
1646543272997 93.3193108974359 87
1646543415044 93.3193108974359 88
1646543558034 93.32932692307692 89
1646543700029 93.32932692307692 90
1646543842023 93.32932692307692 91
1646543983986 93.32932692307692 92
1646544125942 93.32932692307692 93
1646544267898 93.32932692307692 94
1646544410550 93.32932692307692 95
1646544552230 93.32932692307692 96
1646544692728 93.32932692307692 97
1646544833786 93.359375 98
1646544974497 93.51963141025641 99
