1646530859205 0.001 0
1646531001552 0.001 1
1646531144888 0.001 2
1646531287736 0.001 3
1646531430775 0.001 4
1646531573903 0.001 5
1646531717001 0.001 6
1646531860077 0.001 7
1646532004227 0.001 8
1646532149224 0.001 9
1646532293457 0.001 10
1646532435718 0.001 11
1646532579421 0.001 12
1646532721672 0.001 13
1646532863803 0.001 14
1646533006906 0.001 15
1646533149054 0.001 16
1646533292211 0.001 17
1646533434315 0.001 18
1646533576385 0.001 19
1646533719504 0.0005 20
1646533862614 0.0005 21
1646534004778 0.0005 22
1646534146967 0.0005 23
1646534290796 0.0005 24
1646534433108 0.0005 25
1646534579958 0.0005 26
1646534722038 0.0005 27
1646534865175 0.0005 28
1646535008445 0.0005 29
1646535150678 0.0005 30
1646535293954 0.0005 31
1646535436222 0.0005 32
1646535578445 0.0005 33
1646535721600 0.0005 34
1646535863797 0.0005 35
1646536006039 0.0005 36
1646536148332 0.0005 37
1646536290482 0.0005 38
1646536432617 0.0005 39
1646536574699 0.00025 40
1646536717850 0.00025 41
1646536860493 0.00025 42
1646537002720 0.00025 43
1646537144933 0.00025 44
1646537287103 0.00025 45
1646537429312 0.00025 46
1646537571443 0.00025 47
1646537713641 0.00025 48
1646537855915 0.00025 49
1646537998201 0.00025 50
1646538140517 0.00025 51
1646538282682 0.00025 52
1646538424768 0.00025 53
1646538566894 0.00025 54
1646538709103 0.00025 55
1646538852196 0.00025 56
1646538994388 0.00025 57
1646539136520 0.00025 58
1646539278695 0.00025 59
1646539420879 0.000125 60
1646539563085 0.000125 61
1646539705978 0.000125 62
1646539848244 0.000125 63
1646539990410 0.000125 64
1646540132599 0.000125 65
1646540274803 0.000125 66
1646540417005 0.000125 67
1646540559434 0.000125 68
1646540701739 0.000125 69
1646540844016 0.000125 70
1646540986465 0.000125 71
1646541128673 0.000125 72
1646541270812 0.000125 73
1646541414834 0.000125 74
1646541556914 0.000125 75
1646541701062 0.000125 76
1646541844291 0.000125 77
1646541986611 0.000125 78
1646542133811 0.000125 79
1646542275813 6.25e-05 80
1646542418918 6.25e-05 81
1646542560883 6.25e-05 82
1646542702751 6.25e-05 83
1646542844614 6.25e-05 84
1646542989129 6.25e-05 85
1646543130995 6.25e-05 86
1646543272983 6.25e-05 87
1646543415031 6.25e-05 88
1646543558020 6.25e-05 89
1646543700015 6.25e-05 90
1646543842009 6.25e-05 91
1646543983971 6.25e-05 92
1646544125929 6.25e-05 93
1646544267881 6.25e-05 94
1646544410537 6.25e-05 95
1646544552217 6.25e-05 96
1646544692716 6.25e-05 97
1646544833772 6.25e-05 98
1646544974483 6.25e-05 99
