1646530859631 4.251713556509752 0
1646531001555 0.7708809852600098 1
1646531144891 0.6360081414381663 2
1646531287739 0.5617336787474461 3
1646531430778 0.5113156855870515 4
1646531573906 0.4680035643852674 5
1646531717004 0.43941096816307457 6
1646531860080 0.4150985019329267 7
1646532004230 0.39382458000611037 8
1646532149227 0.37653864939243364 9
1646532293461 0.356580496331056 10
1646532435722 0.34154211691556835 11
1646532579425 0.32766708659055904 12
1646532721676 0.31885914282921035 13
1646532863807 0.3058524948664201 14
1646533006909 0.2987460996478032 15
1646533149057 0.28256862048919384 16
1646533292214 0.27565408954635645 17
1646533434318 0.2639649882912636 18
1646533576390 0.25768287816108804 19
1646533719507 0.17590191123577265 20
1646533862618 0.1575396166015894 21
1646534004782 0.15737767796485852 22
1646534146971 0.14939832457174093 23
1646534290800 0.14807921391076 24
1646534433112 0.14095521501432626 25
1646534579962 0.1386442504823208 26
1646534722041 0.12891868901176332 27
1646534865177 0.12432301363501794 28
1646535008448 0.12365238153590606 29
1646535150680 0.11278823482302519 30
1646535293958 0.11047839162727961 31
1646535436226 0.1069165770489818 32
1646535578449 0.10902959165664819 33
1646535721603 0.10116506525291465 34
1646535863800 0.09360581181274774 35
1646536006042 0.09598198849707842 36
1646536148336 0.08821321099710006 37
1646536290487 0.08333128418486851 38
1646536432620 0.0796383064120817 39
1646536574702 0.05002589671968077 40
1646536717855 0.036647104498189996 41
1646536860497 0.03820392186395251 42
1646537002724 0.0370038693323015 43
1646537144936 0.04022508106457117 44
1646537287107 0.03893398347024161 45
1646537429316 0.035474707242937234 46
1646537571446 0.03686259004036681 47
1646537713644 0.035747975254288085 48
1646537855918 0.031704626459246266 49
1646537998205 0.03340964247771085 50
1646538140521 0.033752805650687945 51
1646538282686 0.033087060036949625 52
1646538424772 0.03051641272285428 53
1646538566898 0.03211434953368436 54
1646538709106 0.02775619802548765 55
1646538852199 0.030710978974671795 56
1646538994392 0.3596541547085135 57
1646539136524 0.2203208096898519 58
1646539278698 0.09191076958026641 59
1646539420882 0.06888562491497932 60
1646539563089 0.05755988109904604 61
1646539705981 0.04750247895001219 62
1646539848248 0.04299834571802654 63
1646539990414 0.036743516334069845 64
1646540132603 0.03330126392105833 65
1646540274807 0.030891180874254458 66
1646540417009 0.02933436119928956 67
1646540559438 0.025294895897595548 68
1646540701743 0.022798809266458147 69
1646540844020 0.02144989567832687 70
1646540986469 0.020606298848556786 71
1646541128677 0.019955832038809043 72
1646541270815 0.017758346538250452 73
1646541414838 0.017721861603860863 74
1646541556918 0.016763484434714208 75
1646541701065 0.016025864328735342 76
1646541844295 0.015015116408288192 77
1646541987068 0.016260129755410628 78
1646542133814 0.015542470715426577 79
1646542275817 0.01286879589763255 80
1646542418921 0.010593888184312396 81
1646542560886 0.010208094076444515 82
1646542702754 0.009914503738922904 83
1646542844618 0.010434786851804417 84
1646542989132 0.01045058234102236 85
1646543130998 0.010177158674625202 86
1646543272987 0.009936065632903663 87
1646543415035 0.008709113324472967 88
1646543558024 0.009543493488588585 89
1646543700019 0.009132156857044603 90
1646543842013 0.008877789347062412 91
1646543983976 0.007618454813610953 92
1646544125933 0.008217386022219076 93
1646544267886 0.008102762329583176 94
1646544410540 0.008683007609364815 95
1646544552220 0.008407722033996087 96
1646544692719 0.0076714815492801465 97
1646544833776 0.00793679707654892 98
1646544974486 0.008657967290790297 99
