1646530859864 58.19711538461539 0
1646531001558 73.36939102564102 1
1646531144895 78.0048076923077 2
1646531287744 80.67508012820512 3
1646531430783 82.35977564102564 4
1646531573911 83.90625 5
1646531717008 84.89783653846153 6
1646531860084 85.72516025641026 7
1646532004234 86.26402243589743 8
1646532149232 86.93910256410257 9
1646532293466 87.66826923076923 10
1646532435727 88.06690705128206 11
1646532579429 88.42948717948718 12
1646532721680 88.92227564102564 13
1646532863812 89.3369391025641 14
1646533006913 89.62940705128206 15
1646533149061 90.20833333333333 16
1646533292217 90.45272435897436 17
1646533434322 90.71314102564102 18
1646533576397 91.00560897435898 19
1646533719512 93.85616987179488 20
1646533862623 94.5332532051282 21
1646534004786 94.51121794871794 22
1646534146975 94.6895032051282 23
1646534290805 94.73157051282051 24
1646534433117 95.06209935897436 25
1646534579966 95.03205128205128 26
1646534722046 95.49679487179488 27
1646534865181 95.5448717948718 28
1646535008451 95.6630608974359 29
1646535150684 96.08173076923077 30
1646535293962 96.0516826923077 31
1646535436230 96.19791666666667 32
1646535578453 96.11578525641026 33
1646535721609 96.29607371794872 34
1646535863805 96.73277243589743 35
1646536006048 96.57852564102564 36
1646536148341 96.82692307692308 37
1646536290491 96.9951923076923 38
1646536432624 97.21554487179488 39
1646536574707 98.26522435897436 40
1646536717860 98.79407051282051 41
1646536860502 98.74399038461539 42
1646537002729 98.72996794871794 43
1646537144941 98.60576923076923 44
1646537287112 98.68189102564102 45
1646537429320 98.79407051282051 46
1646537571451 98.76402243589743 47
1646537713648 98.72596153846153 48
1646537855923 98.96233974358974 49
1646537998210 98.84815705128206 50
1646538140526 98.84815705128206 51
1646538282690 98.87419871794872 52
1646538424777 98.93629807692308 53
1646538566903 98.91025641025641 54
1646538709112 99.04246794871794 55
1646538852204 98.91826923076923 56
1646538994398 95.57892628205128 57
1646539136529 93.02684294871794 58
1646539278704 96.84895833333333 59
1646539420888 97.6963141025641 60
1646539563095 98.0889423076923 61
1646539705985 98.45953525641026 62
1646539848254 98.5957532051282 63
1646539990420 98.83613782051282 64
1646540132608 98.99439102564102 65
1646540274812 99.05849358974359 66
1646540417013 99.04046474358974 67
1646540559442 99.23076923076923 68
1646540701748 99.3389423076923 69
1646540844025 99.3729967948718 70
1646540986475 99.38100961538461 71
1646541128682 99.39703525641026 72
1646541270820 99.453125 73
1646541414843 99.453125 74
1646541556922 99.47716346153847 75
1646541701070 99.53525641025641 76
1646541844300 99.54927884615384 77
1646541987073 99.4911858974359 78
1646542133820 99.48317307692308 79
1646542275822 99.62339743589743 80
1646542418926 99.69551282051282 81
1646542560891 99.69951923076923 82
1646542702758 99.70953525641026 83
1646542844623 99.66145833333333 84
1646542989137 99.69350961538461 85
1646543131004 99.6854967948718 86
1646543272992 99.69551282051282 87
1646543415040 99.73357371794872 88
1646543558029 99.69751602564102 89
1646543700025 99.71754807692308 90
1646543842018 99.74759615384616 91
1646543983981 99.78365384615384 92
1646544125938 99.73958333333333 93
1646544267893 99.75160256410257 94
1646544410545 99.74358974358974 95
1646544552225 99.74959935897436 96
1646544692724 99.77764423076923 97
1646544833781 99.76161858974359 98
1646544974492 99.71554487179488 99
