1646515627974 0 0
1646515646059 37.55040322580645 1
1646515664192 46.622983870967744 2
1646515682337 48.31149193548387 3
1646515698110 48.31149193548387 4
1646515715197 49.34475806451613 5
1646515730976 49.34475806451613 6
1646515747073 49.34475806451613 7
1646515764189 49.52116935483871 8
1646515779993 49.52116935483871 9
1646515795799 49.52116935483871 10
1646515811610 49.52116935483871 11
1646515827482 49.52116935483871 12
1646515843309 49.52116935483871 13
1646515860450 49.621975806451616 14
1646515877603 50.07560483870968 15
1646515893432 50.07560483870968 16
1646515910574 51.33568548387097 17
1646515926412 51.33568548387097 18
1646515944128 51.43649193548387 19
1646515961291 53.099798387096776 20
1646515978426 54.082661290322584 21
1646515994253 54.082661290322584 22
1646516010092 54.082661290322584 23
1646516025937 54.082661290322584 24
1646516041789 54.082661290322584 25
1646516057639 54.082661290322584 26
1646516073488 54.082661290322584 27
1646516089345 54.082661290322584 28
1646516105221 54.082661290322584 29
1646516121099 54.082661290322584 30
1646516136973 54.082661290322584 31
1646516152846 54.082661290322584 32
1646516168717 54.082661290322584 33
1646516184582 54.082661290322584 34
1646516200446 54.082661290322584 35
1646516216306 54.082661290322584 36
1646516232173 54.082661290322584 37
1646516248029 54.082661290322584 38
1646516263883 54.082661290322584 39
1646516279735 54.082661290322584 40
1646516296882 54.46068548387097 41
1646516312715 54.46068548387097 42
1646516328552 54.46068548387097 43
1646516344386 54.46068548387097 44
1646516360221 54.46068548387097 45
1646516376057 54.46068548387097 46
1646516391895 54.46068548387097 47
1646516407737 54.46068548387097 48
1646516423583 54.46068548387097 49
1646516439431 54.46068548387097 50
1646516455277 54.46068548387097 51
1646516471129 54.46068548387097 52
1646516486973 54.46068548387097 53
1646516502815 54.46068548387097 54
1646516518666 54.46068548387097 55
1646516534510 54.46068548387097 56
1646516550355 54.46068548387097 57
1646516566202 54.46068548387097 58
1646516582046 54.46068548387097 59
1646516597892 54.46068548387097 60
1646516613739 54.46068548387097 61
1646516629583 54.46068548387097 62
1646516645430 54.46068548387097 63
1646516661284 54.46068548387097 64
1646516677133 54.46068548387097 65
1646516692979 54.46068548387097 66
1646516708831 54.46068548387097 67
1646516724678 54.46068548387097 68
1646516740521 54.46068548387097 69
1646516756370 54.46068548387097 70
1646516772217 54.46068548387097 71
1646516788064 54.46068548387097 72
1646516803907 54.46068548387097 73
1646516819746 54.46068548387097 74
1646516835581 54.46068548387097 75
1646516851420 54.46068548387097 76
1646516867256 54.46068548387097 77
1646516883093 54.46068548387097 78
1646516898933 54.46068548387097 79
1646516914777 54.46068548387097 80
1646516930623 54.46068548387097 81
1646516946469 54.46068548387097 82
1646516962306 54.46068548387097 83
1646516978152 54.46068548387097 84
1646516993994 54.46068548387097 85
1646517009844 54.46068548387097 86
1646517025688 54.46068548387097 87
1646517041528 54.46068548387097 88
1646517057369 54.46068548387097 89
1646517073217 54.46068548387097 90
1646517089062 54.46068548387097 91
1646517104904 54.46068548387097 92
1646517120745 54.46068548387097 93
1646517136589 54.46068548387097 94
1646517152433 54.46068548387097 95
1646517168272 54.46068548387097 96
1646517184119 54.46068548387097 97
1646517199956 54.46068548387097 98
1646517215801 54.46068548387097 99
