1646515627491 0.001 0
1646515646046 0.001 1
1646515664179 0.001 2
1646515682324 0.001 3
1646515698099 0.001 4
1646515715183 0.001 5
1646515730962 0.001 6
1646515746759 0.001 7
1646515764176 0.001 8
1646515779981 0.001 9
1646515795789 0.001 10
1646515811597 0.001 11
1646515827469 0.001 12
1646515843297 0.001 13
1646515860441 0.001 14
1646515877592 0.001 15
1646515893423 0.001 16
1646515910565 0.001 17
1646515926400 0.001 18
1646515943547 0.001 19
1646515961279 0.0005 20
1646515978413 0.0005 21
1646515994241 0.0005 22
1646516010079 0.0005 23
1646516025924 0.0005 24
1646516041777 0.0005 25
1646516057627 0.0005 26
1646516073477 0.0005 27
1646516089335 0.0005 28
1646516105208 0.0005 29
1646516121086 0.0005 30
1646516136961 0.0005 31
1646516152834 0.0005 32
1646516168705 0.0005 33
1646516184570 0.0005 34
1646516200434 0.0005 35
1646516216293 0.0005 36
1646516232161 0.0005 37
1646516248020 0.0005 38
1646516263871 0.0005 39
1646516279723 0.00025 40
1646516296870 0.00025 41
1646516312705 0.00025 42
1646516328540 0.00025 43
1646516344376 0.00025 44
1646516360209 0.00025 45
1646516376046 0.00025 46
1646516391882 0.00025 47
1646516407725 0.00025 48
1646516423571 0.00025 49
1646516439418 0.00025 50
1646516455265 0.00025 51
1646516471118 0.00025 52
1646516486960 0.00025 53
1646516502802 0.00025 54
1646516518653 0.00025 55
1646516534497 0.00025 56
1646516550342 0.00025 57
1646516566190 0.00025 58
1646516582033 0.00025 59
1646516597878 0.000125 60
1646516613724 0.000125 61
1646516629569 0.000125 62
1646516645417 0.000125 63
1646516661270 0.000125 64
1646516677119 0.000125 65
1646516692965 0.000125 66
1646516708818 0.000125 67
1646516724665 0.000125 68
1646516740508 0.000125 69
1646516756356 0.000125 70
1646516772203 0.000125 71
1646516788050 0.000125 72
1646516803893 0.000125 73
1646516819732 0.000125 74
1646516835567 0.000125 75
1646516851407 0.000125 76
1646516867243 0.000125 77
1646516883080 0.000125 78
1646516898917 0.000125 79
1646516914764 6.25e-05 80
1646516930610 6.25e-05 81
1646516946456 6.25e-05 82
1646516962293 6.25e-05 83
1646516978139 6.25e-05 84
1646516993982 6.25e-05 85
1646517009830 6.25e-05 86
1646517025674 6.25e-05 87
1646517041514 6.25e-05 88
1646517057356 6.25e-05 89
1646517073203 6.25e-05 90
1646517089048 6.25e-05 91
1646517104891 6.25e-05 92
1646517120733 6.25e-05 93
1646517136577 6.25e-05 94
1646517152420 6.25e-05 95
1646517168259 6.25e-05 96
1646517184103 6.25e-05 97
1646517199942 6.25e-05 98
1646517215788 6.25e-05 99
