1646515627969 41.001157407407405 0
1646515646054 62.73148148148148 1
1646515664187 68.88020833333333 2
1646515682333 74.17534722222223 3
1646515698106 77.18460648148148 4
1646515715192 80.36747685185185 5
1646515730971 83.5792824074074 6
1646515747069 86.00983796296296 7
1646515764184 87.5144675925926 8
1646515779989 43.851273148148145 9
1646515795795 59.5775462962963 10
1646515811606 69.58912037037037 11
1646515827477 75.44849537037037 12
1646515843305 80.54108796296296 13
1646515860446 83.79629629629629 14
1646515877599 86.92129629629629 15
1646515893428 88.94675925925925 16
1646515910571 90.48032407407408 17
1646515926408 92.9832175925926 18
1646515944122 93.04108796296296 19
1646515961287 95.60185185185185 20
1646515978421 97.23668981481481 21
1646515994249 97.72858796296296 22
1646516010087 98.09027777777777 23
1646516025933 97.68518518518519 24
1646516041785 97.77199074074075 25
1646516057634 98.046875 26
1646516073484 98.53877314814815 27
1646516089342 98.09027777777777 28
1646516105215 98.36516203703704 29
1646516121094 98.0613425925926 30
1646516136968 97.84432870370371 31
1646516152841 98.29282407407408 32
1646516168713 98.71238425925925 33
1646516184578 98.77025462962963 34
1646516200442 98.37962962962963 35
1646516216301 98.50983796296296 36
1646516232169 98.4375 37
1646516248026 98.58217592592592 38
1646516263878 97.90219907407408 39
1646516279730 99.34895833333333 40
1646516296877 99.46469907407408 41
1646516312711 99.49363425925925 42
1646516328548 99.37789351851852 43
1646516344382 99.53703703703704 44
1646516360216 99.6238425925926 45
1646516376053 99.65277777777777 46
1646516391890 99.68171296296296 47
1646516407733 99.609375 48
1646516423579 99.69618055555556 49
1646516439426 99.6238425925926 50
1646516455272 99.6238425925926 51
1646516471125 99.71064814814815 52
1646516486969 99.68171296296296 53
1646516502810 99.6238425925926 54
1646516518661 99.73958333333333 55
1646516534506 99.69618055555556 56
1646516550350 99.45023148148148 57
1646516566198 99.50810185185185 58
1646516582041 99.82638888888889 59
1646516597887 99.72511574074075 60
1646516613733 99.81192129629629 61
1646516629578 99.86979166666667 62
1646516645425 99.89872685185185 63
1646516661280 99.91319444444444 64
1646516677128 99.73958333333333 65
1646516692974 99.78298611111111 66
1646516708826 99.81192129629629 67
1646516724673 99.73958333333333 68
1646516740517 99.91319444444444 69
1646516756365 99.86979166666667 70
1646516772212 99.85532407407408 71
1646516788059 99.94212962962963 72
1646516803901 99.84085648148148 73
1646516819741 99.89872685185185 74
1646516835576 99.91319444444444 75
1646516851415 99.84085648148148 76
1646516867251 99.86979166666667 77
1646516883089 99.85532407407408 78
1646516898928 99.82638888888889 79
1646516914772 99.85532407407408 80
1646516930619 99.88425925925925 81
1646516946464 99.89872685185185 82
1646516962301 99.89872685185185 83
1646516978147 99.91319444444444 84
1646516993990 99.92766203703704 85
1646517009838 99.88425925925925 86
1646517025683 99.91319444444444 87
1646517041523 99.86979166666667 88
1646517057364 99.88425925925925 89
1646517073211 99.95659722222223 90
1646517089057 99.94212962962963 91
1646517104900 99.95659722222223 92
1646517120741 99.89872685185185 93
1646517136585 99.9855324074074 94
1646517152428 99.91319444444444 95
1646517168267 99.92766203703704 96
1646517184112 99.85532407407408 97
1646517199951 99.89872685185185 98
1646517215796 99.94212962962963 99
