1646515627938 2.7639578404249967 0
1646515646049 1.2399161093764834 1
1646515664182 0.9992106192641788 2
1646515682328 0.8407338934916037 3
1646515698102 0.7239429851373037 4
1646515715187 0.6079171161960673 5
1646515730965 0.5064046962393655 6
1646515747062 0.43918903668721515 7
1646515764179 0.3848793161688028 8
1646515779984 2.5210995232617415 9
1646515795792 1.4013301222412675 10
1646515811600 1.0192191567685869 11
1646515827473 0.7932392480196776 12
1646515843300 0.6222410687693843 13
1646515860443 0.5228608311326416 14
1646515877595 0.4268250421241478 15
1646515893425 0.3533615950081084 16
1646515910568 0.3070432996308362 17
1646515926402 0.23616617366119666 18
1646515943937 0.23550665640720614 19
1646515961283 0.1616049019826783 20
1646515978417 0.11251106499521821 21
1646515994244 0.09376162083612548 22
1646516010082 0.08539963417031148 23
1646516025927 0.08525082048166681 24
1646516041780 0.08695268734461731 25
1646516057630 0.07812845927697641 26
1646516073480 0.06573821507670262 27
1646516089338 0.07245951014812346 28
1646516105211 0.06339117080939037 29
1646516121089 0.06678883117382173 30
1646516136964 0.07475865528815323 31
1646516152837 0.06292722922646338 32
1646516168708 0.05283499616025775 33
1646516184573 0.05020925564760411 34
1646516200437 0.05542633749751581 35
1646516216296 0.05730678472254011 36
1646516232164 0.05703612544608337 37
1646516248022 0.05292287601709918 38
1646516263874 0.06561982610987292 39
1646516279726 0.03189296228811145 40
1646516296873 0.02426804208058726 41
1646516312707 0.021582117743997112 42
1646516328543 0.024469334925352422 43
1646516344379 0.020178877964132914 44
1646516360212 0.019446405280312454 45
1646516376049 0.017631286746580845 46
1646516391885 0.017529879429343122 47
1646516407728 0.018979287749432302 48
1646516423574 0.015078839570007942 49
1646516439421 0.014694812750719764 50
1646516455268 0.015846849151852506 51
1646516471121 0.015478557053332528 52
1646516486963 0.013996920781210065 53
1646516502805 0.01600415502778358 54
1646516518657 0.015058517516418188 55
1646516534501 0.014475805486586911 56
1646516550345 0.018601916126768897 57
1646516566193 0.020064242141045355 58
1646516582036 0.0116235652886745 59
1646516597881 0.014140493650403287 60
1646516613727 0.010106253439853727 61
1646516629573 0.009198158039469962 62
1646516645420 0.007181168059576993 63
1646516661274 0.006783032455671302 64
1646516677122 0.011714314080395357 65
1646516692969 0.010195050974962887 66
1646516708821 0.008958398847392312 67
1646516724668 0.010114791279193014 68
1646516740512 0.007207346506658252 69
1646516756360 0.00818297943893682 70
1646516772206 0.007682080156411286 71
1646516788054 0.006002016680280643 72
1646516803896 0.008356549695168657 73
1646516819736 0.007874293539552364 74
1646516835571 0.00596740489601399 75
1646516851410 0.007393798489054596 76
1646516867246 0.00728349614655599 77
1646516883083 0.0074305747704649415 78
1646516898922 0.008202612499223539 79
1646516914767 0.006867260775632328 80
1646516930613 0.0066726828916688205 81
1646516946460 0.005969011839220507 82
1646516962297 0.005884323232479532 83
1646516978142 0.004633768526319828 84
1646516993985 0.004781802618203478 85
1646517009833 0.005230438702575931 86
1646517025678 0.00472230031111933 87
1646517041518 0.006128472452810793 88
1646517057359 0.005714956953414474 89
1646517073206 0.005155704193317366 90
1646517089052 0.004843580372700536 91
1646517104894 0.004027825202447949 92
1646517120736 0.004924492133324276 93
1646517136581 0.0039038296306022893 94
1646517152423 0.004716903242903451 95
1646517168262 0.004669842669197048 96
1646517184106 0.007207690382428054 97
1646517199946 0.005931765136429695 98
1646517215791 0.004555835709820881 99
