1646512006418 0 0
1646512024427 13.177083333333334 1
1646512041089 17.604166666666668 2
1646512057729 27.8125 3
1646512074379 33.645833333333336 4
1646512091031 39.635416666666664 5
1646512107724 46.71875 6
1646512124384 50.260416666666664 7
1646512141049 53.020833333333336 8
1646512157712 55.677083333333336 9
1646512174374 56.614583333333336 10
1646512191095 59.947916666666664 11
1646512206386 59.947916666666664 12
1646512223050 62.447916666666664 13
1646512238347 62.447916666666664 14
1646512255018 62.65625 15
1646512271687 62.8125 16
1646512288337 63.125 17
1646512303794 63.125 18
1646512319085 63.125 19
1646512336557 64.42708333333333 20
1646512353674 67.03125 21
1646512371149 69.32291666666667 22
1646512386423 69.32291666666667 23
1646512401709 69.32291666666667 24
1646512416994 69.32291666666667 25
1646512432285 69.32291666666667 26
1646512447582 69.32291666666667 27
1646512462876 69.32291666666667 28
1646512478173 69.32291666666667 29
1646512493464 69.32291666666667 30
1646512508760 69.32291666666667 31
1646512524057 69.32291666666667 32
1646512539353 69.32291666666667 33
1646512554654 69.32291666666667 34
1646512569949 69.32291666666667 35
1646512585243 69.32291666666667 36
1646512600536 69.32291666666667 37
1646512615822 69.32291666666667 38
1646512631114 69.32291666666667 39
1646512646409 69.32291666666667 40
1646512663074 69.375 41
1646512679731 69.63541666666667 42
1646512695018 69.63541666666667 43
1646512710304 69.63541666666667 44
1646512725589 69.63541666666667 45
1646512742241 69.89583333333333 46
1646512757528 69.89583333333333 47
1646512772814 69.89583333333333 48
1646512789468 70.625 49
1646512804753 70.625 50
1646512820042 70.625 51
1646512836697 71.25 52
1646512851981 71.25 53
1646512867267 71.25 54
1646512882555 71.25 55
1646512897844 71.25 56
1646512913133 71.25 57
1646512929792 72.08333333333333 58
1646512945082 72.08333333333333 59
1646512960366 72.08333333333333 60
1646512975659 72.08333333333333 61
1646512990952 72.08333333333333 62
1646513006250 72.08333333333333 63
1646513021541 72.08333333333333 64
1646513036834 72.08333333333333 65
1646513052126 72.08333333333333 66
1646513067421 72.08333333333333 67
1646513082716 72.08333333333333 68
1646513098009 72.08333333333333 69
1646513113305 72.08333333333333 70
1646513128604 72.08333333333333 71
1646513143894 72.08333333333333 72
1646513159188 72.08333333333333 73
1646513174481 72.08333333333333 74
1646513189769 72.08333333333333 75
1646513205058 72.08333333333333 76
1646513220348 72.08333333333333 77
1646513235688 72.08333333333333 78
1646513250981 72.08333333333333 79
1646513266277 72.08333333333333 80
1646513281578 72.08333333333333 81
1646513296880 72.08333333333333 82
1646513312176 72.08333333333333 83
1646513327471 72.08333333333333 84
1646513342767 72.08333333333333 85
1646513358067 72.08333333333333 86
1646513373372 72.08333333333333 87
1646513388671 72.08333333333333 88
1646513403967 72.08333333333333 89
1646513419264 72.08333333333333 90
1646513434561 72.08333333333333 91
1646513449858 72.08333333333333 92
1646513465157 72.08333333333333 93
1646513480448 72.08333333333333 94
1646513495744 72.08333333333333 95
1646513511035 72.08333333333333 96
1646513526336 72.08333333333333 97
1646513541632 72.08333333333333 98
1646513556934 72.08333333333333 99
