1646512006218 0.001 0
1646512023845 0.001 1
1646512041078 0.001 2
1646512057718 0.001 3
1646512074368 0.001 4
1646512091019 0.001 5
1646512107712 0.001 6
1646512124372 0.001 7
1646512141037 0.001 8
1646512157699 0.001 9
1646512174363 0.001 10
1646512191078 0.001 11
1646512206373 0.001 12
1646512223037 0.001 13
1646512238333 0.001 14
1646512255006 0.001 15
1646512271675 0.001 16
1646512288325 0.001 17
1646512303616 0.001 18
1646512319075 0.001 19
1646512335744 0.0005 20
1646512353223 0.0005 21
1646512371139 0.0005 22
1646512386413 0.0005 23
1646512401699 0.0005 24
1646512416984 0.0005 25
1646512432272 0.0005 26
1646512447571 0.0005 27
1646512462864 0.0005 28
1646512478160 0.0005 29
1646512493453 0.0005 30
1646512508748 0.0005 31
1646512524045 0.0005 32
1646512539342 0.0005 33
1646512554642 0.0005 34
1646512569938 0.0005 35
1646512585232 0.0005 36
1646512600525 0.0005 37
1646512615812 0.0005 38
1646512631103 0.0005 39
1646512646397 0.00025 40
1646512663064 0.00025 41
1646512679721 0.00025 42
1646512695009 0.00025 43
1646512710294 0.00025 44
1646512725578 0.00025 45
1646512742231 0.00025 46
1646512757518 0.00025 47
1646512772802 0.00025 48
1646512789457 0.00025 49
1646512804742 0.00025 50
1646512820030 0.00025 51
1646512836685 0.00025 52
1646512851969 0.00025 53
1646512867255 0.00025 54
1646512882542 0.00025 55
1646512897833 0.00025 56
1646512913122 0.00025 57
1646512929780 0.00025 58
1646512945071 0.00025 59
1646512960354 0.000125 60
1646512975647 0.000125 61
1646512990941 0.000125 62
1646513006238 0.000125 63
1646513021529 0.000125 64
1646513036821 0.000125 65
1646513052116 0.000125 66
1646513067409 0.000125 67
1646513082704 0.000125 68
1646513097996 0.000125 69
1646513113292 0.000125 70
1646513128592 0.000125 71
1646513143882 0.000125 72
1646513159177 0.000125 73
1646513174469 0.000125 74
1646513189759 0.000125 75
1646513205045 0.000125 76
1646513220336 0.000125 77
1646513235675 0.000125 78
1646513250968 0.000125 79
1646513266265 6.25e-05 80
1646513281566 6.25e-05 81
1646513296867 6.25e-05 82
1646513312163 6.25e-05 83
1646513327458 6.25e-05 84
1646513342755 6.25e-05 85
1646513358054 6.25e-05 86
1646513373359 6.25e-05 87
1646513388658 6.25e-05 88
1646513403956 6.25e-05 89
1646513419252 6.25e-05 90
1646513434550 6.25e-05 91
1646513449846 6.25e-05 92
1646513465145 6.25e-05 93
1646513480436 6.25e-05 94
1646513495732 6.25e-05 95
1646513511023 6.25e-05 96
1646513526318 6.25e-05 97
1646513541620 6.25e-05 98
1646513556922 6.25e-05 99
