1646512006221 14.960008674197727 0
1646512024270 3.4704412442666515 1
1646512041081 2.5604662144625627 2
1646512057721 2.2437218361430697 3
1646512074371 1.9487655803009316 4
1646512091022 1.730488379796346 5
1646512107715 1.5214418349442658 6
1646512124375 1.364586227469974 7
1646512141040 1.2640861074129741 8
1646512157703 1.155249465394903 9
1646512174366 1.0672231404869645 10
1646512191082 0.9902148279878829 11
1646512206377 0.9241033847685214 12
1646512223041 0.8622773907802723 13
1646512238337 0.8304782101401577 14
1646512255009 0.7507614725165896 15
1646512271678 0.7028310260287037 16
1646512288328 0.6757276952266693 17
1646512303785 0.6025530740066811 18
1646512319078 0.5750384678443273 19
1646512336100 0.4490758357224641 20
1646512353529 0.3761295794888779 21
1646512371142 0.35781541163170777 22
1646512386416 0.33255452662706375 23
1646512401701 0.3124224576685164 24
1646512416987 0.3076466741385283 25
1646512432275 0.2894067347601608 26
1646512447573 0.296686679676727 27
1646512462867 0.26832239633357086 28
1646512478163 0.26404975658213653 29
1646512493456 0.242339835398727 30
1646512508751 0.24788877423162814 31
1646512524048 0.21744401477001332 32
1646512539345 0.20368308863706058 33
1646512554645 0.22443912412833283 34
1646512569941 0.23047472771119187 35
1646512585235 0.18799697483579317 36
1646512600528 0.1977877152600774 37
1646512615814 0.19484210704211835 38
1646512631106 0.18553573727883674 39
1646512646400 0.11692643917545124 40
1646512663066 0.0935118915858092 41
1646512679723 0.07646577853571486 42
1646512695011 0.0727903152367583 43
1646512710297 0.07063366465822414 44
1646512725581 0.06792019014419229 45
1646512742234 0.06246901131062596 46
1646512757520 0.06020388748772718 47
1646512772805 0.0550713871985122 48
1646512789460 0.055563339256440046 49
1646512804745 0.06360945105552673 50
1646512820033 0.05505968002533471 51
1646512836688 0.05419734653292431 52
1646512851972 0.056484479681347254 53
1646512867258 0.06258711577565582 54
1646512882545 0.05924899079319504 55
1646512897836 0.06024904093808598 56
1646512913125 0.0639017842606538 57
1646512929783 0.059497201504806675 58
1646512945074 0.05886685227354368 59
1646512960357 0.0409170136683517 60
1646512975649 0.026305544526419707 61
1646512990944 0.024315187888633873 62
1646513006241 0.027244167885294667 63
1646513021532 0.0241430744494277 64
1646513036824 0.019404786914862967 65
1646513052119 0.019438609588649815 66
1646513067412 0.0180695368649645 67
1646513082707 0.0225552374979964 68
1646513097999 0.023400933464506158 69
1646513113295 0.019840955104747857 70
1646513128595 0.018129892375630636 71
1646513143885 0.02240875971296595 72
1646513159180 0.017390799734534487 73
1646513174472 0.02101419002024664 74
1646513189762 0.027548510141463742 75
1646513205048 0.02735253122066044 76
1646513220339 0.026864354834995337 77
1646513235678 0.02592049877124804 78
1646513250972 0.028239472200059228 79
1646513266268 0.0177648081013036 80
1646513281569 0.013929012188411973 81
1646513296870 0.01404737112008863 82
1646513312166 0.014940198886001276 83
1646513327461 0.012588141468801984 84
1646513342758 0.011817129988533756 85
1646513358057 0.011489961037619246 86
1646513373362 0.009540601042789166 87
1646513388661 0.00981731330803423 88
1646513403959 0.01101493633231493 89
1646513419255 0.011019787078516351 90
1646513434553 0.011328083825194173 91
1646513449849 0.009848709817527345 92
1646513465148 0.01026081616550477 93
1646513480439 0.009611460539788284 94
1646513495735 0.00890861707955116 95
1646513511026 0.010636773570526944 96
1646513526322 0.010870752291305474 97
1646513541623 0.008912746596184594 98
1646513556925 0.01295913592049921 99
