1646512006225 11.93576388888889 0
1646512024422 13.700810185185185 1
1646512041085 22.077546296296298 2
1646512057725 30.107060185185187 3
1646512074375 37.7025462962963 4
1646512091027 43.894675925925924 5
1646512107719 49.63831018518518 6
1646512124380 54.079861111111114 7
1646512141044 57.638888888888886 8
1646512157707 60.807291666666664 9
1646512174370 63.78761574074074 10
1646512191090 66.50752314814815 11
1646512206382 68.82233796296296 12
1646512223046 70.703125 13
1646512238341 72.09201388888889 14
1646512255014 74.13194444444444 15
1646512271682 75.34722222222223 16
1646512288333 77.15567129629629 17
1646512303790 79.07986111111111 18
1646512319081 80.52662037037037 19
1646512336551 84.79456018518519 20
1646512353669 87.55787037037037 21
1646512371146 88.22337962962963 22
1646512386419 88.88888888888889 23
1646512401705 88.96122685185185 24
1646512416990 89.69907407407408 25
1646512432280 90.29224537037037 26
1646512447578 89.74247685185185 27
1646512462872 90.88541666666667 28
1646512478168 91.26157407407408 29
1646512493460 91.44965277777777 30
1646512508756 91.49305555555556 31
1646512524052 92.43344907407408 32
1646512539349 92.9832175925926 33
1646512554650 92.5636574074074 34
1646512569945 91.85474537037037 35
1646512585239 93.79340277777777 36
1646512600532 93.01215277777777 37
1646512615818 93.59085648148148 38
1646512631110 93.7644675925926 39
1646512646405 96.1082175925926 40
1646512663070 97.19328703703704 41
1646512679727 97.77199074074075 42
1646512695015 97.88773148148148 43
1646512710300 97.72858796296296 44
1646512725584 97.80092592592592 45
1646512742238 98.19155092592592 46
1646512757524 98.20601851851852 47
1646512772810 98.27835648148148 48
1646512789464 98.35069444444444 49
1646512804749 98.0613425925926 50
1646512820038 98.22048611111111 51
1646512836693 98.24942129629629 52
1646512851976 98.19155092592592 53
1646512867263 98.0324074074074 54
1646512882550 98.09027777777777 55
1646512897840 98.07581018518519 56
1646512913128 97.85879629629629 57
1646512929787 98.19155092592592 58
1646512945078 98.22048611111111 59
1646512960361 98.88599537037037 60
1646512975654 99.33449074074075 61
1646512990948 99.43576388888889 62
1646513006245 99.17534722222223 63
1646513021537 99.33449074074075 64
1646513036829 99.55150462962963 65
1646513052123 99.55150462962963 66
1646513067416 99.49363425925925 67
1646513082711 99.32002314814815 68
1646513098004 99.32002314814815 69
1646513113300 99.39236111111111 70
1646513128599 99.56597222222223 71
1646513143889 99.45023148148148 72
1646513159184 99.53703703703704 73
1646513174477 99.36342592592592 74
1646513189766 99.17534722222223 75
1646513205053 99.18981481481481 76
1646513220344 99.2332175925926 77
1646513235684 99.16087962962963 78
1646513250977 99.21875 79
1646513266273 99.52256944444444 80
1646513281574 99.65277777777777 81
1646513296876 99.63831018518519 82
1646513312171 99.63831018518519 83
1646513327466 99.72511574074075 84
1646513342763 99.75405092592592 85
1646513358063 99.78298611111111 86
1646513373367 99.76851851851852 87
1646513388666 99.76851851851852 88
1646513403963 99.73958333333333 89
1646513419259 99.75405092592592 90
1646513434557 99.69618055555556 91
1646513449853 99.76851851851852 92
1646513465153 99.73958333333333 93
1646513480444 99.81192129629629 94
1646513495740 99.79745370370371 95
1646513511031 99.75405092592592 96
1646513526330 99.72511574074075 97
1646513541628 99.82638888888889 98
1646513556930 99.56597222222223 99
