1646513684958 0 0
1646513701725 36.44701086956522 1
1646513718517 51.93614130434783 2
1646513735328 55.94429347826087 3
1646513752131 57.64266304347826 4
1646513768833 57.77853260869565 5
1646513785555 59.88451086956522 6
1646513801520 59.88451086956522 7
1646513818368 61.58288043478261 8
1646513834097 61.58288043478261 9
1646513849828 61.58288043478261 10
1646513865561 61.58288043478261 11
1646513881295 61.58288043478261 12
1646513897027 61.58288043478261 13
1646513912766 61.58288043478261 14
1646513928504 61.58288043478261 15
1646513944248 61.58288043478261 16
1646513959995 61.58288043478261 17
1646513975732 61.58288043478261 18
1646513991471 61.58288043478261 19
1646514007208 61.58288043478261 20
1646514022944 61.58288043478261 21
1646514038685 61.58288043478261 22
1646514054418 61.58288043478261 23
1646514070155 61.58288043478261 24
1646514085890 61.58288043478261 25
1646514101626 61.58288043478261 26
1646514117362 61.58288043478261 27
1646514133098 61.58288043478261 28
1646514148832 61.58288043478261 29
1646514168091 61.58288043478261 30
1646514183824 61.58288043478261 31
1646514199558 61.58288043478261 32
1646514215293 61.58288043478261 33
1646514231024 61.58288043478261 34
1646514246756 61.58288043478261 35
1646514262491 61.58288043478261 36
1646514278222 61.58288043478261 37
1646514293951 61.58288043478261 38
1646514309689 61.58288043478261 39
1646514325421 61.58288043478261 40
1646514341153 61.58288043478261 41
1646514356888 61.58288043478261 42
1646514373050 61.58288043478261 43
1646514388780 61.58288043478261 44
1646514404516 61.58288043478261 45
1646514420251 61.58288043478261 46
1646514435984 61.58288043478261 47
1646514451715 61.58288043478261 48
1646514467449 61.58288043478261 49
1646514483182 61.58288043478261 50
1646514498917 61.58288043478261 51
1646514514659 61.58288043478261 52
1646514530396 61.58288043478261 53
1646514546133 61.58288043478261 54
1646514561871 61.58288043478261 55
1646514577608 61.58288043478261 56
1646514593349 61.58288043478261 57
1646514609090 61.58288043478261 58
1646514624825 61.58288043478261 59
1646514640560 61.58288043478261 60
1646514656294 61.58288043478261 61
1646514672033 61.58288043478261 62
1646514687766 61.58288043478261 63
1646514703505 61.58288043478261 64
1646514719242 61.58288043478261 65
1646514734976 61.58288043478261 66
1646514750715 61.58288043478261 67
1646514766455 61.58288043478261 68
1646514782196 61.58288043478261 69
1646514797935 61.58288043478261 70
1646514813671 61.58288043478261 71
1646514829412 61.58288043478261 72
1646514845146 61.58288043478261 73
1646514860885 61.58288043478261 74
1646514876617 61.58288043478261 75
1646514892350 61.58288043478261 76
1646514908086 61.58288043478261 77
1646514923822 61.58288043478261 78
1646514939559 61.58288043478261 79
1646514955293 61.58288043478261 80
1646514971026 61.58288043478261 81
1646514986760 61.58288043478261 82
1646515002493 61.58288043478261 83
1646515018227 61.58288043478261 84
1646515033964 61.58288043478261 85
1646515049701 61.58288043478261 86
1646515065440 61.58288043478261 87
1646515081181 61.58288043478261 88
1646515096922 61.58288043478261 89
1646515112646 61.58288043478261 90
1646515128371 61.58288043478261 91
1646515144096 61.58288043478261 92
1646515159820 61.58288043478261 93
1646515175547 61.58288043478261 94
1646515191284 61.58288043478261 95
1646515207023 61.58288043478261 96
1646515222759 61.58288043478261 97
1646515238504 61.58288043478261 98
1646515254233 61.58288043478261 99
