1646513683957 0.001 0
1646513701621 0.001 1
1646513718413 0.001 2
1646513735190 0.001 3
1646513752007 0.001 4
1646513768822 0.001 5
1646513785543 0.001 6
1646513801279 0.001 7
1646513818232 0.001 8
1646513834088 0.001 9
1646513849815 0.001 10
1646513865552 0.001 11
1646513881282 0.001 12
1646513897017 0.001 13
1646513912755 0.001 14
1646513928493 0.001 15
1646513944236 0.001 16
1646513959980 0.001 17
1646513975720 0.001 18
1646513991458 0.001 19
1646514007196 0.0005 20
1646514022932 0.0005 21
1646514038673 0.0005 22
1646514054408 0.0005 23
1646514070145 0.0005 24
1646514085880 0.0005 25
1646514101615 0.0005 26
1646514117352 0.0005 27
1646514133087 0.0005 28
1646514148821 0.0005 29
1646514164555 0.0005 30
1646514183815 0.0005 31
1646514199547 0.0005 32
1646514215282 0.0005 33
1646514231014 0.0005 34
1646514246746 0.0005 35
1646514262480 0.0005 36
1646514278211 0.0005 37
1646514293941 0.0005 38
1646514309678 0.0005 39
1646514325412 0.00025 40
1646514341144 0.00025 41
1646514356877 0.00025 42
1646514372610 0.00025 43
1646514388770 0.00025 44
1646514404506 0.00025 45
1646514420241 0.00025 46
1646514435974 0.00025 47
1646514451705 0.00025 48
1646514467439 0.00025 49
1646514483172 0.00025 50
1646514498905 0.00025 51
1646514514649 0.00025 52
1646514530385 0.00025 53
1646514546122 0.00025 54
1646514561860 0.00025 55
1646514577596 0.00025 56
1646514593337 0.00025 57
1646514609078 0.00025 58
1646514624813 0.00025 59
1646514640549 0.000125 60
1646514656282 0.000125 61
1646514672021 0.000125 62
1646514687755 0.000125 63
1646514703493 0.000125 64
1646514719230 0.000125 65
1646514734964 0.000125 66
1646514750703 0.000125 67
1646514766444 0.000125 68
1646514782185 0.000125 69
1646514797924 0.000125 70
1646514813661 0.000125 71
1646514829401 0.000125 72
1646514845135 0.000125 73
1646514860873 0.000125 74
1646514876606 0.000125 75
1646514892338 0.000125 76
1646514908073 0.000125 77
1646514923810 0.000125 78
1646514939548 0.000125 79
1646514955281 6.25e-05 80
1646514971014 6.25e-05 81
1646514986747 6.25e-05 82
1646515002481 6.25e-05 83
1646515018212 6.25e-05 84
1646515033952 6.25e-05 85
1646515049687 6.25e-05 86
1646515065427 6.25e-05 87
1646515081167 6.25e-05 88
1646515096905 6.25e-05 89
1646515112633 6.25e-05 90
1646515128357 6.25e-05 91
1646515144083 6.25e-05 92
1646515159807 6.25e-05 93
1646515175532 6.25e-05 94
1646515191271 6.25e-05 95
1646515207010 6.25e-05 96
1646515222745 6.25e-05 97
1646515238493 6.25e-05 98
1646515254219 6.25e-05 99
