1646513684951 23.292824074074073 0
1646513701721 49.898726851851855 1
1646513718512 62.745949074074076 2
1646513735323 68.92361111111111 3
1646513752126 74.47916666666667 4
1646513768829 78.31307870370371 5
1646513785551 80.83043981481481 6
1646513801515 83.46354166666667 7
1646513818363 85.35879629629629 8
1646513834094 86.74768518518519 9
1646513849824 87.890625 10
1646513865558 88.90335648148148 11
1646513881290 90.06076388888889 12
1646513897024 90.71180555555556 13
1646513912762 91.44965277777777 14
1646513928500 92.04282407407408 15
1646513944244 92.39004629629629 16
1646513959991 91.98495370370371 17
1646513975728 92.63599537037037 18
1646513991466 93.33043981481481 19
1646514007203 96.41203703703704 20
1646514022940 97.68518518518519 21
1646514038681 97.82986111111111 22
1646514054414 97.96006944444444 23
1646514070151 98.10474537037037 24
1646514085887 98.0613425925926 25
1646514101622 98.26388888888889 26
1646514117358 98.71238425925925 27
1646514133094 98.49537037037037 28
1646514148828 98.50983796296296 29
1646514168086 98.61111111111111 30
1646514183821 98.85706018518519 31
1646514199554 98.94386574074075 32
1646514215290 98.72685185185185 33
1646514231020 98.69791666666667 34
1646514246752 98.72685185185185 35
1646514262487 98.58217592592592 36
1646514278218 98.79918981481481 37
1646514293948 98.4230324074074 38
1646514309685 98.79918981481481 39
1646514325418 99.16087962962963 40
1646514341150 99.43576388888889 41
1646514356884 99.56597222222223 42
1646514373047 99.52256944444444 43
1646514388776 99.78298611111111 44
1646514404512 99.68171296296296 45
1646514420248 99.69618055555556 46
1646514435980 99.71064814814815 47
1646514451711 99.72511574074075 48
1646514467445 99.84085648148148 49
1646514483179 99.69618055555556 50
1646514498912 99.47916666666667 51
1646514514655 99.5949074074074 52
1646514530392 99.72511574074075 53
1646514546129 99.79745370370371 54
1646514561867 99.6238425925926 55
1646514577603 99.66724537037037 56
1646514593344 99.63831018518519 57
1646514609086 99.53703703703704 58
1646514624820 99.79745370370371 59
1646514640556 99.72511574074075 60
1646514656289 99.84085648148148 61
1646514672029 99.91319444444444 62
1646514687762 99.92766203703704 63
1646514703501 99.88425925925925 64
1646514719238 99.92766203703704 65
1646514734972 99.89872685185185 66
1646514750711 99.79745370370371 67
1646514766451 99.97106481481481 68
1646514782192 99.89872685185185 69
1646514797931 99.86979166666667 70
1646514813668 99.97106481481481 71
1646514829408 99.89872685185185 72
1646514845142 99.91319444444444 73
1646514860881 99.91319444444444 74
1646514876613 99.91319444444444 75
1646514892346 99.89872685185185 76
1646514908081 99.89872685185185 77
1646514923818 99.92766203703704 78
1646514939556 99.78298611111111 79
1646514955289 99.85532407407408 80
1646514971022 99.92766203703704 81
1646514986755 99.92766203703704 82
1646515002489 99.92766203703704 83
1646515018223 99.95659722222223 84
1646515033960 99.88425925925925 85
1646515049695 99.9855324074074 86
1646515065436 99.95659722222223 87
1646515081175 100.0 88
1646515096916 99.92766203703704 89
1646515112642 99.9855324074074 90
1646515128365 99.94212962962963 91
1646515144092 99.91319444444444 92
1646515159816 99.89872685185185 93
1646515175542 99.9855324074074 94
1646515191280 99.97106481481481 95
1646515207018 99.9855324074074 96
1646515222754 99.95659722222223 97
1646515238500 99.91319444444444 98
1646515254228 99.92766203703704 99
