1646513684382 4.965758831412704 0
1646513701715 1.7262248087812353 1
1646513718507 1.238032301266988 2
1646513735319 1.0018215918982472 3
1646513752121 0.8147138070177149 4
1646513768825 0.684794432035199 5
1646513785546 0.5858407130947819 6
1646513801509 0.5129601298658936 7
1646513818358 0.4540887298407378 8
1646513834091 0.41725146604908836 9
1646513849819 0.3766852655896434 10
1646513865555 0.34956746576008974 11
1646513881285 0.31653388727594306 12
1646513897020 0.29237178133593666 13
1646513912759 0.26824595199690926 14
1646513928496 0.24293530042524691 15
1646513944239 0.23926189514221968 16
1646513959985 0.2461800495231593 17
1646513975723 0.23204272985458374 18
1646513991461 0.20373950802065707 19
1646514007199 0.12967585303165294 20
1646514022935 0.08784793745036479 21
1646514038676 0.07983699220198172 22
1646514054411 0.07854854646656248 23
1646514070148 0.07000339524475513 24
1646514085883 0.06712358624294952 25
1646514101618 0.0638138552851699 26
1646514117355 0.052732303014232054 27
1646514133090 0.05547228455543518 28
1646514148824 0.05725010370628701 29
1646514168081 0.05275876161262945 30
1646514183817 0.04992014321464079 31
1646514199549 0.04667557431039987 32
1646514215285 0.045097256148303 33
1646514231016 0.04777010059398082 34
1646514246749 0.05275760839382807 35
1646514262483 0.05109892130174019 36
1646514278214 0.0478127624977518 37
1646514293944 0.05456427978006778 38
1646514309681 0.04592042202474894 39
1646514325414 0.033145346092405145 40
1646514341147 0.02395040753159534 41
1646514356880 0.019890576006016798 42
1646514372997 0.01854755895867668 43
1646514388772 0.01470570243826067 44
1646514404508 0.015419807811095207 45
1646514420244 0.01591675124493324 46
1646514435976 0.015451830768681786 47
1646514451707 0.015115821992771493 48
1646514467441 0.012384200063361614 49
1646514483175 0.013905142584850115 50
1646514498908 0.01906258455063734 51
1646514514652 0.016808118498711673 52
1646514530388 0.016009125832675233 53
1646514546125 0.012118854189153623 54
1646514561863 0.015627816509179496 55
1646514577599 0.013320852183150473 56
1646514593340 0.01659375585236207 57
1646514609081 0.0178189084313258 58
1646514624816 0.013290232280269265 59
1646514640552 0.01313149331016811 60
1646514656285 0.008460061719503116 61
1646514672024 0.007601410012554239 62
1646514687758 0.006994785111466491 63
1646514703496 0.007908856444474723 64
1646514719233 0.006254624941869191 65
1646514734967 0.00645198537191997 66
1646514750706 0.008366515243391472 67
1646514766447 0.006325345408792297 68
1646514782187 0.0071434576788710225 69
1646514797927 0.00826882672737594 70
1646514813664 0.004729317813784022 71
1646514829404 0.006218296115683323 72
1646514845138 0.006292600613691051 73
1646514860876 0.006895227047304313 74
1646514876609 0.005757888451356579 75
1646514892341 0.007675915210576797 76
1646514908076 0.006567716318251634 77
1646514923813 0.0065809265080908385 78
1646514939551 0.00921394857276162 79
1646514955284 0.006956048206322723 80
1646514971017 0.004705774425356476 81
1646514986750 0.004707493616647467 82
1646515002484 0.004385414710095911 83
1646515018216 0.00366230861012203 84
1646515033955 0.004712623065441019 85
1646515049690 0.0038308092410227765 86
1646515065431 0.0034437435204853063 87
1646515081170 0.003070065684840773 88
1646515096908 0.003701039566227269 89
1646515112636 0.0036079225052768984 90
1646515128360 0.004123034581964559 91
1646515144087 0.004256934319898762 92
1646515159811 0.0044233208216071405 93
1646515175536 0.0032964040421777302 94
1646515191275 0.004086217086296529 95
1646515207013 0.0034762320056971577 96
1646515222748 0.0033133761823625754 97
1646515238496 0.003994628275028878 98
1646515254223 0.004121422358029695 99
