1646526136259 0 0
1646526160319 9.029017857142858 1
1646526184455 12.689732142857142 2
1646526209166 19.587053571428573 3
1646526233430 22.287946428571427 4
1646526257616 24.497767857142858 5
1646526281809 29.040178571428573 6
1646526305987 29.720982142857142 7
1646526330166 29.888392857142858 8
1646526354348 31.272321428571427 9
1646526378529 32.32142857142857 10
1646526402700 35.323660714285715 11
1646526426878 36.19419642857143 12
1646526451071 36.205357142857146 13
1646526473977 36.205357142857146 14
1646526498162 37.44419642857143 15
1646526521061 37.44419642857143 16
1646526543973 37.44419642857143 17
1646526566883 37.44419642857143 18
1646526591085 37.99107142857143 19
1646526615281 38.18080357142857 20
1646526638191 38.18080357142857 21
1646526661097 38.18080357142857 22
1646526683994 38.18080357142857 23
1646526708171 38.59375 24
1646526731078 38.59375 25
1646526753978 38.59375 26
1646526776888 38.59375 27
1646526799784 38.59375 28
1646526822682 38.59375 29
1646526845585 38.59375 30
1646526868491 38.59375 31
1646526891392 38.59375 32
1646526914297 38.59375 33
1646526937202 38.59375 34
1646526960104 38.59375 35
1646526983002 38.59375 36
1646527005897 38.59375 37
1646527029036 38.59375 38
1646527051937 38.59375 39
1646527074837 38.59375 40
1646527097737 38.59375 41
1646527120622 38.59375 42
1646527143506 38.59375 43
1646527166395 38.59375 44
1646527189281 38.59375 45
1646527212164 38.59375 46
1646527235054 38.59375 47
1646527257941 38.59375 48
1646527280835 38.59375 49
1646527303746 38.59375 50
1646527326656 38.59375 51
1646527349566 38.59375 52
1646527372481 38.59375 53
1646527395396 38.59375 54
1646527418326 38.59375 55
1646527441253 38.59375 56
1646527464181 38.59375 57
1646527487101 38.59375 58
1646527510025 38.59375 59
1646527532955 38.59375 60
1646527555881 38.59375 61
1646527578802 38.59375 62
1646527601725 38.59375 63
1646527624651 38.59375 64
1646527647572 38.59375 65
1646527670501 38.59375 66
1646527693428 38.59375 67
1646527716360 38.59375 68
1646527739287 38.59375 69
1646527762213 38.59375 70
1646527785142 38.59375 71
1646527808073 38.59375 72
1646527831002 38.59375 73
1646527853931 38.59375 74
1646527876858 38.59375 75
1646527899778 38.59375 76
1646527922699 38.59375 77
1646527945625 38.59375 78
1646527968554 38.59375 79
1646527991482 38.59375 80
1646528014403 38.59375 81
1646528037328 38.59375 82
1646528060244 38.59375 83
1646528083173 38.59375 84
1646528106097 38.59375 85
1646528129018 38.59375 86
1646528151947 38.59375 87
1646528174877 38.59375 88
1646528197799 38.59375 89
1646528220720 38.59375 90
1646528243643 38.59375 91
1646528266579 38.59375 92
1646528289520 38.59375 93
1646528312453 38.59375 94
1646528335381 38.59375 95
1646528358309 38.59375 96
1646528381234 38.59375 97
1646528404166 38.59375 98
1646528427090 38.59375 99
