1646526135592 0.001 0
1646526160309 0.001 1
1646526184445 0.001 2
1646526209152 0.001 3
1646526233416 0.001 4
1646526257605 0.001 5
1646526281796 0.001 6
1646526305975 0.001 7
1646526330154 0.001 8
1646526354334 0.001 9
1646526378516 0.001 10
1646526402688 0.001 11
1646526426864 0.001 12
1646526451060 0.001 13
1646526473966 0.001 14
1646526498150 0.001 15
1646526521048 0.001 16
1646526543959 0.001 17
1646526566873 0.001 18
1646526591074 0.001 19
1646526615269 0.0005 20
1646526638180 0.0005 21
1646526661086 0.0005 22
1646526683983 0.0005 23
1646526708160 0.0005 24
1646526731065 0.0005 25
1646526753966 0.0005 26
1646526776873 0.0005 27
1646526799770 0.0005 28
1646526822669 0.0005 29
1646526845572 0.0005 30
1646526868478 0.0005 31
1646526891380 0.0005 32
1646526914286 0.0005 33
1646526937190 0.0005 34
1646526960094 0.0005 35
1646526982990 0.0005 36
1646527005885 0.0005 37
1646527029021 0.0005 38
1646527051923 0.0005 39
1646527074825 0.00025 40
1646527097724 0.00025 41
1646527120609 0.00025 42
1646527143493 0.00025 43
1646527166382 0.00025 44
1646527189268 0.00025 45
1646527212151 0.00025 46
1646527235042 0.00025 47
1646527257926 0.00025 48
1646527280821 0.00025 49
1646527303732 0.00025 50
1646527326644 0.00025 51
1646527349553 0.00025 52
1646527372468 0.00025 53
1646527395382 0.00025 54
1646527418313 0.00025 55
1646527441239 0.00025 56
1646527464167 0.00025 57
1646527487087 0.00025 58
1646527510011 0.00025 59
1646527532943 0.000125 60
1646527555867 0.000125 61
1646527578790 0.000125 62
1646527601711 0.000125 63
1646527624637 0.000125 64
1646527647557 0.000125 65
1646527670487 0.000125 66
1646527693413 0.000125 67
1646527716347 0.000125 68
1646527739273 0.000125 69
1646527762199 0.000125 70
1646527785129 0.000125 71
1646527808060 0.000125 72
1646527830987 0.000125 73
1646527853919 0.000125 74
1646527876843 0.000125 75
1646527899765 0.000125 76
1646527922686 0.000125 77
1646527945611 0.000125 78
1646527968537 0.000125 79
1646527991468 6.25e-05 80
1646528014390 6.25e-05 81
1646528037314 6.25e-05 82
1646528060231 6.25e-05 83
1646528083160 6.25e-05 84
1646528106084 6.25e-05 85
1646528129004 6.25e-05 86
1646528151934 6.25e-05 87
1646528174862 6.25e-05 88
1646528197786 6.25e-05 89
1646528220706 6.25e-05 90
1646528243630 6.25e-05 91
1646528266566 6.25e-05 92
1646528289506 6.25e-05 93
1646528312440 6.25e-05 94
1646528335369 6.25e-05 95
1646528358296 6.25e-05 96
1646528381221 6.25e-05 97
1646528404152 6.25e-05 98
1646528427077 6.25e-05 99
