1646526136055 16.945123381084866 0
1646526160312 2.491405440701379 1
1646526184447 2.0915545225143433 2
1646526209156 1.8438727723227606 3
1646526233420 1.6493829466678478 4
1646526257608 1.5243098117687084 5
1646526281799 1.4040515268290485 6
1646526305978 1.312893843209302 7
1646526330157 1.2163353772075087 8
1646526354337 1.1189006776721389 9
1646526378519 1.0602892659328602 10
1646526402691 0.9990675118234422 11
1646526426868 0.9365270987704948 12
1646526451064 0.8674646273807243 13
1646526473969 0.8146838578912947 14
1646526498153 0.7435366020158485 15
1646526521052 0.690628813372718 16
1646526543963 0.6536581168572108 17
1646526566876 0.58628824684355 18
1646526591077 0.5364578553923854 19
1646526615272 0.4665137794282701 20
1646526638183 0.42190312566580596 21
1646526661089 0.3949449238953767 22
1646526683986 0.3711209476546005 23
1646526708163 0.34806142112723104 24
1646526731068 0.3231711335204266 25
1646526753969 0.31659670643232485 26
1646526776877 0.2971538997910641 27
1646526799773 0.26277132028782807 28
1646526822672 0.2546944220860799 29
1646526845576 0.24728833304511177 30
1646526868481 0.23574269480175442 31
1646526891383 0.20943062531727333 32
1646526914289 0.1909323703083727 33
1646526937193 0.16666235719565992 34
1646526960097 0.17202352870393683 35
1646526982993 0.1537622097465727 36
1646527005888 0.14456991768545574 37
1646527029025 0.13086574621222638 38
1646527051926 0.13247972285306012 39
1646527074828 0.10748488628477962 40
1646527097727 0.09822070695183895 41
1646527120613 0.09742642642447243 42
1646527143496 0.08928659413423803 43
1646527166385 0.08473030657128051 44
1646527189271 0.08431210030836088 45
1646527212154 0.07639688018847395 46
1646527235045 0.07391319479103442 47
1646527257930 0.06430992139158426 48
1646527280825 0.07106079630277774 49
1646527303736 0.0676688519478948 50
1646527326647 0.07012102473527193 51
1646527349556 0.07011191567613019 52
1646527372471 0.06348277752598126 53
1646527395385 0.06058521299726433 54
1646527418316 0.06591251406266734 55
1646527441242 0.0582117511442414 56
1646527464170 0.05654004788785069 57
1646527487090 0.0536798187703998 58
1646527510015 0.05147855987565385 59
1646527532945 0.04418807114577956 60
1646527555871 0.04089598136919516 61
1646527578793 0.03920859757258936 62
1646527601715 0.040179126964951004 63
1646527624641 0.036217884057097964 64
1646527647561 0.03199892742904248 65
1646527670491 0.03478739314057209 66
1646527693416 0.03180814572368507 67
1646527716350 0.040188813789023295 68
1646527739277 0.03489107904196889 69
1646527762202 0.033831716480630415 70
1646527785132 0.032267236754436185 71
1646527808063 0.03015973344790163 72
1646527830991 0.03466733957261399 73
1646527853922 0.03317624616816088 74
1646527876846 0.0382600282146423 75
1646527899768 0.03506209935854982 76
1646527922689 0.031548606921677234 77
1646527945614 0.029962641428466195 78
1646527968542 0.03043905261007172 79
1646527991471 0.02917359524440986 80
1646528014393 0.024515469920718007 81
1646528037317 0.02461080406619995 82
1646528060234 0.023430301255925937 83
1646528083164 0.026456288303490037 84
1646528106087 0.02646728589509924 85
1646528129008 0.02233717511235564 86
1646528151937 0.025527385753337985 87
1646528174865 0.024811256745899166 88
1646528197789 0.02343670256366884 89
1646528220710 0.02423691090748266 90
1646528243633 0.019593135505500767 91
1646528266569 0.021398609607583947 92
1646528289510 0.02030217651001833 93
1646528312444 0.020533128175884485 94
1646528335372 0.020702427874008816 95
1646528358300 0.02009910890073688 96
1646528381224 0.022710200726847957 97
1646528404156 0.021671337222128554 98
1646528427081 0.024127591108144435 99
