1646526136253 26.634837962962962 0
1646526160316 40.8275462962963 1
1646526184452 47.670717592592595 2
1646526209161 52.50289351851852 3
1646526233425 57.07465277777778 4
1646526257612 59.635416666666664 5
1646526281804 62.254050925925924 6
1646526305983 64.19270833333333 7
1646526330161 66.66666666666667 8
1646526354343 68.79340277777777 9
1646526378524 70.26909722222223 10
1646526402695 72.09201388888889 11
1646526426873 73.32175925925925 12
1646526451068 75.20254629629629 13
1646526473973 76.64930555555556 14
1646526498158 78.37094907407408 15
1646526521057 79.87557870370371 16
1646526543968 80.98958333333333 17
1646526566880 82.74016203703704 18
1646526591081 84.11458333333333 19
1646526615277 87.00810185185185 20
1646526638187 88.62847222222223 21
1646526661093 89.23611111111111 22
1646526683990 90.48032407407408 23
1646526708167 90.88541666666667 24
1646526731073 91.94155092592592 25
1646526753973 91.91261574074075 26
1646526776882 92.79513888888889 27
1646526799779 93.75 28
1646526822677 93.86574074074075 29
1646526845581 93.85127314814815 30
1646526868487 94.5167824074074 31
1646526891388 95.39930555555556 32
1646526914293 95.6886574074074 33
1646526937197 96.70138888888889 34
1646526960100 96.13715277777777 35
1646526982998 96.83159722222223 36
1646527005893 96.80266203703704 37
1646527029031 97.32349537037037 38
1646527051932 97.48263888888889 39
1646527074833 97.98900462962963 40
1646527097732 98.13368055555556 41
1646527120617 98.09027777777777 42
1646527143501 98.36516203703704 43
1646527166390 98.62557870370371 44
1646527189276 98.50983796296296 45
1646527212159 98.75578703703704 46
1646527235049 98.69791666666667 47
1646527257936 99.18981481481481 48
1646527280830 98.69791666666667 49
1646527303741 98.74131944444444 50
1646527326652 98.74131944444444 51
1646527349561 98.69791666666667 52
1646527372477 98.78472222222223 53
1646527395391 99.00173611111111 54
1646527418321 98.68344907407408 55
1646527441248 99.04513888888889 56
1646527464175 98.95833333333333 57
1646527487095 99.10300925925925 58
1646527510020 99.30555555555556 59
1646527532951 99.30555555555556 60
1646527555876 99.36342592592592 61
1646527578797 99.32002314814815 62
1646527601720 99.29108796296296 63
1646527624646 99.52256944444444 64
1646527647565 99.63831018518519 65
1646527670496 99.34895833333333 66
1646527693422 99.53703703703704 67
1646527716356 99.36342592592592 68
1646527739281 99.46469907407408 69
1646527762208 99.50810185185185 70
1646527785137 99.49363425925925 71
1646527808068 99.53703703703704 72
1646527830996 99.42129629629629 73
1646527853927 99.47916666666667 74
1646527876851 99.27662037037037 75
1646527899774 99.34895833333333 76
1646527922694 99.43576388888889 77
1646527945620 99.55150462962963 78
1646527968549 99.52256944444444 79
1646527991476 99.46469907407408 80
1646528014398 99.63831018518519 81
1646528037322 99.72511574074075 82
1646528060240 99.68171296296296 83
1646528083169 99.55150462962963 84
1646528106092 99.5949074074074 85
1646528129013 99.69618055555556 86
1646528151943 99.58043981481481 87
1646528174870 99.6238425925926 88
1646528197795 99.63831018518519 89
1646528220714 99.5949074074074 90
1646528243639 99.86979166666667 91
1646528266575 99.63831018518519 92
1646528289515 99.75405092592592 93
1646528312449 99.63831018518519 94
1646528335377 99.71064814814815 95
1646528358304 99.76851851851852 96
1646528381229 99.6238425925926 97
1646528404161 99.65277777777777 98
1646528427086 99.50810185185185 99
