1646519571187 0 0
1646519593595 35.29211956521739 1
1646519614459 38.28125 2
1646519635355 41.04959239130435 3
1646519654911 41.04959239130435 4
1646519674514 41.04959239130435 5
1646519695493 41.91576086956522 6
1646519715130 41.91576086956522 7
1646519734787 41.91576086956522 8
1646519754469 41.91576086956522 9
1646519774224 41.91576086956522 10
1646519794003 41.91576086956522 11
1646519813812 41.91576086956522 12
1646519833636 41.91576086956522 13
1646519853515 41.91576086956522 14
1646519873403 41.91576086956522 15
1646519893297 41.91576086956522 16
1646519913201 41.91576086956522 17
1646519933124 41.91576086956522 18
1646519953047 41.91576086956522 19
1646519972975 41.91576086956522 20
1646519992915 41.91576086956522 21
1646520012850 41.91576086956522 22
1646520032802 41.91576086956522 23
1646520052752 41.91576086956522 24
1646520072707 41.91576086956522 25
1646520092679 41.91576086956522 26
1646520112654 41.91576086956522 27
1646520132638 41.91576086956522 28
1646520152608 41.91576086956522 29
1646520172586 41.91576086956522 30
1646520192562 41.91576086956522 31
1646520212536 41.91576086956522 32
1646520232513 41.91576086956522 33
1646520252489 41.91576086956522 34
1646520272469 41.91576086956522 35
1646520292442 41.91576086956522 36
1646520312410 41.91576086956522 37
1646520332395 41.91576086956522 38
1646520352362 41.91576086956522 39
1646520372339 41.91576086956522 40
1646520392329 41.91576086956522 41
1646520412304 41.91576086956522 42
1646520432279 41.91576086956522 43
1646520452268 41.91576086956522 44
1646520472245 41.91576086956522 45
1646520492224 41.91576086956522 46
1646520512193 41.91576086956522 47
1646520532161 41.91576086956522 48
1646520552139 41.91576086956522 49
1646520572118 41.91576086956522 50
1646520592092 41.91576086956522 51
1646520612069 41.91576086956522 52
1646520632042 41.91576086956522 53
1646520652004 41.91576086956522 54
1646520671972 41.91576086956522 55
1646520691939 41.91576086956522 56
1646520711901 41.91576086956522 57
1646520731874 41.91576086956522 58
1646520751825 41.91576086956522 59
1646520771780 41.91576086956522 60
1646520791751 41.91576086956522 61
1646520811707 41.91576086956522 62
1646520831683 41.91576086956522 63
1646520851642 41.91576086956522 64
1646520871608 41.91576086956522 65
1646520891577 41.91576086956522 66
1646520911548 41.91576086956522 67
1646520931526 41.91576086956522 68
1646520951493 41.91576086956522 69
1646520971461 41.91576086956522 70
1646520991423 41.91576086956522 71
1646521011400 41.91576086956522 72
1646521031374 41.91576086956522 73
1646521051331 41.91576086956522 74
1646521071293 41.91576086956522 75
1646521091260 41.91576086956522 76
1646521111216 41.91576086956522 77
1646521131183 41.91576086956522 78
1646521151142 41.91576086956522 79
1646521171104 41.91576086956522 80
1646521191055 41.91576086956522 81
1646521210992 41.91576086956522 82
1646521230945 41.91576086956522 83
1646521250893 41.91576086956522 84
1646521270853 41.91576086956522 85
1646521294669 41.91576086956522 86
1646521314587 41.91576086956522 87
1646521334527 41.91576086956522 88
1646521354474 41.91576086956522 89
1646521374448 41.91576086956522 90
1646521394429 41.91576086956522 91
1646521414392 41.91576086956522 92
1646521434328 41.91576086956522 93
1646521454211 41.91576086956522 94
1646521474038 41.91576086956522 95
1646521493839 41.91576086956522 96
1646521513603 41.91576086956522 97
1646521533346 41.91576086956522 98
1646521553037 41.91576086956522 99
