1646519570615 0.001 0
1646519592850 0.001 1
1646519614449 0.001 2
1646519635343 0.001 3
1646519654900 0.001 4
1646519674503 0.001 5
1646519695480 0.001 6
1646519715116 0.001 7
1646519734774 0.001 8
1646519754457 0.001 9
1646519774211 0.001 10
1646519793991 0.001 11
1646519813800 0.001 12
1646519833625 0.001 13
1646519853503 0.001 14
1646519873390 0.001 15
1646519893284 0.001 16
1646519913188 0.001 17
1646519933111 0.001 18
1646519953035 0.001 19
1646519972959 0.0005 20
1646519992905 0.0005 21
1646520012839 0.0005 22
1646520032791 0.0005 23
1646520052743 0.0005 24
1646520072697 0.0005 25
1646520092670 0.0005 26
1646520112643 0.0005 27
1646520132627 0.0005 28
1646520152597 0.0005 29
1646520172574 0.0005 30
1646520192551 0.0005 31
1646520212525 0.0005 32
1646520232501 0.0005 33
1646520252477 0.0005 34
1646520272457 0.0005 35
1646520292431 0.0005 36
1646520312400 0.0005 37
1646520332385 0.0005 38
1646520352352 0.0005 39
1646520372326 0.00025 40
1646520392318 0.00025 41
1646520412294 0.00025 42
1646520432268 0.00025 43
1646520452258 0.00025 44
1646520472235 0.00025 45
1646520492213 0.00025 46
1646520512183 0.00025 47
1646520532152 0.00025 48
1646520552129 0.00025 49
1646520572106 0.00025 50
1646520592080 0.00025 51
1646520612057 0.00025 52
1646520632032 0.00025 53
1646520651991 0.00025 54
1646520671960 0.00025 55
1646520691928 0.00025 56
1646520711889 0.00025 57
1646520731861 0.00025 58
1646520751814 0.00025 59
1646520771768 0.000125 60
1646520791739 0.000125 61
1646520811693 0.000125 62
1646520831669 0.000125 63
1646520851629 0.000125 64
1646520871595 0.000125 65
1646520891563 0.000125 66
1646520911535 0.000125 67
1646520931513 0.000125 68
1646520951481 0.000125 69
1646520971448 0.000125 70
1646520991410 0.000125 71
1646521011388 0.000125 72
1646521031360 0.000125 73
1646521051318 0.000125 74
1646521071280 0.000125 75
1646521091246 0.000125 76
1646521111203 0.000125 77
1646521131170 0.000125 78
1646521151129 0.000125 79
1646521171091 6.25e-05 80
1646521191041 6.25e-05 81
1646521210978 6.25e-05 82
1646521230932 6.25e-05 83
1646521250879 6.25e-05 84
1646521270839 6.25e-05 85
1646521294652 6.25e-05 86
1646521314573 6.25e-05 87
1646521334512 6.25e-05 88
1646521354461 6.25e-05 89
1646521374434 6.25e-05 90
1646521394416 6.25e-05 91
1646521414378 6.25e-05 92
1646521434315 6.25e-05 93
1646521454197 6.25e-05 94
1646521474023 6.25e-05 95
1646521493824 6.25e-05 96
1646521513593 6.25e-05 97
1646521533332 6.25e-05 98
1646521553022 6.25e-05 99
