1646519571182 38.614004629629626 0
1646519593591 62.5 1
1646519614455 68.56192129629629 2
1646519635350 72.72858796296296 3
1646519654907 76.72164351851852 4
1646519674510 79.52835648148148 5
1646519695489 82.34953703703704 6
1646519715125 83.984375 7
1646519734782 86.7332175925926 8
1646519754465 88.03530092592592 9
1646519774220 47.19328703703704 10
1646519793999 31.828703703703702 11
1646519813808 38.12210648148148 12
1646519833632 41.13136574074074 13
1646519853510 44.02488425925926 14
1646519873398 46.426504629629626 15
1646519893293 49.0162037037037 16
1646519913195 51.432291666666664 17
1646519933119 54.050925925925924 18
1646519953043 57.33506944444444 19
1646519972969 61.429398148148145 20
1646519992911 62.2974537037037 21
1646520012846 64.39525462962963 22
1646520032798 66.07349537037037 23
1646520052749 66.796875 24
1646520072704 68.75 25
1646520092676 70.2980324074074 26
1646520112650 71.80266203703704 27
1646520132634 73.30729166666667 28
1646520152604 74.69618055555556 29
1646520172581 76.41782407407408 30
1646520192558 77.85011574074075 31
1646520212532 78.84837962962963 32
1646520232508 80.90277777777777 33
1646520252484 82.26273148148148 34
1646520272464 83.73842592592592 35
1646520292438 84.95370370370371 36
1646520312406 86.28472222222223 37
1646520332391 86.18344907407408 38
1646520352358 87.76041666666667 39
1646520372334 90.50925925925925 40
1646520392325 91.3917824074074 41
1646520412301 91.66666666666667 42
1646520432274 92.24537037037037 43
1646520452265 92.23090277777777 44
1646520472241 92.40451388888889 45
1646520492220 93.05555555555556 46
1646520512189 93.27256944444444 47
1646520532158 94.01041666666667 48
1646520552135 93.63425925925925 49
1646520572112 93.86574074074075 50
1646520592087 94.44444444444444 51
1646520612064 94.82060185185185 52
1646520632039 94.66145833333333 53
1646520651999 95.21122685185185 54
1646520671968 95.39930555555556 55
1646520691935 95.64525462962963 56
1646520711897 95.703125 57
1646520731869 95.92013888888889 58
1646520751821 95.84780092592592 59
1646520771775 96.45543981481481 60
1646520791746 96.73032407407408 61
1646520811702 97.00520833333333 62
1646520831678 97.32349537037037 63
1646520851638 96.96180555555556 64
1646520871604 97.12094907407408 65
1646520891572 97.20775462962963 66
1646520911543 97.51157407407408 67
1646520931522 97.23668981481481 68
1646520951489 97.55497685185185 69
1646520971457 97.55497685185185 70
1646520991418 97.59837962962963 71
1646521011396 97.42476851851852 72
1646521031369 97.45370370370371 73
1646521051327 97.61284722222223 74
1646521071288 97.65625 75
1646521091254 97.68518518518519 76
1646521111212 97.59837962962963 77
1646521131179 97.82986111111111 78
1646521151137 98.10474537037037 79
1646521171099 98.35069444444444 80
1646521191050 98.20601851851852 81
1646521210987 98.27835648148148 82
1646521230941 98.50983796296296 83
1646521250888 98.59664351851852 84
1646521270847 98.59664351851852 85
1646521294662 98.62557870370371 86
1646521314582 98.55324074074075 87
1646521334522 98.46643518518519 88
1646521354469 98.23495370370371 89
1646521374442 98.40856481481481 90
1646521394424 98.64004629629629 91
1646521414387 98.55324074074075 92
1646521434324 98.33622685185185 93
1646521454205 98.64004629629629 94
1646521474033 98.46643518518519 95
1646521493833 98.74131944444444 96
1646521513600 98.49537037037037 97
1646521533341 98.74131944444444 98
1646521553031 98.74131944444444 99
