1646519571062 3.4474988094082586 0
1646519593275 1.2904329090206712 1
1646519614452 1.0220464732911851 2
1646519635346 0.877379239709289 3
1646519654903 0.7174793559092062 4
1646519674506 0.6233338548077477 5
1646519695484 0.5235202770542216 6
1646519715120 0.4640624699769197 7
1646519734777 0.3992149691890787 8
1646519754460 0.3622498832367085 9
1646519774215 4.424126719435056 10
1646519793994 2.8251201223444053 11
1646519813803 2.464026367222821 12
1646519833628 2.2582338231581227 13
1646519853506 2.151431938012441 14
1646519873393 2.0054608208161815 15
1646519893287 1.8660994657763728 16
1646519913191 1.729164704128548 17
1646519933115 1.6259087456597223 18
1646519953038 1.4713429035963836 19
1646519972962 1.3314893532682348 20
1646519992908 1.2752006296758298 21
1646520012842 1.2009929043275338 22
1646520032794 1.1495098361262568 23
1646520052745 1.0909906018663336 24
1646520072700 1.023161670675984 25
1646520092672 0.9692025096328171 26
1646520112645 0.8975312444898818 27
1646520132630 0.8495747932681331 28
1646520152600 0.7994552486472659 29
1646520172577 0.7488478223482767 30
1646520192554 0.6941258443726434 31
1646520212527 0.6543598721424738 32
1646520232504 0.5938117117793472 33
1646520252480 0.5609437558386061 34
1646520272460 0.5147643072737588 35
1646520292434 0.4771174633944476 36
1646520312403 0.4478529868302522 37
1646520332388 0.4373956013608862 38
1646520352355 0.3929286436350257 39
1646520372329 0.33013705136599364 40
1646520392320 0.292687956933622 41
1646520412296 0.2838945079732824 42
1646520432270 0.2739844192509298 43
1646520452260 0.2623043504578096 44
1646520472237 0.26671998423558696 45
1646520492216 0.24281920741001764 46
1646520512185 0.24208609594239128 47
1646520532154 0.21799188962689153 48
1646520552131 0.22605704681740868 49
1646520572109 0.21556432517590346 50
1646520592082 0.19995506935649449 51
1646520612060 0.1865421086549759 52
1646520632035 0.19152738347097678 53
1646520651994 0.17619130829418148 54
1646520671963 0.16609306578282956 55
1646520691931 0.16015122527325595 56
1646520711892 0.15870320617600722 57
1646520731864 0.14799216431048182 58
1646520751816 0.1487266548253872 59
1646520771770 0.1300391278885029 60
1646520791742 0.12173329845622734 61
1646520811697 0.11476299822054527 62
1646520831673 0.11010182179786542 63
1646520851633 0.11355104773408836 64
1646520871598 0.1066883545782831 65
1646520891567 0.10710820058981578 66
1646520911538 0.09896427524034623 67
1646520931516 0.10382616416447693 68
1646520951484 0.0985619850732662 69
1646520971451 0.09621962270251026 70
1646520991413 0.08980247537019076 71
1646521011391 0.09629031581183274 72
1646521031363 0.1011720134842175 73
1646521051322 0.09070293819186864 74
1646521071283 0.08847407086027993 75
1646521091249 0.08769892094035943 76
1646521111207 0.09007309384092137 77
1646521131173 0.08055479120877054 78
1646521151132 0.07876937498373014 79
1646521171094 0.07007159706619051 80
1646521191045 0.06874625591768159 81
1646521210982 0.06404945533722639 82
1646521230936 0.06728464747882551 83
1646521250882 0.06613434195794442 84
1646521270842 0.06272580571196697 85
1646521294656 0.059120203713300054 86
1646521314577 0.059193437884527224 87
1646521334516 0.06222940460537319 88
1646521354464 0.06667597471149983 89
1646521374437 0.06158294980586679 90
1646521394419 0.05942460080539739 91
1646521414382 0.060628385179572634 92
1646521434318 0.06305515452253597 93
1646521454201 0.05424772951476 94
1646521474027 0.05846466451745342 95
1646521493828 0.05260825667668272 96
1646521513596 0.05819389824238089 97
1646521533336 0.052943950001564294 98
1646521553025 0.05323785105375228 99
