1646530835198 0 0
1646530951808 75.67107371794872 1
1646531068491 78.64583333333333 2
1646531186167 79.73758012820512 3
1646531302840 81.04967948717949 4
1646531419477 83.4735576923077 5
1646531535133 83.4735576923077 6
1646531651861 84.42508012820512 7
1646531767551 84.42508012820512 8
1646531884226 85.15625 9
1646532001831 85.18629807692308 10
1646532118526 86.17788461538461 11
1646532235241 86.17788461538461 12
1646532351888 86.81891025641026 13
1646532468535 87.28966346153847 14
1646532584670 87.28966346153847 15
1646532701362 87.5400641025641 16
1646532817033 87.5400641025641 17
1646532933700 88.13100961538461 18
1646533050310 88.92227564102564 19
1646533166013 88.92227564102564 20
1646533282673 90.46474358974359 21
1646533398420 90.46474358974359 22
1646533514075 90.46474358974359 23
1646533630717 90.59495192307692 24
1646533746399 90.59495192307692 25
1646533862069 90.59495192307692 26
1646533977716 90.59495192307692 27
1646534093342 90.59495192307692 28
1646534208987 90.59495192307692 29
1646534326326 90.59495192307692 30
1646534441952 90.59495192307692 31
1646534562144 90.59495192307692 32
1646534677731 90.59495192307692 33
1646534794399 90.60496794871794 34
1646534912172 91.08573717948718 35
1646535028118 91.08573717948718 36
1646535143781 91.08573717948718 37
1646535259439 91.08573717948718 38
1646535376089 91.30608974358974 39
1646535491745 91.30608974358974 40
1646535608405 91.69671474358974 41
1646535725040 91.86698717948718 42
1646535840709 91.86698717948718 43
1646535956409 91.86698717948718 44
1646536072076 91.86698717948718 45
1646536188682 91.95713141025641 46
1646536304346 91.95713141025641 47
1646536419983 91.95713141025641 48
1646536535635 91.95713141025641 49
1646536651300 91.95713141025641 50
1646536766927 91.95713141025641 51
1646536882870 91.95713141025641 52
1646536998558 91.95713141025641 53
1646537114203 91.95713141025641 54
1646537229835 91.95713141025641 55
1646537345480 91.95713141025641 56
1646537462113 91.96714743589743 57
1646537577798 91.96714743589743 58
1646537694440 91.97716346153847 59
1646537811062 92.05729166666667 60
1646537926717 92.05729166666667 61
1646538043353 92.27764423076923 62
1646538159021 92.27764423076923 63
1646538274681 92.27764423076923 64
1646538390353 92.27764423076923 65
1646538506022 92.27764423076923 66
1646538621957 92.27764423076923 67
1646538737602 92.27764423076923 68
1646538853260 92.27764423076923 69
1646538968935 92.27764423076923 70
1646539085525 92.34775641025641 71
1646539201152 92.34775641025641 72
1646539316801 92.34775641025641 73
1646539433509 92.41786858974359 74
1646539549179 92.41786858974359 75
1646539665361 92.41786858974359 76
1646539781039 92.41786858974359 77
1646539896837 92.41786858974359 78
1646540012490 92.41786858974359 79
1646540128145 92.41786858974359 80
1646540243805 92.41786858974359 81
1646540360422 92.51802884615384 82
1646540477046 92.5380608974359 83
1646540592888 92.5380608974359 84
1646540708518 92.5380608974359 85
1646540824155 92.5380608974359 86
1646540939798 92.5380608974359 87
1646541055711 92.5380608974359 88
1646541171397 92.5380608974359 89
1646541287036 92.5380608974359 90
1646541404566 92.5380608974359 91
1646541521133 92.58814102564102 92
1646541636754 92.58814102564102 93
1646541754470 92.58814102564102 94
1646541870100 92.58814102564102 95
1646541985743 92.58814102564102 96
1646542101369 92.58814102564102 97
1646542221212 92.58814102564102 98
1646542336862 92.58814102564102 99
