1646530835182 0.001 0
1646530951795 0.001 1
1646531068478 0.001 2
1646531186154 0.001 3
1646531302829 0.001 4
1646531419464 0.001 5
1646531535120 0.001 6
1646531651849 0.001 7
1646531767539 0.001 8
1646531884214 0.001 9
1646532001821 0.001 10
1646532118514 0.001 11
1646532235230 0.001 12
1646532351875 0.001 13
1646532468523 0.001 14
1646532584660 0.001 15
1646532701350 0.001 16
1646532817021 0.001 17
1646532933687 0.001 18
1646533050300 0.001 19
1646533166000 0.0005 20
1646533282661 0.0005 21
1646533398408 0.0005 22
1646533514063 0.0005 23
1646533630705 0.0005 24
1646533746388 0.0005 25
1646533862054 0.0005 26
1646533977704 0.0005 27
1646534093329 0.0005 28
1646534208973 0.0005 29
1646534326313 0.0005 30
1646534441940 0.0005 31
1646534562130 0.0005 32
1646534677719 0.0005 33
1646534794386 0.0005 34
1646534912160 0.0005 35
1646535028109 0.0005 36
1646535143771 0.0005 37
1646535259425 0.0005 38
1646535376076 0.0005 39
1646535491733 0.00025 40
1646535608392 0.00025 41
1646535725028 0.00025 42
1646535840696 0.00025 43
1646535956397 0.00025 44
1646536072063 0.00025 45
1646536188670 0.00025 46
1646536304332 0.00025 47
1646536419971 0.00025 48
1646536535622 0.00025 49
1646536651285 0.00025 50
1646536766913 0.00025 51
1646536882858 0.00025 52
1646536998544 0.00025 53
1646537114188 0.00025 54
1646537229822 0.00025 55
1646537345468 0.00025 56
1646537462104 0.00025 57
1646537577786 0.00025 58
1646537694427 0.00025 59
1646537811049 0.000125 60
1646537926704 0.000125 61
1646538043340 0.000125 62
1646538159007 0.000125 63
1646538274666 0.000125 64
1646538390338 0.000125 65
1646538506008 0.000125 66
1646538621942 0.000125 67
1646538737588 0.000125 68
1646538853247 0.000125 69
1646538968921 0.000125 70
1646539085509 0.000125 71
1646539201137 0.000125 72
1646539316786 0.000125 73
1646539433495 0.000125 74
1646539549165 0.000125 75
1646539665348 0.000125 76
1646539781024 0.000125 77
1646539896822 0.000125 78
1646540012477 0.000125 79
1646540128131 6.25e-05 80
1646540243792 6.25e-05 81
1646540360408 6.25e-05 82
1646540477033 6.25e-05 83
1646540592875 6.25e-05 84
1646540708506 6.25e-05 85
1646540824142 6.25e-05 86
1646540939783 6.25e-05 87
1646541055698 6.25e-05 88
1646541171385 6.25e-05 89
1646541287023 6.25e-05 90
1646541404550 6.25e-05 91
1646541521121 6.25e-05 92
1646541636742 6.25e-05 93
1646541754457 6.25e-05 94
1646541870087 6.25e-05 95
1646541985731 6.25e-05 96
1646542101355 6.25e-05 97
1646542221197 6.25e-05 98
1646542336848 6.25e-05 99
