1646530835188 1.172111201286316 0
1646530951798 0.6672402064769696 1
1646531068482 0.5806138434471229 2
1646531186158 0.5279828961078937 3
1646531302832 0.48813110429507034 4
1646531419468 0.4551961021163525 5
1646531535124 0.43063248013838745 6
1646531651852 0.406383554599224 7
1646531767542 0.3873704921358671 8
1646531884217 0.3689516517214286 9
1646532001824 0.3579491904912851 10
1646532118517 0.335208772504941 11
1646532235233 0.3269644838113051 12
1646532351879 0.3120532138989522 13
1646532468527 0.29587847494926206 14
1646532584663 0.28329242246273234 15
1646532701354 0.2748629732391773 16
1646532817025 0.2644268233806659 17
1646532933690 0.25138533713343814 18
1646533050303 0.23920899471029258 19
1646533166004 0.17661413119580502 20
1646533282664 0.1621629417133637 21
1646533398412 0.15572742151144223 22
1646533514066 0.15037904932903937 23
1646533630708 0.14499683245443382 24
1646533746391 0.1402419930180678 25
1646533862059 0.13845949315298825 26
1646533977707 0.1301718714623115 27
1646534093333 0.1279583083704496 28
1646534208977 0.12034676137069861 29
1646534326317 0.11557829890591212 30
1646534441943 0.11622940827734195 31
1646534562134 0.11138157345927678 32
1646534677722 0.1079156561396443 33
1646534794390 0.10614038386310522 34
1646534912163 0.09682350583756581 35
1646535028111 0.09832179772261626 36
1646535143773 0.09276138970103019 37
1646535259428 0.09337386016566784 38
1646535376080 0.0914288981889303 39
1646535491736 0.06612865120793382 40
1646535608395 0.055426945561208786 41
1646535725031 0.05374100225117917 42
1646535840700 0.05157172760138145 43
1646535956400 0.05228452654316639 44
1646536072066 0.051432010558887555 45
1646536188673 0.05065716523677111 46
1646536304336 0.051098918445551623 47
1646536419974 0.0463876471741316 48
1646536535626 0.04813669625884638 49
1646536651289 0.04579422950046137 50
1646536766917 0.041897655016957566 51
1646536882861 0.04424463691046605 52
1646536998548 0.04409045254071362 53
1646537114192 0.145266613846597 54
1646537229825 0.07712279561286171 55
1646537345471 0.04797505409074709 56
1646537462107 0.04104016513014451 57
1646537577789 0.0366392650665381 58
1646537694431 0.03475071902936085 59
1646537811053 0.02943300872993393 60
1646537926708 0.028709292011813093 61
1646538043343 0.02763932676364978 62
1646538159010 0.02641918645479167 63
1646538274670 0.025769169967717085 64
1646538390342 0.025942370804170004 65
1646538506012 0.025868178055120202 66
1646538621946 0.02642139806650961 67
1646538737592 0.024761808353762786 68
1646538853250 0.02647806228413127 69
1646538968925 0.02530998307465313 70
1646539085514 0.02388336465944751 71
1646539201141 0.023375196108976617 72
1646539316790 0.02368377751420037 73
1646539433499 0.023924972688874755 74
1646539549169 0.025107780281896107 75
1646539665351 0.023215808724172605 76
1646539781029 0.022037250343829584 77
1646539896826 0.023062704955615725 78
1646540012481 0.022949103105407303 79
1646540128135 0.0192756551093995 80
1646540243795 0.018543735699047548 81
1646540360411 0.017570101820493643 82
1646540477037 0.01611753748311924 83
1646540592878 0.0170062619762925 84
1646540708509 0.016228069223236673 85
1646540824146 0.015728469871324844 86
1646540939787 0.01587938797325851 87
1646541055702 0.017113569230647184 88
1646541171388 0.015631007324629582 89
1646541287026 0.0150051022760379 90
1646541404554 0.014768939915423591 91
1646541521124 0.014710367761346368 92
1646541636745 0.01510753570130477 93
1646541754461 0.014747008711744386 94
1646541870090 0.01585398171864187 95
1646541985734 0.01566702292751497 96
1646542101359 0.01500704386510337 97
1646542221201 0.014143975410395518 98
1646542336852 0.014144081771314048 99
