1646530835194 65.89142628205128 0
1646530951803 76.69070512820512 1
1646531068486 79.56330128205128 2
1646531186162 81.46834935897436 3
1646531302836 83.0829326923077 4
1646531419472 83.97235576923077 5
1646531535129 84.94791666666667 6
1646531651857 85.9735576923077 7
1646531767546 86.47636217948718 8
1646531884221 86.94310897435898 9
1646532001828 87.41185897435898 10
1646532118521 88.37940705128206 11
1646532235237 88.671875 12
1646532351884 89.04647435897436 13
1646532468531 89.73157051282051 14
1646532584667 89.99399038461539 15
1646532701359 90.38060897435898 16
1646532817029 90.75921474358974 17
1646532933694 91.12780448717949 18
1646533050306 91.59655448717949 19
1646533166008 93.80408653846153 20
1646533282668 94.22676282051282 21
1646533398416 94.52524038461539 22
1646533514071 94.70953525641026 23
1646533630712 94.82572115384616 24
1646533746395 94.9599358974359 25
1646533862063 95.16025641025641 26
1646533977712 95.4266826923077 27
1646534093338 95.49679487179488 28
1646534208982 95.74919871794872 29
1646534326322 95.91145833333333 30
1646534441948 95.75320512820512 31
1646534562139 96.08974358974359 32
1646534677727 96.10176282051282 33
1646534794394 96.25801282051282 34
1646534912168 96.55649038461539 35
1646535028115 96.47235576923077 36
1646535143777 96.70472756410257 37
1646535259433 96.64463141025641 38
1646535376084 96.72676282051282 39
1646535491740 97.7323717948718 40
1646535608400 98.03485576923077 41
1646535725035 98.06290064102564 42
1646535840704 98.203125 43
1646535956405 98.18910256410257 44
1646536072071 98.27323717948718 45
1646536188678 98.2431891025641 46
1646536304341 98.2391826923077 47
1646536419978 98.43149038461539 48
1646536535631 98.30528846153847 49
1646536651295 98.35536858974359 50
1646536766922 98.53565705128206 51
1646536882866 98.43149038461539 52
1646536998554 98.41546474358974 53
1646537114197 95.95753205128206 54
1646537229830 97.42788461538461 55
1646537345475 98.37740384615384 56
1646537462110 98.59975961538461 57
1646537577794 98.79407051282051 58
1646537694436 98.8681891025641 59
1646537811058 99.07051282051282 60
1646537926712 99.04447115384616 61
1646538043348 99.08854166666667 62
1646538159016 99.14863782051282 63
1646538274675 99.1426282051282 64
1646538390348 99.19070512820512 65
1646538506017 99.17267628205128 66
1646538621952 99.1045673076923 67
1646538737597 99.1766826923077 68
1646538853255 99.09655448717949 69
1646538968930 99.15264423076923 70
1646539085520 99.23277243589743 71
1646539201146 99.20873397435898 72
1646539316795 99.2207532051282 73
1646539433504 99.2207532051282 74
1646539549174 99.13261217948718 75
1646539665357 99.2207532051282 76
1646539781034 99.29086538461539 77
1646539896831 99.21073717948718 78
1646540012485 99.20673076923077 79
1646540128140 99.36498397435898 80
1646540243800 99.3369391025641 81
1646540360417 99.4150641025641 82
1646540477041 99.47315705128206 83
1646540592884 99.42307692307692 84
1646540708513 99.47916666666667 85
1646540824151 99.4951923076923 86
1646540939792 99.48717948717949 87
1646541055707 99.42307692307692 88
1646541171392 99.50120192307692 89
1646541287031 99.51923076923077 90
1646541404560 99.54727564102564 91
1646541521128 99.4951923076923 92
1646541636750 99.51121794871794 93
1646541754466 99.50120192307692 94
1646541870095 99.45913461538461 95
1646541985739 99.48317307692308 96
1646542101364 99.52524038461539 97
1646542221206 99.53525641025641 98
1646542336858 99.54326923076923 99
