1646530851375 0 0
1646530990459 69.5713141025641 1
1646531131328 75.37059294871794 2
1646531270398 78.18509615384616 3
1646531409478 80.74919871794872 4
1646531548638 81.79086538461539 5
1646531687736 82.3417467948718 6
1646531826839 83.53365384615384 7
1646531965961 84.52524038461539 8
1646532103677 84.52524038461539 9
1646532244827 85.79727564102564 10
1646532382537 85.79727564102564 11
1646532521632 86.0576923076923 12
1646532660719 87.61017628205128 13
1646532798436 87.61017628205128 14
1646532937572 87.78044871794872 15
1646533076991 88.09094551282051 16
1646533216011 88.2011217948718 17
1646533355079 88.3613782051282 18
1646533493099 88.3613782051282 19
1646533630771 88.3613782051282 20
1646533769797 90.21434294871794 21
1646533907479 90.21434294871794 22
1646534046519 91.00560897435898 23
1646534184188 91.00560897435898 24
1646534322551 91.00560897435898 25
1646534460236 91.00560897435898 26
1646534599694 91.00560897435898 27
1646534737360 91.00560897435898 28
1646534876221 91.00560897435898 29
1646535013903 91.00560897435898 30
1646535151592 91.00560897435898 31
1646535289276 91.00560897435898 32
1646535426963 91.00560897435898 33
1646535564620 91.00560897435898 34
1646535703671 91.12580128205128 35
1646535842710 91.26602564102564 36
1646535980368 91.26602564102564 37
1646536118017 91.26602564102564 38
1646536255648 91.26602564102564 39
1646536393325 91.26602564102564 40
1646536532398 92.4979967948718 41
1646536670056 92.4979967948718 42
1646536807746 92.4979967948718 43
1646536946112 92.4979967948718 44
1646537083751 92.4979967948718 45
1646537221402 92.4979967948718 46
1646537360432 92.6181891025641 47
1646537498082 92.6181891025641 48
1646537635774 92.6181891025641 49
1646537773462 92.6181891025641 50
1646537911144 92.6181891025641 51
1646538048821 92.6181891025641 52
1646538186512 92.6181891025641 53
1646538324239 92.6181891025641 54
1646538461952 92.6181891025641 55
1646538599646 92.6181891025641 56
1646538737561 92.6181891025641 57
1646538875257 92.6181891025641 58
1646539012929 92.6181891025641 59
1646539150608 92.6181891025641 60
1646539289653 92.81850961538461 61
1646539427392 92.81850961538461 62
1646539565132 92.81850961538461 63
1646539702841 92.81850961538461 64
1646539840591 92.81850961538461 65
1646539978329 92.81850961538461 66
1646540119462 92.81850961538461 67
1646540257166 92.81850961538461 68
1646540394877 92.81850961538461 69
1646540535910 92.81850961538461 70
1646540673975 92.81850961538461 71
1646540813060 92.85857371794872 72
1646540950775 92.85857371794872 73
1646541089852 92.86858974358974 74
1646541228943 92.93870192307692 75
1646541366663 92.93870192307692 76
1646541504411 92.93870192307692 77
1646541642093 92.93870192307692 78
1646541779781 92.93870192307692 79
1646541917514 92.93870192307692 80
1646542056607 93.12900641025641 81
1646542198704 93.2391826923077 82
1646542336384 93.2391826923077 83
1646542474052 93.2391826923077 84
1646542611740 93.2391826923077 85
1646542749400 93.2391826923077 86
1646542887130 93.2391826923077 87
1646543024800 93.2391826923077 88
1646543163801 93.359375 89
1646543301474 93.359375 90
1646543439175 93.359375 91
1646543580228 93.359375 92
1646543717916 93.359375 93
1646543855600 93.359375 94
1646543993245 93.359375 95
1646544130896 93.359375 96
1646544268552 93.359375 97
1646544407223 93.359375 98
1646544544904 93.359375 99
