1646530851360 0.001 0
1646530990447 0.001 1
1646531131318 0.001 2
1646531270386 0.001 3
1646531409466 0.001 4
1646531548624 0.001 5
1646531687722 0.001 6
1646531826828 0.001 7
1646531965948 0.001 8
1646532103663 0.001 9
1646532244815 0.001 10
1646532382524 0.001 11
1646532521619 0.001 12
1646532660708 0.001 13
1646532798425 0.001 14
1646532937561 0.001 15
1646533076979 0.001 16
1646533216001 0.001 17
1646533355065 0.001 18
1646533493088 0.001 19
1646533630760 0.0005 20
1646533769784 0.0005 21
1646533907465 0.0005 22
1646534046507 0.0005 23
1646534184179 0.0005 24
1646534322539 0.0005 25
1646534460222 0.0005 26
1646534599680 0.0005 27
1646534737346 0.0005 28
1646534876207 0.0005 29
1646535013890 0.0005 30
1646535151579 0.0005 31
1646535289264 0.0005 32
1646535426951 0.0005 33
1646535564609 0.0005 34
1646535703658 0.0005 35
1646535842700 0.0005 36
1646535980356 0.0005 37
1646536118005 0.0005 38
1646536255635 0.0005 39
1646536393311 0.00025 40
1646536532387 0.00025 41
1646536670044 0.00025 42
1646536807734 0.00025 43
1646536946100 0.00025 44
1646537083739 0.00025 45
1646537221388 0.00025 46
1646537360418 0.00025 47
1646537498069 0.00025 48
1646537635761 0.00025 49
1646537773449 0.00025 50
1646537911131 0.00025 51
1646538048807 0.00025 52
1646538186496 0.00025 53
1646538324225 0.00025 54
1646538461939 0.00025 55
1646538599632 0.00025 56
1646538737548 0.00025 57
1646538875243 0.00025 58
1646539012915 0.00025 59
1646539150594 0.000125 60
1646539289642 0.000125 61
1646539427379 0.000125 62
1646539565119 0.000125 63
1646539702828 0.000125 64
1646539840578 0.000125 65
1646539978317 0.000125 66
1646540119449 0.000125 67
1646540257153 0.000125 68
1646540394864 0.000125 69
1646540535897 0.000125 70
1646540673962 0.000125 71
1646540813047 0.000125 72
1646540950762 0.000125 73
1646541089839 0.000125 74
1646541228932 0.000125 75
1646541366652 0.000125 76
1646541504399 0.000125 77
1646541642080 0.000125 78
1646541779767 0.000125 79
1646541917500 6.25e-05 80
1646542056592 6.25e-05 81
1646542198687 6.25e-05 82
1646542336370 6.25e-05 83
1646542474037 6.25e-05 84
1646542611728 6.25e-05 85
1646542749385 6.25e-05 86
1646542887116 6.25e-05 87
1646543024788 6.25e-05 88
1646543163787 6.25e-05 89
1646543301463 6.25e-05 90
1646543439161 6.25e-05 91
1646543580215 6.25e-05 92
1646543717903 6.25e-05 93
1646543855588 6.25e-05 94
1646543993231 6.25e-05 95
1646544130882 6.25e-05 96
1646544268539 6.25e-05 97
1646544407211 6.25e-05 98
1646544544891 6.25e-05 99
