1646530851369 57.98277243589744 0
1646530990455 72.51602564102564 1
1646531131324 77.10136217948718 2
1646531270394 80.05608974358974 3
1646531409473 81.93910256410257 4
1646531548632 83.20713141025641 5
1646531687731 84.45913461538461 6
1646531826835 85.53685897435898 7
1646531965956 86.03766025641026 8
1646532103672 86.66466346153847 9
1646532244822 87.14342948717949 10
1646532382533 87.83052884615384 11
1646532521628 88.2011217948718 12
1646532660715 88.65184294871794 13
1646532798432 88.98036858974359 14
1646532937568 89.04447115384616 15
1646533076986 89.58934294871794 16
1646533216007 89.87179487179488 17
1646533355074 90.21233974358974 18
1646533493095 90.44671474358974 19
1646533630767 93.4795673076923 20
1646533769793 94.03044871794872 21
1646533907475 94.10857371794872 22
1646534046515 94.11658653846153 23
1646534184185 94.26883012820512 24
1646534322547 94.59134615384616 25
1646534460231 94.39703525641026 26
1646534599688 94.93990384615384 27
1646534737355 95.02003205128206 28
1646534876217 95.21233974358974 29
1646535013899 95.49078525641026 30
1646535151587 95.57091346153847 31
1646535289271 95.64102564102564 32
1646535426958 95.73317307692308 33
1646535564616 96.0957532051282 34
1646535703666 96.22596153846153 35
1646535842707 96.38221153846153 36
1646535980364 96.49839743589743 37
1646536118013 96.58052884615384 38
1646536255643 96.86298076923077 39
1646536393320 98.03285256410257 40
1646536532394 98.54767628205128 41
1646536670052 98.57972756410257 42
1646536807742 98.50160256410257 43
1646536946108 98.51963141025641 44
1646537083746 98.5176282051282 45
1646537221397 98.69991987179488 46
1646537360427 98.63782051282051 47
1646537498078 98.58173076923077 48
1646537635769 98.74599358974359 49
1646537773457 98.70392628205128 50
1646537911140 98.74399038461539 51
1646538048816 98.69991987179488 52
1646538186507 98.87620192307692 53
1646538324235 98.86017628205128 54
1646538461948 98.8261217948718 55
1646538599641 98.87219551282051 56
1646538737556 98.74198717948718 57
1646538875252 98.92227564102564 58
1646539012924 98.97636217948718 59
1646539150603 99.42508012820512 60
1646539289649 96.6025641025641 61
1646539427387 97.47996794871794 62
1646539565128 98.515625 63
1646539702836 98.79407051282051 64
1646539840586 99.12259615384616 65
1646539978325 99.24679487179488 66
1646540119458 99.26682692307692 67
1646540257161 99.36698717948718 68
1646540394872 99.52524038461539 69
1646540535905 99.53926282051282 70
1646540673970 99.60536858974359 71
1646540813055 99.58133012820512 72
1646540950770 99.62940705128206 73
1646541089847 99.68149038461539 74
1646541228939 99.6113782051282 75
1646541366659 99.6454326923077 76
1646541504407 99.6474358974359 77
1646541642088 99.67748397435898 78
1646541779776 99.71153846153847 79
1646541917508 99.71955128205128 80
1646542056600 99.70552884615384 81
1646542198698 99.75160256410257 82
1646542336380 99.75360576923077 83
1646542474047 99.73758012820512 84
1646542611736 99.7636217948718 85
1646542749394 99.74158653846153 86
1646542887126 99.73157051282051 87
1646543024796 99.7636217948718 88
1646543163796 99.8016826923077 89
1646543301470 99.78565705128206 90
1646543439171 99.74559294871794 91
1646543580223 99.80969551282051 92
1646543717911 99.78966346153847 93
1646543855596 99.77363782051282 94
1646543993240 99.7255608974359 95
1646544130891 99.81971153846153 96
1646544268548 99.72155448717949 97
1646544407219 99.7676282051282 98
1646544544899 99.7676282051282 99
