1646530851364 2.238769296499399 0
1646530990450 0.7938665321240058 1
1646531131321 0.6566763780820064 2
1646531270389 0.5737525554803702 3
1646531409469 0.5268081983694664 4
1646531548628 0.48443386577642883 5
1646531687726 0.44726250500251086 6
1646531826831 0.4178182527804986 7
1646531965952 0.4037464593465512 8
1646532103667 0.3815547477358427 9
1646532244818 0.3660492280354867 10
1646532382528 0.35055318532081753 11
1646532521623 0.33874197743642026 12
1646532660711 0.32343250344961116 13
1646532798428 0.3202653184151038 14
1646532937564 0.30993726983284337 15
1646533076982 0.29729817303327416 16
1646533216004 0.2876791617809198 17
1646533355069 0.27908342618208665 18
1646533493091 0.2756418593800985 19
1646533630763 0.18513240665197372 20
1646533769789 0.16971378322595204 21
1646533907469 0.16610143245794834 22
1646534046511 0.16799303178603833 23
1646534184182 0.16218223467660256 24
1646534322543 0.15341561523576577 25
1646534460225 0.15620898093359592 26
1646534599684 0.1454859744852934 27
1646534737350 0.14036785481640926 28
1646534876211 0.13452899888730965 29
1646535013893 0.12932570039843902 30
1646535151582 0.12479640926497104 31
1646535289267 0.12292625545882262 32
1646535426954 0.11936181328044487 33
1646535564612 0.10880216661458596 34
1646535703661 0.10676716598085104 35
1646535842703 0.10349790669070222 36
1646535980360 0.09900554206031255 37
1646536118008 0.0957974100485444 38
1646536255639 0.08795771733977091 39
1646536393314 0.05616485780487076 40
1646536532390 0.04193870386060996 41
1646536670048 0.04019602953981704 42
1646536807737 0.04219520123770986 43
1646536946103 0.04237282206662572 44
1646537083742 0.04214645122918181 45
1646537221392 0.03660737689083012 46
1646537360422 0.03922972134911479 47
1646537498072 0.040143197413104084 48
1646537635764 0.03488614278105207 49
1646537773453 0.03763238195007523 50
1646537911134 0.03701408664898899 51
1646538048811 0.035764440257723136 52
1646538186501 0.032705604959016615 53
1646538324229 0.033448679743704794 54
1646538461942 0.032717766917239016 55
1646538599636 0.030805476530431173 56
1646538737551 0.03595596503343983 57
1646538875247 0.031199930515737297 58
1646539012919 0.0303787619765036 59
1646539150598 0.018426501339761158 60
1646539289645 0.8081018553454226 61
1646539427383 0.07881799245921847 62
1646539565123 0.046614410039276265 63
1646539702831 0.035962427478546326 64
1646539840581 0.027911620953072532 65
1646539978320 0.023835548794625374 66
1646540119453 0.021903248552758343 67
1646540257156 0.01905254984053616 68
1646540394868 0.01623499974793492 69
1646540535900 0.01584205180585671 70
1646540673965 0.014022536799072838 71
1646540813050 0.014037070361276468 72
1646540950765 0.011952303017292602 73
1646541089843 0.011283656408210309 74
1646541228935 0.012144444119603111 75
1646541366655 0.011058751868609435 76
1646541504402 0.011258613590885383 77
1646541642084 0.010213829843231883 78
1646541779771 0.009986503568227188 79
1646541917503 0.009364616071718793 80
1646542056595 0.009306141825091357 81
1646542198692 0.008144240081608772 82
1646542336375 0.00794213963650131 83
1646542474041 0.008268874194040201 84
1646542611732 0.007792418623881904 85
1646542749389 0.00808821459321711 86
1646542887120 0.007945014213514812 87
1646543024792 0.00762406837076504 88
1646543163791 0.006902700934845667 89
1646543301466 0.007284998845268721 90
1646543439165 0.007731064860164247 91
1646543580218 0.006521617320219939 92
1646543717906 0.007306226986484267 93
1646543855591 0.007232028302230621 94
1646543993235 0.00850975273597914 95
1646544130886 0.006484995884649181 96
1646544268543 0.007839340272393877 97
1646544407214 0.007480919404807561 98
1646544544895 0.007199126187091073 99
