1646521702144 0 0
1646521723852 19.343171296296298 1
1646521744598 29.51388888888889 2
1646521765359 34.53414351851852 3
1646521786134 37.80381944444444 4
1646521806913 37.905092592592595 5
1646521827717 40.639467592592595 6
1646521848526 41.970486111111114 7
1646521869339 42.042824074074076 8
1646521888841 42.042824074074076 9
1646521908340 42.042824074074076 10
1646521927886 42.042824074074076 11
1646521947392 42.042824074074076 12
1646521968201 43.31597222222222 13
1646521988380 43.31597222222222 14
1646522007871 43.31597222222222 15
1646522027362 43.31597222222222 16
1646522046861 43.31597222222222 17
1646522066359 43.31597222222222 18
1646522085855 43.31597222222222 19
1646522106561 43.31597222222222 20
1646522126069 43.31597222222222 21
1646522145561 43.31597222222222 22
1646522165642 43.31597222222222 23
1646522185136 43.31597222222222 24
1646522204639 43.31597222222222 25
1646522224141 43.31597222222222 26
1646522243643 43.31597222222222 27
1646522263141 43.31597222222222 28
1646522282649 43.31597222222222 29
1646522302151 43.31597222222222 30
1646522321664 43.31597222222222 31
1646522341171 43.31597222222222 32
1646522360681 43.31597222222222 33
1646522380188 43.31597222222222 34
1646522399686 43.31597222222222 35
1646522419197 43.31597222222222 36
1646522438703 43.31597222222222 37
1646522459679 43.31597222222222 38
1646522479185 43.31597222222222 39
1646522498691 43.31597222222222 40
1646522520077 43.31597222222222 41
1646522539578 43.31597222222222 42
1646522559083 43.31597222222222 43
1646522578586 43.31597222222222 44
1646522598092 43.31597222222222 45
1646522617592 43.31597222222222 46
1646522637102 43.31597222222222 47
1646522656603 43.31597222222222 48
1646522676105 43.31597222222222 49
1646522695607 43.31597222222222 50
1646522716432 43.31597222222222 51
1646522735931 43.31597222222222 52
1646522755433 43.31597222222222 53
1646522774934 43.31597222222222 54
1646522794439 43.31597222222222 55
1646522813942 43.31597222222222 56
1646522833441 43.31597222222222 57
1646522852943 43.31597222222222 58
1646522872443 43.31597222222222 59
1646522891944 43.31597222222222 60
1646522911446 43.31597222222222 61
1646522930954 43.31597222222222 62
1646522950459 43.31597222222222 63
1646522969968 43.31597222222222 64
1646522989472 43.31597222222222 65
1646523008980 43.31597222222222 66
1646523028488 43.31597222222222 67
1646523047994 43.31597222222222 68
1646523067502 43.31597222222222 69
1646523087008 43.31597222222222 70
1646523106513 43.31597222222222 71
1646523126020 43.31597222222222 72
1646523145526 43.31597222222222 73
1646523165028 43.31597222222222 74
1646523184534 43.31597222222222 75
1646523204037 43.31597222222222 76
1646523223539 43.31597222222222 77
1646523243048 43.31597222222222 78
1646523262556 43.31597222222222 79
1646523282051 43.31597222222222 80
1646523301562 43.31597222222222 81
1646523321066 43.31597222222222 82
1646523340570 43.31597222222222 83
1646523360077 43.31597222222222 84
1646523379585 43.31597222222222 85
1646523399083 43.31597222222222 86
1646523418581 43.31597222222222 87
1646523438079 43.31597222222222 88
1646523457581 43.31597222222222 89
1646523477085 43.31597222222222 90
1646523496592 43.31597222222222 91
1646523516093 43.31597222222222 92
1646523535595 43.31597222222222 93
1646523555097 43.31597222222222 94
1646523574601 43.31597222222222 95
1646523594105 43.31597222222222 96
1646523614135 43.31597222222222 97
1646523633635 43.31597222222222 98
1646523653139 43.31597222222222 99
