1646521702131 0.001 0
1646521723842 0.001 1
1646521744585 0.001 2
1646521765349 0.001 3
1646521786121 0.001 4
1646521806901 0.001 5
1646521827704 0.001 6
1646521848516 0.001 7
1646521869327 0.001 8
1646521888828 0.001 9
1646521908328 0.001 10
1646521927874 0.001 11
1646521947380 0.001 12
1646521968188 0.001 13
1646521987682 0.001 14
1646522007861 0.001 15
1646522027353 0.001 16
1646522046849 0.001 17
1646522066347 0.001 18
1646522085845 0.001 19
1646522106548 0.0005 20
1646522126056 0.0005 21
1646522145550 0.0005 22
1646522165630 0.0005 23
1646522185125 0.0005 24
1646522204627 0.0005 25
1646522224129 0.0005 26
1646522243632 0.0005 27
1646522263129 0.0005 28
1646522282637 0.0005 29
1646522302140 0.0005 30
1646522321652 0.0005 31
1646522341159 0.0005 32
1646522360669 0.0005 33
1646522380176 0.0005 34
1646522399675 0.0005 35
1646522419186 0.0005 36
1646522438692 0.0005 37
1646522459667 0.0005 38
1646522479173 0.0005 39
1646522498680 0.00025 40
1646522520065 0.00025 41
1646522539566 0.00025 42
1646522559070 0.00025 43
1646522578574 0.00025 44
1646522598080 0.00025 45
1646522617580 0.00025 46
1646522637090 0.00025 47
1646522656591 0.00025 48
1646522676093 0.00025 49
1646522695596 0.00025 50
1646522716415 0.00025 51
1646522735919 0.00025 52
1646522755421 0.00025 53
1646522774923 0.00025 54
1646522794428 0.00025 55
1646522813930 0.00025 56
1646522833429 0.00025 57
1646522852931 0.00025 58
1646522872430 0.00025 59
1646522891932 0.000125 60
1646522911434 0.000125 61
1646522930941 0.000125 62
1646522950444 0.000125 63
1646522969954 0.000125 64
1646522989460 0.000125 65
1646523008966 0.000125 66
1646523028473 0.000125 67
1646523047981 0.000125 68
1646523067489 0.000125 69
1646523086993 0.000125 70
1646523106500 0.000125 71
1646523126006 0.000125 72
1646523145512 0.000125 73
1646523165014 0.000125 74
1646523184521 0.000125 75
1646523204023 0.000125 76
1646523223527 0.000125 77
1646523243034 0.000125 78
1646523262541 0.000125 79
1646523282038 6.25e-05 80
1646523301548 6.25e-05 81
1646523321052 6.25e-05 82
1646523340556 6.25e-05 83
1646523360063 6.25e-05 84
1646523379573 6.25e-05 85
1646523399070 6.25e-05 86
1646523418567 6.25e-05 87
1646523438067 6.25e-05 88
1646523457567 6.25e-05 89
1646523477070 6.25e-05 90
1646523496578 6.25e-05 91
1646523516080 6.25e-05 92
1646523535583 6.25e-05 93
1646523555085 6.25e-05 94
1646523574588 6.25e-05 95
1646523594092 6.25e-05 96
1646523614122 6.25e-05 97
1646523633623 6.25e-05 98
1646523653127 6.25e-05 99
