1646521702139 27.63310185185185 0
1646521723849 49.8119212962963 1
1646521744593 57.638888888888886 2
1646521765356 62.47106481481482 3
1646521786130 65.97222222222223 4
1646521806909 69.19849537037037 5
1646521827712 72.49710648148148 6
1646521848522 74.88425925925925 7
1646521869334 78.1105324074074 8
1646521888837 79.51388888888889 9
1646521908336 82.06018518518519 10
1646521927882 83.73842592592592 11
1646521947388 85.38773148148148 12
1646521968196 88.17997685185185 13
1646521988375 88.51273148148148 14
1646522007867 90.2199074074074 15
1646522027359 91.63773148148148 16
1646522046857 92.23090277777777 17
1646522066354 92.70833333333333 18
1646522085851 93.80787037037037 19
1646522106556 96.05034722222223 20
1646522126064 97.13541666666667 21
1646522145557 97.41030092592592 22
1646522165637 97.52604166666667 23
1646522185132 97.96006944444444 24
1646522204635 98.01793981481481 25
1646522224137 98.4230324074074 26
1646522243639 98.4375 27
1646522263136 98.56770833333333 28
1646522282644 98.37962962962963 29
1646522302147 98.48090277777777 30
1646522321660 98.65451388888889 31
1646522341166 98.53877314814815 32
1646522360677 98.55324074074075 33
1646522380184 98.35069444444444 34
1646522399682 99.00173611111111 35
1646522419192 98.50983796296296 36
1646522438699 98.77025462962963 37
1646522459674 98.87152777777777 38
1646522479180 98.74131944444444 39
1646522498687 99.33449074074075 40
1646522520072 99.42129629629629 41
1646522539573 99.66724537037037 42
1646522559078 99.71064814814815 43
1646522578582 99.68171296296296 44
1646522598087 99.6238425925926 45
1646522617587 99.63831018518519 46
1646522637098 99.72511574074075 47
1646522656598 99.55150462962963 48
1646522676101 99.6238425925926 49
1646522695603 99.53703703703704 50
1646522716424 99.66724537037037 51
1646522735926 99.52256944444444 52
1646522755428 99.56597222222223 53
1646522774930 99.76851851851852 54
1646522794435 99.65277777777777 55
1646522813937 99.92766203703704 56
1646522833436 99.6238425925926 57
1646522852939 99.5949074074074 58
1646522872438 99.82638888888889 59
1646522891939 99.84085648148148 60
1646522911441 99.82638888888889 61
1646522930949 99.76851851851852 62
1646522950453 99.91319444444444 63
1646522969963 99.91319444444444 64
1646522989468 99.81192129629629 65
1646523008975 99.85532407407408 66
1646523028482 99.84085648148148 67
1646523047989 99.94212962962963 68
1646523067497 99.92766203703704 69
1646523087003 99.92766203703704 70
1646523106508 99.92766203703704 71
1646523126015 99.89872685185185 72
1646523145521 99.88425925925925 73
1646523165023 99.81192129629629 74
1646523184529 99.84085648148148 75
1646523204032 99.85532407407408 76
1646523223535 99.84085648148148 77
1646523243043 99.78298611111111 78
1646523262550 99.81192129629629 79
1646523282046 99.92766203703704 80
1646523301557 99.81192129629629 81
1646523321061 99.81192129629629 82
1646523340564 99.89872685185185 83
1646523360072 99.97106481481481 84
1646523379581 99.89872685185185 85
1646523399078 99.95659722222223 86
1646523418576 99.88425925925925 87
1646523438074 99.91319444444444 88
1646523457576 99.94212962962963 89
1646523477079 99.95659722222223 90
1646523496588 99.94212962962963 91
1646523516088 99.89872685185185 92
1646523535590 99.95659722222223 93
1646523555092 99.89872685185185 94
1646523574596 99.86979166666667 95
1646523594100 99.86979166666667 96
1646523614130 99.89872685185185 97
1646523633631 99.95659722222223 98
1646523653135 99.94212962962963 99
