1646521702135 5.50691877912592 0
1646521723845 1.9399492895161663 1
1646521744589 1.5579648260717038 2
1646521765352 1.3445091953984014 3
1646521786125 1.1971328346817582 4
1646521806904 1.0634730877699676 5
1646521827707 0.9610210833726106 6
1646521848519 0.8711458223837393 7
1646521869330 0.7728556593259176 8
1646521888832 0.7018000847763486 9
1646521908331 0.6232694354322221 10
1646521927877 0.5618059855920298 11
1646521947383 0.5058447619279226 12
1646521968191 0.4360952918176298 13
1646521988036 0.3976274116171731 14
1646522007863 0.3557744972683765 15
1646522027355 0.313330600935 16
1646522046852 0.2860744457553934 17
1646522066350 0.2676488991688799 18
1646522085847 0.22636811324843653 19
1646522106551 0.15979147274737004 20
1646522126060 0.12766395757595697 21
1646522145553 0.11416016243122241 22
1646522165633 0.10790426794577528 23
1646522185128 0.09741429363687833 24
1646522204630 0.09266148666264834 25
1646522224132 0.07838337675288871 26
1646522243635 0.07701300808952914 27
1646522263132 0.07588516099861374 28
1646522282640 0.07387781274263505 29
1646522302143 0.0720034344466748 30
1646522321656 0.06430105209626534 31
1646522341161 0.06510422554694945 32
1646522360672 0.06864699821367308 33
1646522380179 0.0667943606429078 34
1646522399678 0.05212802332998426 35
1646522419188 0.06022546626627445 36
1646522438695 0.05460416435919426 37
1646522459669 0.053880350629764574 38
1646522479176 0.05453078165926315 39
1646522498683 0.03792764201622318 40
1646522520068 0.02997549078254788 41
1646522539569 0.022697228679640427 42
1646522559073 0.022600380876274022 43
1646522578577 0.021216272592061648 44
1646522598083 0.01979267826579787 45
1646522617583 0.019653528307874996 46
1646522637092 0.019042004693161557 47
1646522656594 0.021338826123004157 48
1646522676096 0.02211603254976648 49
1646522695598 0.023659656617652486 50
1646522716418 0.020621169539582398 51
1646522735921 0.02175491596399634 52
1646522755424 0.02152367477753648 53
1646522774926 0.01793455640371475 54
1646522794431 0.018784449478887296 55
1646522813933 0.012325633248245274 56
1646522833432 0.01991730930145692 57
1646522852934 0.022463526171459643 58
1646522872433 0.014746616689350319 59
1646522891934 0.011404543933976028 60
1646522911436 0.010184882217328306 61
1646522930944 0.011887616508088453 62
1646522950448 0.009908159599742956 63
1646522969957 0.009903309465799894 64
1646522989463 0.011519387860230549 65
1646523008969 0.010118868020880554 66
1646523028477 0.00982474310634037 67
1646523047984 0.008452447523638882 68
1646523067492 0.008181828022417095 69
1646523086997 0.007927093680741059 70
1646523106503 0.007615719874458456 71
1646523126010 0.009785384401092652 72
1646523145515 0.009838548281954395 73
1646523165018 0.010148770421639912 74
1646523184524 0.010157577706397407 75
1646523204027 0.009095773135346395 76
1646523223530 0.010140248863198966 77
1646523243037 0.01025616828593667 78
1646523262544 0.010594983046219029 79
1646523282041 0.00786913362228208 80
1646523301551 0.008967413472149658 81
1646523321056 0.009324717848492717 82
1646523340559 0.007550823618657887 83
1646523360067 0.006307768105115328 84
1646523379576 0.0067803481102196705 85
1646523399073 0.005936002177703712 86
1646523418571 0.007243717593761782 87
1646523438070 0.006383570234498216 88
1646523457571 0.005135901949230443 89
1646523477073 0.005149216447198005 90
1646523496582 0.0058156598954358036 91
1646523516084 0.0063740547392862265 92
1646523535586 0.005657343799679505 93
1646523555088 0.006191139932963307 94
1646523574591 0.006530455652089721 95
1646523594095 0.007486227511738737 96
1646523614126 0.005830029200296849 97
1646523633626 0.005815593803870595 98
1646523653130 0.005496466377129157 99
