1646513685926 0 0
1646513704683 38.14538043478261 1
1646513723510 52.34375 2
1646513742350 55.63858695652174 3
1646513761202 58.83152173913044 4
1646513780060 59.71467391304348 5
1646513798917 60.088315217391305 6
1646513818366 60.12228260869565 7
1646513837257 60.63179347826087 8
1646513856108 60.97146739130435 9
1646513874975 61.34510869565217 10
1646513892567 61.34510869565217 11
1646513910174 61.34510869565217 12
1646513927785 61.34510869565217 13
1646513945395 61.34510869565217 14
1646513963005 61.34510869565217 15
1646513980613 61.34510869565217 16
1646513998228 61.34510869565217 17
1646514015837 61.34510869565217 18
1646514033444 61.34510869565217 19
1646514051046 61.34510869565217 20
1646514068637 61.34510869565217 21
1646514087516 61.37907608695652 22
1646514105121 61.37907608695652 23
1646514124042 61.44701086956522 24
1646514141645 61.44701086956522 25
1646514159251 61.44701086956522 26
1646514176858 61.44701086956522 27
1646514194458 61.44701086956522 28
1646514212066 61.44701086956522 29
1646514229667 61.44701086956522 30
1646514247268 61.44701086956522 31
1646514264870 61.44701086956522 32
1646514282473 61.44701086956522 33
1646514300076 61.44701086956522 34
1646514317681 61.44701086956522 35
1646514336566 61.99048913043478 36
1646514354166 61.99048913043478 37
1646514371774 61.99048913043478 38
1646514390653 62.19429347826087 39
1646514408253 62.19429347826087 40
1646514425853 62.19429347826087 41
1646514443454 62.19429347826087 42
1646514461062 62.19429347826087 43
1646514478659 62.19429347826087 44
1646514496263 62.19429347826087 45
1646514513872 62.19429347826087 46
1646514531474 62.19429347826087 47
1646514549077 62.19429347826087 48
1646514566676 62.19429347826087 49
1646514584273 62.19429347826087 50
1646514601876 62.19429347826087 51
1646514619480 62.19429347826087 52
1646514637084 62.19429347826087 53
1646514654689 62.19429347826087 54
1646514672291 62.19429347826087 55
1646514689895 62.19429347826087 56
1646514707496 62.19429347826087 57
1646514725100 62.19429347826087 58
1646514742700 62.19429347826087 59
1646514760303 62.19429347826087 60
1646514777903 62.19429347826087 61
1646514795510 62.19429347826087 62
1646514813109 62.19429347826087 63
1646514830711 62.19429347826087 64
1646514848309 62.19429347826087 65
1646514865907 62.19429347826087 66
1646514883515 62.19429347826087 67
1646514901121 62.19429347826087 68
1646514918723 62.19429347826087 69
1646514936326 62.19429347826087 70
1646514953930 62.19429347826087 71
1646514971528 62.19429347826087 72
1646514989133 62.19429347826087 73
1646515006731 62.19429347826087 74
1646515024335 62.19429347826087 75
1646515041936 62.19429347826087 76
1646515059535 62.19429347826087 77
1646515077141 62.19429347826087 78
1646515094743 62.19429347826087 79
1646515112349 62.19429347826087 80
1646515129949 62.19429347826087 81
1646515147553 62.19429347826087 82
1646515165158 62.19429347826087 83
1646515182760 62.19429347826087 84
1646515200365 62.19429347826087 85
1646515217973 62.19429347826087 86
1646515235578 62.19429347826087 87
1646515253181 62.19429347826087 88
1646515270781 62.19429347826087 89
1646515288379 62.19429347826087 90
1646515305979 62.19429347826087 91
1646515323584 62.19429347826087 92
1646515341187 62.19429347826087 93
1646515358788 62.19429347826087 94
1646515376392 62.19429347826087 95
1646515393993 62.19429347826087 96
1646515411595 62.19429347826087 97
1646515429204 62.19429347826087 98
1646515446807 62.19429347826087 99
