1646513685774 0.001 0
1646513704673 0.001 1
1646513723500 0.001 2
1646513742337 0.001 3
1646513761190 0.001 4
1646513780047 0.001 5
1646513798904 0.001 6
1646513817839 0.001 7
1646513837246 0.001 8
1646513856095 0.001 9
1646513874963 0.001 10
1646513892555 0.001 11
1646513910164 0.001 12
1646513927774 0.001 13
1646513945383 0.001 14
1646513962993 0.001 15
1646513980600 0.001 16
1646513998216 0.001 17
1646514015822 0.001 18
1646514033432 0.001 19
1646514051037 0.0005 20
1646514068627 0.0005 21
1646514087505 0.0005 22
1646514105112 0.0005 23
1646514124032 0.0005 24
1646514141635 0.0005 25
1646514159241 0.0005 26
1646514176846 0.0005 27
1646514194448 0.0005 28
1646514212056 0.0005 29
1646514229656 0.0005 30
1646514247259 0.0005 31
1646514264860 0.0005 32
1646514282464 0.0005 33
1646514300064 0.0005 34
1646514317670 0.0005 35
1646514336555 0.0005 36
1646514354157 0.0005 37
1646514371759 0.0005 38
1646514390644 0.0005 39
1646514408244 0.00025 40
1646514425844 0.00025 41
1646514443444 0.00025 42
1646514461053 0.00025 43
1646514478650 0.00025 44
1646514496251 0.00025 45
1646514513861 0.00025 46
1646514531463 0.00025 47
1646514549067 0.00025 48
1646514566664 0.00025 49
1646514584262 0.00025 50
1646514601865 0.00025 51
1646514619469 0.00025 52
1646514637070 0.00025 53
1646514654676 0.00025 54
1646514672279 0.00025 55
1646514689884 0.00025 56
1646514707485 0.00025 57
1646514725087 0.00025 58
1646514742689 0.00025 59
1646514760290 0.000125 60
1646514777892 0.000125 61
1646514795498 0.000125 62
1646514813098 0.000125 63
1646514830699 0.000125 64
1646514848296 0.000125 65
1646514865893 0.000125 66
1646514883504 0.000125 67
1646514901109 0.000125 68
1646514918710 0.000125 69
1646514936313 0.000125 70
1646514953918 0.000125 71
1646514971516 0.000125 72
1646514989121 0.000125 73
1646515006720 0.000125 74
1646515024323 0.000125 75
1646515041924 0.000125 76
1646515059521 0.000125 77
1646515077127 0.000125 78
1646515094729 0.000125 79
1646515112335 6.25e-05 80
1646515129935 6.25e-05 81
1646515147540 6.25e-05 82
1646515165144 6.25e-05 83
1646515182747 6.25e-05 84
1646515200350 6.25e-05 85
1646515217959 6.25e-05 86
1646515235565 6.25e-05 87
1646515253167 6.25e-05 88
1646515270768 6.25e-05 89
1646515288367 6.25e-05 90
1646515305967 6.25e-05 91
1646515323572 6.25e-05 92
1646515341174 6.25e-05 93
1646515358776 6.25e-05 94
1646515376379 6.25e-05 95
1646515393981 6.25e-05 96
1646515411584 6.25e-05 97
1646515429191 6.25e-05 98
1646515446795 6.25e-05 99
