1646513685916 4.66322147625464 0
1646513704676 1.5249146156840854 1
1646513723503 1.138722057695742 2
1646513742340 0.9302509625752767 3
1646513761193 0.7759335443929389 4
1646513780050 0.6918885520210972 5
1646513798908 0.6033004853460524 6
1646513818231 0.535658163053018 7
1646513837249 0.4644239749069567 8
1646513856098 0.42879995372560287 9
1646513874966 0.3946970389397056 10
1646513892558 0.35395825654268265 11
1646513910167 0.3381253489189678 12
1646513927777 0.2896683097437576 13
1646513945386 0.26117916212037756 14
1646513962996 0.2816519574434669 15
1646513980604 0.2581272685417422 16
1646513998219 0.23437337163421842 17
1646514015826 0.20965868303621257 18
1646514033435 0.1989664345703743 19
1646514051039 0.13492249028274306 20
1646514068630 0.08325641485000099 21
1646514087508 0.07642302820803942 22
1646514105115 0.06693753010282914 23
1646514124034 0.06506962560255218 24
1646514141638 0.06955126997221399 25
1646514159244 0.055085280220265744 26
1646514176849 0.0588381755752144 27
1646514194451 0.05768802117004439 28
1646514212059 0.059536772331705796 29
1646514229659 0.055156088813587474 30
1646514247261 0.048881484781978304 31
1646514264863 0.06034508364758006 32
1646514282466 0.05041300881378077 33
1646514300067 0.06139997986179811 34
1646514317673 0.059341310868384664 35
1646514336558 0.0525913812496044 36
1646514354159 0.05279469255495955 37
1646514371762 0.05622677422232098 38
1646514390646 0.05904387682676315 39
1646514408246 0.03754320079288273 40
1646514425846 0.02189056423527223 41
1646514443447 0.017706568318384665 42
1646514461055 0.017869589996903582 43
1646514478652 0.017633600005259115 44
1646514496254 0.012015650451993916 45
1646514513864 0.01633988098344869 46
1646514531466 0.01399574633601501 47
1646514549070 0.01609671174514073 48
1646514566667 0.016245187932832375 49
1646514584264 0.018873686380511907 50
1646514601867 0.015952683256559626 51
1646514619472 0.015712157771405246 52
1646514637073 0.015125226781324105 53
1646514654679 0.016606295705531484 54
1646514672282 0.012524325137578503 55
1646514689887 0.014612465212983941 56
1646514707488 0.016071630952258904 57
1646514725091 0.0152912729471508 58
1646514742692 0.015566403020380272 59
1646514760293 0.011691998022056563 60
1646514777895 0.008761364567800667 61
1646514795501 0.008604322775715479 62
1646514813101 0.007998280410430636 63
1646514830702 0.008838772834106176 64
1646514848299 0.005819829426602357 65
1646514865896 0.005861174272097371 66
1646514883507 0.00571729414406474 67
1646514901112 0.007172537626940067 68
1646514918713 0.006555767941150676 69
1646514936317 0.008597630235642471 70
1646514953921 0.006177723017538449 71
1646514971519 0.00603291191078757 72
1646514989124 0.006485220100903125 73
1646515006723 0.006328765158455267 74
1646515024326 0.008845080136476705 75
1646515041927 0.0077077487906165145 76
1646515059524 0.005673010963989698 77
1646515077131 0.0061855208025210434 78
1646515094733 0.005972521985380876 79
1646515112339 0.006226396323957791 80
1646515129939 0.004989367375081336 81
1646515147543 0.0045449954987917505 82
1646515165148 0.004026921296759543 83
1646515182750 0.004209324279886291 84
1646515200353 0.003317258496449708 85
1646515217963 0.003605956984554521 86
1646515235569 0.004628075903316063 87
1646515253170 0.003385820124229347 88
1646515270771 0.004483750007003201 89
1646515288370 0.004358709215281393 90
1646515305969 0.0028110555355885516 91
1646515323575 0.0031178032427474304 92
1646515341178 0.002945785766415712 93
1646515358779 0.004059172512454636 94
1646515376382 0.0022946620291029968 95
1646515393984 0.003122311595318563 96
1646515411587 0.002549800854736801 97
1646515429194 0.003484542576458167 98
1646515446799 0.004663649852672178 99
