1646513685921 29.18113425925926 0
1646513704680 55.49768518518518 1
1646513723507 64.61226851851852 2
1646513742346 70.60185185185185 3
1646513761197 75.70891203703704 4
1646513780055 77.67650462962963 5
1646513798912 80.36747685185185 6
1646513818361 82.58101851851852 7
1646513837253 85.1417824074074 8
1646513856103 86.24131944444444 9
1646513874971 86.96469907407408 10
1646513892563 88.64293981481481 11
1646513910170 88.80208333333333 12
1646513927781 90.48032407407408 13
1646513945391 91.13136574074075 14
1646513963001 90.6394675925926 15
1646513980609 91.3917824074074 16
1646513998224 92.34664351851852 17
1646514015832 93.04108796296296 18
1646514033440 93.3449074074074 19
1646514051043 95.63078703703704 20
1646514068633 97.55497685185185 21
1646514087512 97.6707175925926 22
1646514105118 98.09027777777777 23
1646514124038 97.96006944444444 24
1646514141641 97.90219907407408 25
1646514159248 98.46643518518519 26
1646514176853 98.09027777777777 27
1646514194455 98.13368055555556 28
1646514212063 98.27835648148148 29
1646514229663 98.37962962962963 30
1646514247265 98.74131944444444 31
1646514264866 98.046875 32
1646514282469 98.46643518518519 33
1646514300071 97.94560185185185 34
1646514317677 98.22048611111111 35
1646514336562 98.29282407407408 36
1646514354163 98.22048611111111 37
1646514371768 98.19155092592592 38
1646514390650 98.23495370370371 39
1646514408250 98.85706018518519 40
1646514425850 99.49363425925925 41
1646514443450 99.56597222222223 42
1646514461059 99.609375 43
1646514478655 99.52256944444444 44
1646514496259 99.75405092592592 45
1646514513868 99.55150462962963 46
1646514531470 99.66724537037037 47
1646514549074 99.609375 48
1646514566671 99.50810185185185 49
1646514584268 99.52256944444444 50
1646514601872 99.65277777777777 51
1646514619476 99.63831018518519 52
1646514637079 99.609375 53
1646514654684 99.47916666666667 54
1646514672286 99.6238425925926 55
1646514689891 99.609375 56
1646514707492 99.49363425925925 57
1646514725095 99.63831018518519 58
1646514742696 99.65277777777777 59
1646514760298 99.79745370370371 60
1646514777899 99.79745370370371 61
1646514795505 99.79745370370371 62
1646514813105 99.81192129629629 63
1646514830707 99.79745370370371 64
1646514848304 99.89872685185185 65
1646514865902 99.86979166666667 66
1646514883511 99.89872685185185 67
1646514901117 99.84085648148148 68
1646514918719 99.89872685185185 69
1646514936322 99.81192129629629 70
1646514953926 99.88425925925925 71
1646514971523 99.85532407407408 72
1646514989129 99.84085648148148 73
1646515006727 99.91319444444444 74
1646515024330 99.72511574074075 75
1646515041932 99.85532407407408 76
1646515059529 99.91319444444444 77
1646515077136 99.82638888888889 78
1646515094738 99.89872685185185 79
1646515112344 99.85532407407408 80
1646515129944 99.89872685185185 81
1646515147549 99.91319444444444 82
1646515165153 99.91319444444444 83
1646515182755 99.88425925925925 84
1646515200360 99.89872685185185 85
1646515217968 99.92766203703704 86
1646515235573 99.88425925925925 87
1646515253176 99.95659722222223 88
1646515270776 99.89872685185185 89
1646515288375 99.89872685185185 90
1646515305974 99.97106481481481 91
1646515323580 99.97106481481481 92
1646515341183 99.97106481481481 93
1646515358784 99.91319444444444 94
1646515376387 99.97106481481481 95
1646515393988 99.91319444444444 96
1646515411591 99.95659722222223 97
1646515429199 99.92766203703704 98
1646515446803 99.91319444444444 99
