1646530858546 0 0
1646530998811 69.52123397435898 1
1646531140000 74.86979166666667 2
1646531280365 79.26682692307692 3
1646531420705 80.08814102564102 4
1646531561039 82.1113782051282 5
1646531701440 82.8926282051282 6
1646531841804 82.98277243589743 7
1646531982952 85.75721153846153 8
1646532121977 85.75721153846153 9
1646532263430 85.8173076923077 10
1646532402493 85.8173076923077 11
1646532541561 85.8173076923077 12
1646532680915 85.8173076923077 13
1646532821279 86.56850961538461 14
1646532960346 86.56850961538461 15
1646533099372 86.56850961538461 16
1646533239739 87.0693108974359 17
1646533380351 88.90224358974359 18
1646533519443 88.90224358974359 19
1646533658527 88.90224358974359 20
1646533798953 90.5849358974359 21
1646533938015 90.5849358974359 22
1646534078396 90.71514423076923 23
1646534217480 90.71514423076923 24
1646534358192 90.71514423076923 25
1646534497236 90.71514423076923 26
1646534640760 90.71514423076923 27
1646534779787 90.71514423076923 28
1646534920043 90.71514423076923 29
1646535060722 91.06570512820512 30
1646535199848 91.06570512820512 31
1646535338934 91.06570512820512 32
1646535479334 91.07572115384616 33
1646535618385 91.07572115384616 34
1646535757442 91.07572115384616 35
1646535896515 91.07572115384616 36
1646536035615 91.07572115384616 37
1646536174676 91.07572115384616 38
1646536313728 91.07572115384616 39
1646536454124 91.31610576923077 40
1646536594526 92.4579326923077 41
1646536734931 92.79847756410257 42
1646536874339 92.79847756410257 43
1646537013525 92.79847756410257 44
1646537152582 92.79847756410257 45
1646537291665 92.79847756410257 46
1646537430737 92.79847756410257 47
1646537569808 92.79847756410257 48
1646537708865 92.79847756410257 49
1646537847932 92.79847756410257 50
1646537986988 92.79847756410257 51
1646538126057 92.79847756410257 52
1646538265115 92.79847756410257 53
1646538404157 92.79847756410257 54
1646538543196 92.79847756410257 55
1646538682315 92.79847756410257 56
1646538822702 92.86858974358974 57
1646538963130 92.8886217948718 58
1646539102176 92.8886217948718 59
1646539241248 92.8886217948718 60
1646539380327 92.8886217948718 61
1646539519391 92.8886217948718 62
1646539659150 92.8886217948718 63
1646539798390 92.8886217948718 64
1646539937446 92.8886217948718 65
1646540076510 92.8886217948718 66
1646540215557 92.8886217948718 67
1646540354622 92.8886217948718 68
1646540493678 92.8886217948718 69
1646540632871 92.8886217948718 70
1646540771903 92.8886217948718 71
1646540910911 92.8886217948718 72
1646541050146 92.8886217948718 73
1646541190575 93.02884615384616 74
1646541329615 93.02884615384616 75
1646541470738 93.02884615384616 76
1646541609815 93.02884615384616 77
1646541751027 93.02884615384616 78
1646541891427 93.15905448717949 79
1646542030513 93.15905448717949 80
1646542173794 93.15905448717949 81
1646542314168 93.24919871794872 82
1646542453177 93.24919871794872 83
1646542592173 93.24919871794872 84
1646542731176 93.24919871794872 85
1646542872259 93.29927884615384 86
1646543014084 93.29927884615384 87
1646543153105 93.29927884615384 88
1646543292146 93.29927884615384 89
1646543431162 93.29927884615384 90
1646543570171 93.29927884615384 91
1646543709156 93.29927884615384 92
1646543848173 93.29927884615384 93
1646543987162 93.29927884615384 94
1646544126183 93.29927884615384 95
1646544265192 93.29927884615384 96
1646544404846 93.29927884615384 97
1646544543872 93.29927884615384 98
1646544682881 93.29927884615384 99
