1646530858533 0.001 0
1646530998800 0.001 1
1646531139989 0.001 2
1646531280354 0.001 3
1646531420694 0.001 4
1646531561027 0.001 5
1646531701429 0.001 6
1646531841792 0.001 7
1646531982940 0.001 8
1646532121964 0.001 9
1646532263417 0.001 10
1646532402478 0.001 11
1646532541550 0.001 12
1646532680904 0.001 13
1646532821269 0.001 14
1646532960335 0.001 15
1646533099360 0.001 16
1646533239726 0.001 17
1646533380338 0.001 18
1646533519432 0.001 19
1646533658514 0.0005 20
1646533798940 0.0005 21
1646533938001 0.0005 22
1646534078383 0.0005 23
1646534217466 0.0005 24
1646534358179 0.0005 25
1646534497222 0.0005 26
1646534640745 0.0005 27
1646534779773 0.0005 28
1646534920031 0.0005 29
1646535060712 0.0005 30
1646535199836 0.0005 31
1646535338919 0.0005 32
1646535479320 0.0005 33
1646535618371 0.0005 34
1646535757428 0.0005 35
1646535896502 0.0005 36
1646536035602 0.0005 37
1646536174662 0.0005 38
1646536313714 0.0005 39
1646536454111 0.00025 40
1646536594513 0.00025 41
1646536734917 0.00025 42
1646536874325 0.00025 43
1646537013511 0.00025 44
1646537152570 0.00025 45
1646537291653 0.00025 46
1646537430726 0.00025 47
1646537569795 0.00025 48
1646537708853 0.00025 49
1646537847920 0.00025 50
1646537986974 0.00025 51
1646538126042 0.00025 52
1646538265100 0.00025 53
1646538404144 0.00025 54
1646538543183 0.00025 55
1646538682301 0.00025 56
1646538822688 0.00025 57
1646538963116 0.00025 58
1646539102162 0.00025 59
1646539241233 0.000125 60
1646539380314 0.000125 61
1646539519377 0.000125 62
1646539659136 0.000125 63
1646539798376 0.000125 64
1646539937431 0.000125 65
1646540076497 0.000125 66
1646540215543 0.000125 67
1646540354609 0.000125 68
1646540493664 0.000125 69
1646540632857 0.000125 70
1646540771890 0.000125 71
1646540910896 0.000125 72
1646541050132 0.000125 73
1646541190561 0.000125 74
1646541329602 0.000125 75
1646541470723 0.000125 76
1646541609802 0.000125 77
1646541751012 0.000125 78
1646541891415 0.000125 79
1646542030501 6.25e-05 80
1646542173783 6.25e-05 81
1646542314155 6.25e-05 82
1646542453164 6.25e-05 83
1646542592160 6.25e-05 84
1646542731165 6.25e-05 85
1646542872245 6.25e-05 86
1646543014072 6.25e-05 87
1646543153093 6.25e-05 88
1646543292133 6.25e-05 89
1646543431148 6.25e-05 90
1646543570158 6.25e-05 91
1646543709141 6.25e-05 92
1646543848159 6.25e-05 93
1646543987150 6.25e-05 94
1646544126170 6.25e-05 95
1646544265177 6.25e-05 96
1646544404831 6.25e-05 97
1646544543858 6.25e-05 98
1646544682867 6.25e-05 99
