1646530858541 56.80088141025641 0
1646530998807 72.35977564102564 1
1646531139996 77.17948717948718 2
1646531280361 79.88782051282051 3
1646531420701 81.70472756410257 4
1646531561034 83.07692307692308 5
1646531701436 84.42508012820512 6
1646531841800 85.2323717948718 7
1646531982948 85.88741987179488 8
1646532121972 86.67267628205128 9
1646532263426 87.5400641025641 10
1646532402487 87.48597756410257 11
1646532541557 88.37740384615384 12
1646532680911 88.76402243589743 13
1646532821275 88.92628205128206 14
1646532960342 89.375 15
1646533099368 89.66145833333333 16
1646533239734 89.75560897435898 17
1646533380345 90.07211538461539 18
1646533519440 90.65905448717949 19
1646533658522 93.60977564102564 20
1646533798949 93.82011217948718 21
1646533938010 94.08253205128206 22
1646534078391 94.24679487179488 23
1646534217474 94.25280448717949 24
1646534358188 94.67748397435898 25
1646534497231 94.77564102564102 26
1646534640754 95.14623397435898 27
1646534779782 95.09615384615384 28
1646534920039 95.12820512820512 29
1646535060718 95.52083333333333 30
1646535199844 95.7792467948718 31
1646535338928 95.70913461538461 32
1646535479329 95.95552884615384 33
1646535618380 96.24399038461539 34
1646535757437 96.21794871794872 35
1646535896510 96.57451923076923 36
1646536035611 96.484375 37
1646536174671 96.84094551282051 38
1646536313722 96.76883012820512 39
1646536454119 98.2451923076923 40
1646536594521 98.48357371794872 41
1646536734926 98.56370192307692 42
1646536874334 98.515625 43
1646537013519 98.61177884615384 44
1646537152578 98.57171474358974 45
1646537291661 98.69391025641026 46
1646537430733 98.57171474358974 47
1646537569804 98.671875 48
1646537708860 98.73798076923077 49
1646537847928 98.73197115384616 50
1646537986983 98.78205128205128 51
1646538126052 98.96634615384616 52
1646538265109 98.71794871794872 53
1646538404152 98.86017628205128 54
1646538543191 98.7880608974359 55
1646538682310 98.76602564102564 56
1646538822697 98.8681891025641 57
1646538963125 99.0204326923077 58
1646539102172 94.6113782051282 59
1646539241243 90.23036858974359 60
1646539380323 94.78365384615384 61
1646539519386 96.31009615384616 62
1646539659145 97.39583333333333 63
1646539798386 97.96274038461539 64
1646539937441 98.2451923076923 65
1646540076505 98.49559294871794 66
1646540215552 98.78205128205128 67
1646540354617 98.96233974358974 68
1646540493672 99.12459935897436 69
1646540632866 99.14463141025641 70
1646540771898 99.2988782051282 71
1646540910906 99.37099358974359 72
1646541050142 99.34695512820512 73
1646541190570 99.35296474358974 74
1646541329610 99.47315705128206 75
1646541470733 99.52524038461539 76
1646541609810 99.46714743589743 77
1646541751022 99.5733173076923 78
1646541891422 99.54326923076923 79
1646542030509 99.62740384615384 80
1646542173790 99.66746794871794 81
1646542314163 99.63541666666667 82
1646542453172 99.65945512820512 83
1646542592169 99.73157051282051 84
1646542731173 99.66746794871794 85
1646542872254 99.6875 86
1646543014080 99.75160256410257 87
1646543153100 99.69150641025641 88
1646543292141 99.7636217948718 89
1646543431156 99.73958333333333 90
1646543570166 99.74559294871794 91
1646543709150 99.7275641025641 92
1646543848168 99.73958333333333 93
1646543987158 99.7636217948718 94
1646544126179 99.71754807692308 95
1646544265186 99.7676282051282 96
1646544404841 99.70152243589743 97
1646544543868 99.69951923076923 98
1646544682876 99.78766025641026 99
