1646530858536 2.017387358347575 0
1646530998803 0.7896361204294058 1
1646531139992 0.6527873083567008 2
1646531280357 0.5745888270628758 3
1646531420697 0.5222919275363286 4
1646531561030 0.48242567089887767 5
1646531701432 0.44860555346195513 6
1646531841795 0.4181598256413753 7
1646531982944 0.4011925541055508 8
1646532121967 0.3829604550049855 9
1646532263421 0.36022976407637963 10
1646532402482 0.35269153454364877 11
1646532541554 0.33358017244400123 12
1646532680907 0.3246297001456603 13
1646532821271 0.31636215792252464 14
1646532960338 0.30391572366158165 15
1646533099364 0.29365044339345053 16
1646533239730 0.2904813989614829 17
1646533380341 0.2783764777275232 18
1646533519435 0.2698100932897666 19
1646533658517 0.182522299943062 20
1646533798944 0.17353551743122247 21
1646533938005 0.16470363082794043 22
1646534078386 0.16328891970408269 23
1646534217469 0.16448806585409703 24
1646534358183 0.1521466109710626 25
1646534497226 0.14534011202362868 26
1646534640750 0.13968104413495613 27
1646534779777 0.13889615796506405 28
1646534920034 0.13552348310939777 29
1646535060715 0.12530084732824412 30
1646535199839 0.12203615666008913 31
1646535338923 0.11958589605413951 32
1646535479324 0.11297861683445098 33
1646535618375 0.1070736351972207 34
1646535757432 0.10580708982470707 35
1646535896505 0.09901153702193345 36
1646536035606 0.09932849893632989 37
1646536174666 0.08804304308186357 38
1646536313717 0.08955824506970553 39
1646536454114 0.05011517820784297 40
1646536594516 0.0435998144846123 41
1646536734921 0.04051747489899683 42
1646536874329 0.04242238991428167 43
1646537013514 0.04001489769643507 44
1646537152574 0.041042993097112346 45
1646537291657 0.03685803481807502 46
1646537430729 0.04009089613816916 47
1646537569799 0.03846898822245212 48
1646537708856 0.03636699623356645 49
1646537847924 0.03640922288625286 50
1646537986978 0.03471192541168047 51
1646538126046 0.030167051562920023 52
1646538265105 0.036061134648461564 53
1646538404147 0.03198714963494776 54
1646538543186 0.034351769567897115 55
1646538682305 0.03477910525189378 56
1646538822692 0.0329022781087611 57
1646538963120 0.029192134420512817 58
1646539102166 0.35311639410180923 59
1646539241237 0.3261324263536013 60
1646539380317 0.1577631182777576 61
1646539519381 0.10837020586985044 62
1646539659139 0.07913331588348135 63
1646539798380 0.06196984416590287 64
1646539937435 0.052682512229642806 65
1646540076500 0.04544372095917471 66
1646540215547 0.037623058554405966 67
1646540354613 0.03245326390919777 68
1646540493667 0.028066042159349682 69
1646540632861 0.026598429353310703 70
1646540771894 0.02202882820692582 71
1646540910900 0.02101005828843858 72
1646541050136 0.019947741371698868 73
1646541190565 0.019303442821061858 74
1646541329605 0.016701814624815223 75
1646541470727 0.01545772559266203 76
1646541609806 0.016550927529804027 77
1646541751016 0.013404565274070662 78
1646541891418 0.014312742869757736 79
1646542030504 0.012589817980561071 80
1646542173786 0.010821907590620983 81
1646542314158 0.01119981384574949 82
1646542453167 0.010359768371339529 83
1646542592164 0.009415979319377444 84
1646542731169 0.010527178266784176 85
1646542872249 0.009908126564681506 86
1646543014075 0.008429444493212474 87
1646543153096 0.009663638542182384 88
1646543292137 0.007909405668704914 89
1646543431152 0.008167631935196904 90
1646543570162 0.008134950001411385 91
1646543709145 0.009116468700775817 92
1646543848163 0.007880469114230109 93
1646543987153 0.007759871651442387 94
1646544126174 0.008348790993757295 95
1646544265181 0.00785427173310055 96
1646544404836 0.008875162680431878 97
1646544543862 0.009100856839041882 98
1646544682871 0.006842673709504127 99
