1646511438324 0 0
1646511447876 32.47767857142857 1
1646511457481 37.611607142857146 2
1646511464714 45.200892857142854 3
1646511471945 52.566964285714285 4
1646511476600 52.566964285714285 5
1646511485004 58.705357142857146 6
1646511489669 58.705357142857146 7
1646511496863 64.39732142857143 8
1646511501525 64.39732142857143 9
1646511507568 68.30357142857143 10
1646511514069 68.30357142857143 11
1646511520365 72.54464285714286 12
1646511525040 72.54464285714286 13
1646511529773 72.54464285714286 14
1646511534457 72.54464285714286 15
1646511541707 73.4375 16
1646511546390 73.4375 17
1646511552449 76.67410714285714 18
1646511558513 76.89732142857143 19
1646511565837 78.68303571428571 20
1646511573115 83.59375 21
1646511577808 83.59375 22
1646511582503 83.59375 23
1646511587201 83.59375 24
1646511591907 83.59375 25
1646511597992 84.375 26
1646511602701 84.375 27
1646511607413 84.375 28
1646511612123 84.375 29
1646511616833 84.375 30
1646511621545 84.375 31
1646511626259 84.375 32
1646511630975 84.375 33
1646511635695 84.375 34
1646511640432 84.375 35
1646511645181 84.375 36
1646511651285 84.82142857142857 37
1646511656020 84.82142857142857 38
1646511660769 84.82142857142857 39
1646511665520 84.82142857142857 40
1646511672731 84.93303571428571 41
1646511678829 87.05357142857143 42
1646511683563 87.05357142857143 43
1646511688318 87.05357142857143 44
1646511693069 87.05357142857143 45
1646511697836 87.05357142857143 46
1646511702607 87.05357142857143 47
1646511707381 87.05357142857143 48
1646511712156 87.05357142857143 49
1646511716945 87.05357142857143 50
1646511721734 87.05357142857143 51
1646511726535 87.05357142857143 52
1646511732670 87.27678571428571 53
1646511737432 87.27678571428571 54
1646511742210 87.27678571428571 55
1646511747013 87.27678571428571 56
1646511751812 87.27678571428571 57
1646511756604 87.27678571428571 58
1646511761405 87.27678571428571 59
1646511766214 87.27678571428571 60
1646511772972 88.50446428571429 61
1646511777726 88.50446428571429 62
1646511782517 88.50446428571429 63
1646511787311 88.50446428571429 64
1646511793443 88.83928571428571 65
1646511798207 88.83928571428571 66
1646511803026 88.83928571428571 67
1646511807828 88.83928571428571 68
1646511812636 88.83928571428571 69
1646511817437 88.83928571428571 70
1646511822250 88.83928571428571 71
1646511827056 88.83928571428571 72
1646511831871 88.83928571428571 73
1646511836685 88.83928571428571 74
1646511841498 88.83928571428571 75
1646511846312 88.83928571428571 76
1646511851136 88.83928571428571 77
1646511855954 88.83928571428571 78
1646511860770 88.83928571428571 79
1646511865589 88.83928571428571 80
1646511870402 88.83928571428571 81
1646511875224 88.83928571428571 82
1646511880035 88.83928571428571 83
1646511884856 88.83928571428571 84
1646511889674 88.83928571428571 85
1646511895644 88.83928571428571 86
1646511900426 88.83928571428571 87
1646511905244 88.83928571428571 88
1646511910053 88.83928571428571 89
1646511914872 88.83928571428571 90
1646511919698 88.83928571428571 91
1646511924526 88.83928571428571 92
1646511929347 88.83928571428571 93
1646511934174 88.83928571428571 94
1646511938994 88.83928571428571 95
1646511943821 88.83928571428571 96
1646511948653 88.83928571428571 97
1646511953488 88.83928571428571 98
1646511958308 88.83928571428571 99
