1646511438311 0.001 0
1646511447865 0.001 1
1646511457471 0.001 2
1646511464594 0.001 3
1646511471936 0.001 4
1646511476590 0.001 5
1646511484996 0.001 6
1646511489660 0.001 7
1646511496855 0.001 8
1646511501516 0.001 9
1646511507555 0.001 10
1646511512232 0.001 11
1646511520337 0.001 12
1646511525029 0.001 13
1646511529712 0.001 14
1646511534445 0.001 15
1646511541697 0.001 16
1646511546380 0.001 17
1646511552438 0.001 18
1646511558502 0.001 19
1646511564574 0.0005 20
1646511573104 0.0005 21
1646511577799 0.0005 22
1646511582492 0.0005 23
1646511587189 0.0005 24
1646511591897 0.0005 25
1646511597981 0.0005 26
1646511602690 0.0005 27
1646511607401 0.0005 28
1646511612111 0.0005 29
1646511616824 0.0005 30
1646511621535 0.0005 31
1646511626249 0.0005 32
1646511630965 0.0005 33
1646511635685 0.0005 34
1646511640422 0.0005 35
1646511645170 0.0005 36
1646511651276 0.0005 37
1646511656011 0.0005 38
1646511660760 0.0005 39
1646511665510 0.00025 40
1646511672720 0.00025 41
1646511678819 0.00025 42
1646511683554 0.00025 43
1646511688307 0.00025 44
1646511693057 0.00025 45
1646511697825 0.00025 46
1646511702594 0.00025 47
1646511707368 0.00025 48
1646511712143 0.00025 49
1646511716933 0.00025 50
1646511721723 0.00025 51
1646511726525 0.00025 52
1646511732658 0.00025 53
1646511737418 0.00025 54
1646511742197 0.00025 55
1646511747000 0.00025 56
1646511751799 0.00025 57
1646511756590 0.00025 58
1646511761393 0.00025 59
1646511766200 0.000125 60
1646511772359 0.000125 61
1646511777717 0.000125 62
1646511782503 0.000125 63
1646511787300 0.000125 64
1646511793433 0.000125 65
1646511798193 0.000125 66
1646511803014 0.000125 67
1646511807816 0.000125 68
1646511812624 0.000125 69
1646511817424 0.000125 70
1646511822237 0.000125 71
1646511827044 0.000125 72
1646511831858 0.000125 73
1646511836673 0.000125 74
1646511841486 0.000125 75
1646511846300 0.000125 76
1646511851123 0.000125 77
1646511855941 0.000125 78
1646511860757 0.000125 79
1646511865577 6.25e-05 80
1646511870389 6.25e-05 81
1646511875210 6.25e-05 82
1646511880021 6.25e-05 83
1646511884843 6.25e-05 84
1646511889660 6.25e-05 85
1646511894493 6.25e-05 86
1646511900415 6.25e-05 87
1646511905232 6.25e-05 88
1646511910040 6.25e-05 89
1646511914860 6.25e-05 90
1646511919685 6.25e-05 91
1646511924513 6.25e-05 92
1646511929333 6.25e-05 93
1646511934162 6.25e-05 94
1646511938981 6.25e-05 95
1646511943808 6.25e-05 96
1646511948639 6.25e-05 97
1646511953474 6.25e-05 98
1646511958295 6.25e-05 99
