1646511438319 24.879807692307693 0
1646511447872 36.217948717948715 1
1646511457477 42.42788461538461 2
1646511464709 47.67628205128205 3
1646511471941 53.76602564102564 4
1646511476596 57.67227564102564 5
1646511485001 59.3349358974359 6
1646511489666 64.44310897435898 7
1646511496860 67.82852564102564 8
1646511501522 70.09214743589743 9
1646511507563 70.37259615384616 10
1646511513334 74.41907051282051 11
1646511520361 74.85977564102564 12
1646511525036 74.9198717948718 13
1646511529769 77.18349358974359 14
1646511534453 78.2451923076923 15
1646511541703 80.02804487179488 16
1646511546387 81.75080128205128 17
1646511552445 81.51041666666667 18
1646511558509 82.25160256410257 19
1646511565647 86.11778846153847 20
1646511573111 87.15945512820512 21
1646511577805 88.42147435897436 22
1646511582499 89.42307692307692 23
1646511587196 89.8036858974359 24
1646511591904 90.6650641025641 25
1646511597988 90.5849358974359 26
1646511602697 90.90544871794872 27
1646511607408 91.16586538461539 28
1646511612119 92.00721153846153 29
1646511616829 91.60657051282051 30
1646511621541 91.62660256410257 31
1646511626255 91.74679487179488 32
1646511630971 93.28926282051282 33
1646511635692 93.16907051282051 34
1646511640428 93.89022435897436 35
1646511645177 93.58974358974359 36
1646511651281 93.58974358974359 37
1646511656017 94.23076923076923 38
1646511660766 94.6514423076923 39
1646511665516 95.79326923076923 40
1646511672727 97.11538461538461 41
1646511678826 97.31570512820512 42
1646511683560 97.55608974358974 43
1646511688314 97.89663461538461 44
1646511693064 98.21714743589743 45
1646511697832 98.15705128205128 46
1646511702602 97.89663461538461 47
1646511707376 97.93669871794872 48
1646511712151 98.37740384615384 49
1646511716940 98.33733974358974 50
1646511721730 98.23717948717949 51
1646511726531 98.75801282051282 52
1646511732665 98.53766025641026 53
1646511737426 98.27724358974359 54
1646511742206 98.87820512820512 55
1646511747008 98.3573717948718 56
1646511751807 97.83653846153847 57
1646511756598 98.53766025641026 58
1646511761401 98.21714743589743 59
1646511766209 99.11858974358974 60
1646511772966 99.41907051282051 61
1646511777723 99.45913461538461 62
1646511782511 99.69951923076923 63
1646511787307 99.57932692307692 64
1646511793440 99.65945512820512 65
1646511798202 99.81971153846153 66
1646511803022 99.65945512820512 67
1646511807824 99.63942307692308 68
1646511812632 99.63942307692308 69
1646511817433 99.59935897435898 70
1646511822245 99.49919871794872 71
1646511827052 99.51923076923077 72
1646511831867 99.43910256410257 73
1646511836681 99.41907051282051 74
1646511841494 99.01842948717949 75
1646511846308 99.49919871794872 76
1646511851131 99.47916666666667 77
1646511855949 99.67948717948718 78
1646511860765 99.45913461538461 79
1646511865585 99.73958333333333 80
1646511870398 99.75961538461539 81
1646511875218 99.77964743589743 82
1646511880030 99.89983974358974 83
1646511884851 99.83974358974359 84
1646511889668 99.73958333333333 85
1646511895560 99.89983974358974 86
1646511900422 99.8798076923077 87
1646511905239 99.77964743589743 88
1646511910048 99.8798076923077 89
1646511914868 99.77964743589743 90
1646511919693 99.85977564102564 91
1646511924521 99.81971153846153 92
1646511929341 99.71955128205128 93
1646511934170 99.89983974358974 94
1646511938989 99.85977564102564 95
1646511943816 99.85977564102564 96
1646511948648 99.79967948717949 97
1646511953483 99.71955128205128 98
1646511958303 99.89983974358974 99
