1646511438315 2.1594220216457662 0
1646511447868 1.8185973534217248 1
1646511457473 1.6583817708186614 2
1646511464704 1.5164373348920772 3
1646511471938 1.3650710980097454 4
1646511476593 1.22473554733472 5
1646511484998 1.1792135941676605 6
1646511489663 1.0442457183813438 7
1646511496857 0.9611623669281985 8
1646511501518 0.9056556087273818 9
1646511507558 0.8613487527920649 10
1646511512600 0.7677505199725811 11
1646511520358 0.7339119544396033 12
1646511525032 0.7138835245218033 13
1646511529764 0.6632400093934475 14
1646511534448 0.6265352811568823 15
1646511541700 0.5817631895725544 16
1646511546383 0.5319371529114552 17
1646511552441 0.5469811520515344 18
1646511558505 0.508639775789701 19
1646511564934 0.40069709412562543 20
1646511573107 0.36132345711573577 21
1646511577802 0.33773235709239274 22
1646511582495 0.3139123118076569 23
1646511587191 0.29775669635870516 24
1646511591900 0.2736424864866795 25
1646511597984 0.2586077463168364 26
1646511602693 0.2679357417883017 27
1646511607404 0.2485495129456887 28
1646511612114 0.221306514663574 29
1646511616826 0.23458532415903532 30
1646511621537 0.2335781882970761 31
1646511626251 0.22965062543367729 32
1646511630968 0.20047656083718324 33
1646511635688 0.18242299040922752 34
1646511640424 0.1767083438925254 35
1646511645173 0.18384671516907522 36
1646511651278 0.17926931190185058 37
1646511656013 0.1562558223421757 38
1646511660762 0.1580575013007873 39
1646511665513 0.12456326463665718 40
1646511672723 0.08429671451449394 41
1646511678822 0.08597469721467067 42
1646511683556 0.07519480323371215 43
1646511688309 0.06507401736691976 44
1646511693060 0.05641528739570043 45
1646511697828 0.058650141868453756 46
1646511702597 0.062697108500661 47
1646511707371 0.06543827128524964 48
1646511712146 0.054141916668949984 49
1646511716936 0.05514479846430895 50
1646511721726 0.05266179755712167 51
1646511726528 0.04310101232467554 52
1646511732661 0.05061530675261448 53
1646511737421 0.05118847160767286 54
1646511742201 0.04249690590092005 55
1646511747003 0.050882336898491934 56
1646511751802 0.0628673915202037 57
1646511756593 0.04872260882686346 58
1646511761396 0.053921258865067594 59
1646511766204 0.03505077468565641 60
1646511772750 0.02534787793858693 61
1646511777719 0.023250798802249707 62
1646511782506 0.016811544708430003 63
1646511787302 0.01820031000683323 64
1646511793435 0.015835020655336287 65
1646511798197 0.013669440731740532 66
1646511803017 0.01483015776373064 67
1646511807819 0.016679694541753866 68
1646511812627 0.017656808456358235 69
1646511817427 0.015767470969317052 70
1646511822240 0.019001588094024323 71
1646511827047 0.015162857374749504 72
1646511831861 0.02104021354506795 73
1646511836676 0.021156899607143342 74
1646511841489 0.02644820062395854 75
1646511846303 0.01945879116940957 76
1646511851126 0.018345414236999858 77
1646511855945 0.01795464515303954 78
1646511860761 0.019023237475313436 79
1646511865580 0.012712611619812937 80
1646511870392 0.011885680998556124 81
1646511875213 0.010594041230013737 82
1646511880025 0.008591266981779765 83
1646511884846 0.008825607932148835 84
1646511889663 0.010581280701817611 85
1646511894847 0.007817513909405814 86
1646511900418 0.008253217122565286 87
1646511905235 0.010377027124214249 88
1646511910043 0.007210480756699466 89
1646511914863 0.009607651515696675 90
1646511919688 0.007615486216635849 91
1646511924517 0.008579678517073775 92
1646511929336 0.00866824931029278 93
1646511934165 0.007212302301270075 94
1646511938984 0.007760988855853868 95
1646511943811 0.006235496708168051 96
1646511948642 0.007703404739284172 97
1646511953478 0.008596839278769225 98
1646511958299 0.005911913743684403 99
