1646515626104 0 0
1646515643815 30.11592741935484 1
1646515661582 39.56653225806452 2
1646515679373 49.52116935483871 3
1646515696711 49.52116935483871 4
1646515714528 52.49495967741935 5
1646515731229 52.49495967741935 6
1646515747933 52.49495967741935 7
1646515765734 52.797379032258064 8
1646515782433 52.797379032258064 9
1646515800293 56.628024193548384 10
1646515816995 56.628024193548384 11
1646515833702 56.628024193548384 12
1646515850409 56.628024193548384 13
1646515867116 56.628024193548384 14
1646515883826 56.628024193548384 15
1646515900526 56.628024193548384 16
1646515917238 56.628024193548384 17
1646515933951 56.628024193548384 18
1646515950667 56.628024193548384 19
1646515967379 56.628024193548384 20
1646515984092 56.628024193548384 21
1646516001329 56.628024193548384 22
1646516018044 56.628024193548384 23
1646516034839 56.628024193548384 24
1646516051550 56.628024193548384 25
1646516068266 56.628024193548384 26
1646516084972 56.628024193548384 27
1646516101959 56.628024193548384 28
1646516118667 56.628024193548384 29
1646516135387 56.628024193548384 30
1646516152101 56.628024193548384 31
1646516168814 56.628024193548384 32
1646516185528 56.628024193548384 33
1646516202243 56.628024193548384 34
1646516218964 56.628024193548384 35
1646516236263 56.628024193548384 36
1646516252975 56.628024193548384 37
1646516269692 56.628024193548384 38
1646516286410 56.628024193548384 39
1646516303133 56.628024193548384 40
1646516319852 56.628024193548384 41
1646516336567 56.628024193548384 42
1646516353281 56.628024193548384 43
1646516369997 56.628024193548384 44
1646516386716 56.628024193548384 45
1646516403432 56.628024193548384 46
1646516420145 56.628024193548384 47
1646516436859 56.628024193548384 48
1646516453577 56.628024193548384 49
1646516470288 56.628024193548384 50
1646516486999 56.628024193548384 51
1646516503715 56.628024193548384 52
1646516520431 56.628024193548384 53
1646516537150 56.628024193548384 54
1646516553865 56.628024193548384 55
1646516570583 56.628024193548384 56
1646516587288 56.628024193548384 57
1646516603998 56.628024193548384 58
1646516620701 56.628024193548384 59
1646516637422 56.628024193548384 60
1646516654134 56.628024193548384 61
1646516670850 56.628024193548384 62
1646516687565 56.628024193548384 63
1646516704281 56.628024193548384 64
1646516720991 56.628024193548384 65
1646516737706 56.628024193548384 66
1646516754423 56.628024193548384 67
1646516771145 56.628024193548384 68
1646516787864 56.628024193548384 69
1646516804588 56.628024193548384 70
1646516821318 56.628024193548384 71
1646516838041 56.628024193548384 72
1646516854757 56.628024193548384 73
1646516871472 56.628024193548384 74
1646516888195 56.628024193548384 75
1646516904915 56.628024193548384 76
1646516921631 56.628024193548384 77
1646516938352 56.628024193548384 78
1646516955071 56.628024193548384 79
1646516971780 56.628024193548384 80
1646516988495 56.628024193548384 81
1646517005213 56.628024193548384 82
1646517021925 56.628024193548384 83
1646517038631 56.628024193548384 84
1646517055344 56.628024193548384 85
1646517072056 56.628024193548384 86
1646517088767 56.628024193548384 87
1646517105475 56.628024193548384 88
1646517122181 56.628024193548384 89
1646517138891 56.628024193548384 90
1646517155599 56.628024193548384 91
1646517172306 56.628024193548384 92
1646517189018 56.628024193548384 93
1646517205725 56.628024193548384 94
1646517222438 56.628024193548384 95
1646517239146 56.628024193548384 96
1646517255860 56.628024193548384 97
1646517272575 56.628024193548384 98
1646517289291 56.628024193548384 99
