1646515626092 0.001 0
1646515643803 0.001 1
1646515661570 0.001 2
1646515679360 0.001 3
1646515696051 0.001 4
1646515714515 0.001 5
1646515731218 0.001 6
1646515747921 0.001 7
1646515765722 0.001 8
1646515782421 0.001 9
1646515800280 0.001 10
1646515816983 0.001 11
1646515833690 0.001 12
1646515850397 0.001 13
1646515867104 0.001 14
1646515883814 0.001 15
1646515900515 0.001 16
1646515917225 0.001 17
1646515933937 0.001 18
1646515950654 0.001 19
1646515967366 0.0005 20
1646515984079 0.0005 21
1646516000790 0.0005 22
1646516018030 0.0005 23
1646516034747 0.0005 24
1646516051538 0.0005 25
1646516068253 0.0005 26
1646516084960 0.0005 27
1646516101947 0.0005 28
1646516118654 0.0005 29
1646516135375 0.0005 30
1646516152089 0.0005 31
1646516168801 0.0005 32
1646516185514 0.0005 33
1646516202230 0.0005 34
1646516218951 0.0005 35
1646516236251 0.0005 36
1646516252963 0.0005 37
1646516269677 0.0005 38
1646516286398 0.0005 39
1646516303113 0.00025 40
1646516319838 0.00025 41
1646516336553 0.00025 42
1646516353268 0.00025 43
1646516369984 0.00025 44
1646516386704 0.00025 45
1646516403421 0.00025 46
1646516420134 0.00025 47
1646516436847 0.00025 48
1646516453564 0.00025 49
1646516470276 0.00025 50
1646516486986 0.00025 51
1646516503703 0.00025 52
1646516520420 0.00025 53
1646516537138 0.00025 54
1646516553853 0.00025 55
1646516570571 0.00025 56
1646516587276 0.00025 57
1646516603985 0.00025 58
1646516620686 0.00025 59
1646516637410 0.000125 60
1646516654120 0.000125 61
1646516670838 0.000125 62
1646516687551 0.000125 63
1646516704268 0.000125 64
1646516720979 0.000125 65
1646516737695 0.000125 66
1646516754409 0.000125 67
1646516771133 0.000125 68
1646516787851 0.000125 69
1646516804574 0.000125 70
1646516821301 0.000125 71
1646516838027 0.000125 72
1646516854746 0.000125 73
1646516871459 0.000125 74
1646516888182 0.000125 75
1646516904901 0.000125 76
1646516921618 0.000125 77
1646516938340 0.000125 78
1646516955058 0.000125 79
1646516971766 6.25e-05 80
1646516988483 6.25e-05 81
1646517005199 6.25e-05 82
1646517021913 6.25e-05 83
1646517038618 6.25e-05 84
1646517055332 6.25e-05 85
1646517072043 6.25e-05 86
1646517088754 6.25e-05 87
1646517105462 6.25e-05 88
1646517122169 6.25e-05 89
1646517138878 6.25e-05 90
1646517155587 6.25e-05 91
1646517172295 6.25e-05 92
1646517189007 6.25e-05 93
1646517205714 6.25e-05 94
1646517222427 6.25e-05 95
1646517239134 6.25e-05 96
1646517255847 6.25e-05 97
1646517272562 6.25e-05 98
1646517289277 6.25e-05 99
