1646515626099 28.94965277777778 0
1646515643810 51.99652777777778 1
1646515661578 61.87789351851852 2
1646515679369 68.17129629629629 3
1646515696706 72.68518518518519 4
1646515714524 75.56423611111111 5
1646515731225 79.49942129629629 6
1646515747929 81.36574074074075 7
1646515765730 83.23206018518519 8
1646515782429 85.59027777777777 9
1646515800288 86.3425925925926 10
1646515816990 89.39525462962963 11
1646515833698 90.36458333333333 12
1646515850404 90.95775462962963 13
1646515867111 90.88541666666667 14
1646515883822 92.88194444444444 15
1646515900523 92.5925925925926 16
1646515917232 93.75 17
1646515933946 93.7644675925926 18
1646515950662 94.21296296296296 19
1646515967374 96.84606481481481 20
1646515984088 98.27835648148148 21
1646516001323 98.55324074074075 22
1646516018039 98.8425925925926 23
1646516034834 98.79918981481481 24
1646516051546 99.10300925925925 25
1646516068261 98.8136574074074 26
1646516084968 99.03067129629629 27
1646516101955 99.14641203703704 28
1646516118662 98.64004629629629 29
1646516135383 98.56770833333333 30
1646516152097 98.95833333333333 31
1646516168810 98.77025462962963 32
1646516185523 99.00173611111111 33
1646516202239 98.75578703703704 34
1646516218959 98.77025462962963 35
1646516236259 98.72685185185185 36
1646516252971 98.52430555555556 37
1646516269688 98.59664351851852 38
1646516286406 98.4375 39
1646516303124 99.42129629629629 40
1646516319847 99.5949074074074 41
1646516336561 99.75405092592592 42
1646516353276 99.81192129629629 43
1646516369992 99.84085648148148 44
1646516386712 99.76851851851852 45
1646516403428 99.69618055555556 46
1646516420141 99.72511574074075 47
1646516436855 99.82638888888889 48
1646516453572 99.75405092592592 49
1646516470283 99.81192129629629 50
1646516486993 99.85532407407408 51
1646516503710 99.66724537037037 52
1646516520427 99.86979166666667 53
1646516537146 99.84085648148148 54
1646516553860 99.609375 55
1646516570578 99.63831018518519 56
1646516587284 99.69618055555556 57
1646516603993 99.76851851851852 58
1646516620695 99.68171296296296 59
1646516637418 99.81192129629629 60
1646516654128 99.86979166666667 61
1646516670846 99.89872685185185 62
1646516687559 99.89872685185185 63
1646516704276 99.97106481481481 64
1646516720987 99.86979166666667 65
1646516737702 99.86979166666667 66
1646516754418 99.89872685185185 67
1646516771141 99.88425925925925 68
1646516787859 99.91319444444444 69
1646516804583 99.89872685185185 70
1646516821312 99.91319444444444 71
1646516838035 99.89872685185185 72
1646516854752 99.88425925925925 73
1646516871467 99.92766203703704 74
1646516888190 99.97106481481481 75
1646516904909 99.89872685185185 76
1646516921627 99.91319444444444 77
1646516938348 99.85532407407408 78
1646516955066 99.89872685185185 79
1646516971775 99.94212962962963 80
1646516988491 99.97106481481481 81
1646517005208 99.92766203703704 82
1646517021920 99.91319444444444 83
1646517038626 99.95659722222223 84
1646517055340 99.97106481481481 85
1646517072052 99.97106481481481 86
1646517088762 99.95659722222223 87
1646517105469 99.95659722222223 88
1646517122176 99.91319444444444 89
1646517138886 99.89872685185185 90
1646517155595 99.92766203703704 91
1646517172302 99.9855324074074 92
1646517189014 99.94212962962963 93
1646517205721 99.97106481481481 94
1646517222434 99.95659722222223 95
1646517239142 99.95659722222223 96
1646517255855 99.91319444444444 97
1646517272570 99.91319444444444 98
1646517289285 99.9855324074074 99
