1646515626095 3.859624207019806 0
1646515643806 1.6604261199633281 1
1646515661573 1.2694470396748296 2
1646515679364 1.0534634082405656 3
1646515696405 0.8960496209285878 4
1646515714518 0.7837736198195705 5
1646515731221 0.6719111126882059 6
1646515747924 0.5937298083746875 7
1646515765725 0.5389054191333277 8
1646515782424 0.45991278025839066 9
1646515800283 0.41966214886418096 10
1646515816986 0.35624790881518964 11
1646515833693 0.31631964169166704 12
1646515850400 0.303117130641584 13
1646515867107 0.29103032251199085 14
1646515883817 0.24300110505686867 15
1646515900518 0.23440014019056601 16
1646515917228 0.2186774531448329 17
1646515933941 0.2041392762351919 18
1646515950657 0.19133690013377755 19
1646515967369 0.11328774297402965 20
1646515984082 0.07770170947467839 21
1646516001179 0.06247241215573417 22
1646516018033 0.05571168750800468 23
1646516034828 0.05175277294108161 24
1646516051541 0.04578987295152964 25
1646516068256 0.05104139964613649 26
1646516084964 0.0475658330100554 27
1646516101950 0.044404942645794816 28
1646516118657 0.055077519060836896 29
1646516135378 0.05603073720164873 30
1646516152092 0.04378703081359466 31
1646516168805 0.05163969951509326 32
1646516185517 0.04554358210966543 33
1646516202234 0.04968890447721437 34
1646516218954 0.04931057154856346 35
1646516236254 0.0536547698666928 36
1646516252966 0.0542776134830934 37
1646516269683 0.050192261959805536 38
1646516286401 0.05590128288086918 39
1646516303117 0.03534185724263942 40
1646516319842 0.019544365013846092 41
1646516336557 0.015197296635489221 42
1646516353271 0.014333893691569014 43
1646516369988 0.012079858971345756 44
1646516386707 0.01303868002637669 45
1646516403424 0.013835048829032867 46
1646516420137 0.015332137812273923 47
1646516436850 0.011289962006870794 48
1646516453567 0.014153540673389755 49
1646516470279 0.011511022970942711 50
1646516486989 0.009754066631473877 51
1646516503705 0.012485208373551292 52
1646516520423 0.009971192037617718 53
1646516537141 0.010540858950224464 54
1646516553856 0.015556432242091332 55
1646516570574 0.017727200571378623 56
1646516587280 0.013599552727235412 57
1646516603989 0.012169900139000404 58
1646516620689 0.013463783362466428 59
1646516637413 0.010951854060059068 60
1646516654123 0.008188419966717009 61
1646516670841 0.00665728104542251 62
1646516687554 0.0072256346918746 63
1646516704271 0.005841487781489613 64
1646516720983 0.007500758791273391 65
1646516737698 0.006576414646891256 66
1646516754412 0.00638666811088721 67
1646516771136 0.005680544705009433 68
1646516787854 0.005051135881027828 69
1646516804577 0.005488981844219206 70
1646516821307 0.005748014414200076 71
1646516838030 0.005432774683598567 72
1646516854748 0.005451546236010337 73
1646516871462 0.006197577549351586 74
1646516888185 0.0040407664125302325 75
1646516904904 0.00524901413505345 76
1646516921621 0.005177411643132844 77
1646516938343 0.006830455616754653 78
1646516955061 0.006100620130180485 79
1646516971769 0.004549560333274443 80
1646516988486 0.0038989203533640613 81
1646517005202 0.004665907709514377 82
1646517021916 0.004526406004852442 83
1646517038621 0.0035864282873700614 84
1646517055335 0.0034167996900914994 85
1646517072046 0.0036587654052440215 86
1646517088757 0.0030966711152965822 87
1646517105465 0.003354936280865567 88
1646517122172 0.004268451977555675 89
1646517138881 0.004883040639537352 90
1646517155590 0.003910651638526125 91
1646517172297 0.0029237358658402053 92
1646517189009 0.0037798060242224623 93
1646517205716 0.003326556285308605 94
1646517222430 0.003260399027365363 95
1646517239137 0.003451845313301655 96
1646517255850 0.004708169715875691 97
1646517272565 0.004831238991486047 98
1646517289281 0.0031062557180929515 99
