1646526138678 0 0
1646526160556 5.691964285714286 1
1646526182360 8.203125 2
1646526204190 10.033482142857142 3
1646526226090 14.430803571428571 4
1646526247938 16.160714285714285 5
1646526269788 20.502232142857142 6
1646526291640 23.459821428571427 7
1646526313563 25.368303571428573 8
1646526335434 27.399553571428573 9
1646526357317 30.658482142857142 10
1646526377825 30.658482142857142 11
1646526399698 31.674107142857142 12
1646526420209 31.674107142857142 13
1646526442146 32.232142857142854 14
1646526462660 32.232142857142854 15
1646526484551 35.15625 16
1646526505085 35.15625 17
1646526525625 35.15625 18
1646526546171 35.15625 19
1646526566708 35.15625 20
1646526587256 35.15625 21
1646526607797 35.15625 22
1646526628336 35.15625 23
1646526648878 35.15625 24
1646526669421 35.15625 25
1646526689963 35.15625 26
1646526710508 35.15625 27
1646526731046 35.15625 28
1646526751591 35.15625 29
1646526772135 35.15625 30
1646526792675 35.15625 31
1646526813219 35.15625 32
1646526833765 35.15625 33
1646526855085 35.15625 34
1646526875622 35.15625 35
1646526896158 35.15625 36
1646526916697 35.15625 37
1646526937240 35.15625 38
1646526957783 35.15625 39
1646526978843 35.15625 40
1646526999386 35.15625 41
1646527019921 35.15625 42
1646527040463 35.15625 43
1646527060999 35.15625 44
1646527081541 35.15625 45
1646527102081 35.15625 46
1646527122623 35.15625 47
1646527143160 35.15625 48
1646527163705 35.15625 49
1646527184249 35.15625 50
1646527204793 35.15625 51
1646527225330 35.15625 52
1646527245867 35.15625 53
1646527266405 35.15625 54
1646527286943 35.15625 55
1646527307480 35.15625 56
1646527328019 35.15625 57
1646527348556 35.15625 58
1646527369096 35.15625 59
1646527389629 35.15625 60
1646527410166 35.15625 61
1646527430702 35.15625 62
1646527451243 35.15625 63
1646527471779 35.15625 64
1646527492556 35.15625 65
1646527513097 35.15625 66
1646527533634 35.15625 67
1646527554168 35.15625 68
1646527574705 35.15625 69
1646527595247 35.15625 70
1646527615784 35.15625 71
1646527636311 35.15625 72
1646527656839 35.15625 73
1646527677385 35.15625 74
1646527697930 35.15625 75
1646527718465 35.15625 76
1646527738999 35.15625 77
1646527759536 35.15625 78
1646527780121 35.15625 79
1646527800655 35.15625 80
1646527821201 35.15625 81
1646527841741 35.15625 82
1646527862765 35.15625 83
1646527883305 35.15625 84
1646527903845 35.15625 85
1646527924390 35.15625 86
1646527944932 35.15625 87
1646527965473 35.15625 88
1646527986016 35.15625 89
1646528006557 35.15625 90
1646528027096 35.15625 91
1646528047637 35.15625 92
1646528068179 35.15625 93
1646528088720 35.15625 94
1646528109259 35.15625 95
1646528129805 35.15625 96
1646528150343 35.15625 97
1646528170885 35.15625 98
1646528191424 35.15625 99
