1646526138667 0.001 0
1646526160543 0.001 1
1646526182349 0.001 2
1646526204181 0.001 3
1646526226079 0.001 4
1646526247925 0.001 5
1646526269776 0.001 6
1646526291630 0.001 7
1646526313551 0.001 8
1646526335421 0.001 9
1646526357305 0.001 10
1646526377812 0.001 11
1646526399685 0.001 12
1646526420196 0.001 13
1646526442134 0.001 14
1646526462647 0.001 15
1646526484538 0.001 16
1646526505072 0.001 17
1646526525612 0.001 18
1646526546159 0.001 19
1646526566696 0.0005 20
1646526587243 0.0005 21
1646526607786 0.0005 22
1646526628326 0.0005 23
1646526648867 0.0005 24
1646526669410 0.0005 25
1646526689951 0.0005 26
1646526710495 0.0005 27
1646526731035 0.0005 28
1646526751580 0.0005 29
1646526772123 0.0005 30
1646526792662 0.0005 31
1646526813206 0.0005 32
1646526833752 0.0005 33
1646526854294 0.0005 34
1646526875613 0.0005 35
1646526896148 0.0005 36
1646526916683 0.0005 37
1646526937225 0.0005 38
1646526957771 0.0005 39
1646526978832 0.00025 40
1646526999377 0.00025 41
1646527019910 0.00025 42
1646527040451 0.00025 43
1646527060989 0.00025 44
1646527081527 0.00025 45
1646527102066 0.00025 46
1646527122609 0.00025 47
1646527143148 0.00025 48
1646527163691 0.00025 49
1646527184234 0.00025 50
1646527204780 0.00025 51
1646527225317 0.00025 52
1646527245854 0.00025 53
1646527266392 0.00025 54
1646527286930 0.00025 55
1646527307466 0.00025 56
1646527328005 0.00025 57
1646527348543 0.00025 58
1646527369082 0.00025 59
1646527389616 0.000125 60
1646527410152 0.000125 61
1646527430689 0.000125 62
1646527451230 0.000125 63
1646527471767 0.000125 64
1646527492544 0.000125 65
1646527513084 0.000125 66
1646527533621 0.000125 67
1646527554156 0.000125 68
1646527574692 0.000125 69
1646527595235 0.000125 70
1646527615771 0.000125 71
1646527636298 0.000125 72
1646527656826 0.000125 73
1646527677372 0.000125 74
1646527697917 0.000125 75
1646527718454 0.000125 76
1646527738986 0.000125 77
1646527759524 0.000125 78
1646527780110 0.000125 79
1646527800643 6.25e-05 80
1646527821188 6.25e-05 81
1646527841729 6.25e-05 82
1646527862753 6.25e-05 83
1646527883293 6.25e-05 84
1646527903833 6.25e-05 85
1646527924378 6.25e-05 86
1646527944920 6.25e-05 87
1646527965461 6.25e-05 88
1646527986003 6.25e-05 89
1646528006545 6.25e-05 90
1646528027084 6.25e-05 91
1646528047623 6.25e-05 92
1646528068167 6.25e-05 93
1646528088707 6.25e-05 94
1646528109247 6.25e-05 95
1646528129792 6.25e-05 96
1646528150331 6.25e-05 97
1646528170871 6.25e-05 98
1646528191410 6.25e-05 99
