1646526138674 23.017939814814813 0
1646526160551 36.545138888888886 1
1646526182356 42.62152777777778 2
1646526204187 47.8443287037037 3
1646526226087 52.097800925925924 4
1646526247933 55.55555555555556 5
1646526269784 58.058449074074076 6
1646526291637 60.995370370370374 7
1646526313559 62.91956018518518 8
1646526335429 64.59780092592592 9
1646526357313 66.66666666666667 10
1646526377821 69.61805555555556 11
1646526399693 72.265625 12
1646526420204 73.37962962962963 13
1646526442142 75.7957175925926 14
1646526462655 77.45949074074075 15
1646526484547 78.8917824074074 16
1646526505080 80.78703703703704 17
1646526525620 81.90104166666667 18
1646526546168 84.56307870370371 19
1646526566704 87.02256944444444 20
1646526587252 88.48379629629629 21
1646526607793 90.04629629629629 22
1646526628333 90.55266203703704 23
1646526648874 91.34837962962963 24
1646526669418 91.57986111111111 25
1646526689959 92.49131944444444 26
1646526710503 93.02662037037037 27
1646526731043 93.27256944444444 28
1646526751586 93.80787037037037 29
1646526772131 94.73379629629629 30
1646526792671 94.95081018518519 31
1646526813214 95.81886574074075 32
1646526833760 95.93460648148148 33
1646526855079 96.1082175925926 34
1646526875619 96.33969907407408 35
1646526896155 96.51331018518519 36
1646526916692 96.77372685185185 37
1646526937235 96.875 38
1646526957779 97.59837962962963 39
1646526978839 97.94560185185185 40
1646526999383 98.23495370370371 41
1646527019917 98.35069444444444 42
1646527040459 98.69791666666667 43
1646527060996 98.49537037037037 44
1646527081536 98.68344907407408 45
1646527102076 98.77025462962963 46
1646527122617 98.66898148148148 47
1646527143156 98.8425925925926 48
1646527163700 98.64004629629629 49
1646527184243 98.92939814814815 50
1646527204789 98.62557870370371 51
1646527225326 98.77025462962963 52
1646527245862 98.94386574074075 53
1646527266400 99.13194444444444 54
1646527286938 98.91493055555556 55
1646527307475 99.01620370370371 56
1646527328015 98.98726851851852 57
1646527348552 99.05960648148148 58
1646527369091 98.85706018518519 59
1646527389624 99.13194444444444 60
1646527410161 99.27662037037037 61
1646527430697 99.37789351851852 62
1646527451239 99.30555555555556 63
1646527471774 99.47916666666667 64
1646527492552 99.27662037037037 65
1646527513092 99.42129629629629 66
1646527533629 99.39236111111111 67
1646527554164 99.56597222222223 68
1646527574700 99.47916666666667 69
1646527595243 99.45023148148148 70
1646527615779 99.47916666666667 71
1646527636306 99.52256944444444 72
1646527656834 99.55150462962963 73
1646527677379 99.43576388888889 74
1646527697924 99.52256944444444 75
1646527718461 99.47916666666667 76
1646527738994 99.36342592592592 77
1646527759532 99.29108796296296 78
1646527780117 99.53703703703704 79
1646527800651 99.52256944444444 80
1646527821196 99.68171296296296 81
1646527841736 99.66724537037037 82
1646527862761 99.69618055555556 83
1646527883300 99.68171296296296 84
1646527903841 99.65277777777777 85
1646527924385 99.66724537037037 86
1646527944927 99.65277777777777 87
1646527965469 99.609375 88
1646527986011 99.58043981481481 89
1646528006553 99.5949074074074 90
1646528027091 99.58043981481481 91
1646528047631 99.65277777777777 92
1646528068175 99.75405092592592 93
1646528088715 99.65277777777777 94
1646528109254 99.66724537037037 95
1646528129800 99.72511574074075 96
1646528150339 99.66724537037037 97
1646528170880 99.71064814814815 98
1646528191419 99.72511574074075 99
