1646526138670 22.813321939221137 0
1646526160547 2.7698701178586043 1
1646526182352 2.421690607512439 2
1646526204183 2.1430058700067027 3
1646526226082 1.9219218911948028 4
1646526247928 1.764801394056391 5
1646526269779 1.606151399789033 6
1646526291632 1.468275613254971 7
1646526313554 1.3752226145179183 8
1646526335424 1.2788827518622081 9
1646526357308 1.190874037919221 10
1646526377816 1.0918776701997828 11
1646526399688 0.9935872422324287 12
1646526420200 0.9349973124486429 13
1646526442137 0.866079976161321 14
1646526462650 0.7919388380315568 15
1646526484542 0.7301954202078007 16
1646526505075 0.6598482882535016 17
1646526525616 0.624044566794678 18
1646526546163 0.5438265761843434 19
1646526566699 0.4632987827062607 20
1646526587246 0.4156058347887463 21
1646526607789 0.38725882382304583 22
1646526628329 0.3590305030897812 23
1646526648870 0.3428514693622236 24
1646526669413 0.32477181322044796 25
1646526689954 0.30766256153583527 26
1646526710499 0.2845765338451774 27
1646526731038 0.2705472343497806 28
1646526751582 0.2594126084888423 29
1646526772127 0.2262224778532982 30
1646526792665 0.21888097554997163 31
1646526813209 0.19181830187638602 32
1646526833755 0.17742277157527428 33
1646526854649 0.1747338581416342 34
1646526875616 0.16879060119390488 35
1646526896151 0.15394598300810214 36
1646526916687 0.1421190094616678 37
1646526937228 0.14504173011691482 38
1646526957774 0.12009579577931652 39
1646526978835 0.09949315021987315 40
1646526999379 0.08986591671903928 41
1646527019913 0.08512084613795634 42
1646527040454 0.0759422676982703 43
1646527060992 0.08105790828941045 44
1646527081531 0.07547786066101657 45
1646527102070 0.07165840254337699 46
1646527122612 0.07042468504773246 47
1646527143151 0.06554868527584606 48
1646527163695 0.06624681688845158 49
1646527184238 0.0628275347666608 50
1646527204784 0.0685534950138794 51
1646527225320 0.06214056978071177 52
1646527245857 0.05756204195872501 53
1646527266395 0.053048643869934256 54
1646527286933 0.05502665677556285 55
1646527307469 0.05818696185532543 56
1646527328009 0.054716516148161004 57
1646527348546 0.052112127688747865 58
1646527369085 0.056209903175908106 59
1646527389619 0.04501463559076742 60
1646527410155 0.04023110097343171 61
1646527430692 0.03968644166296279 62
1646527451233 0.03758322806270034 63
1646527471769 0.033408398308825714 64
1646527492548 0.0378138928639668 65
1646527513087 0.033195441864706854 66
1646527533624 0.032271960836455775 67
1646527554159 0.0319129073543957 68
1646527574696 0.031989342912479686 69
1646527595238 0.032537075863392266 70
1646527615774 0.031002330214337067 71
1646527636301 0.03326018009748724 72
1646527656829 0.030437620529146107 73
1646527677375 0.031403382343274576 74
1646527697920 0.02977033606213 75
1646527718457 0.029342119288803252 76
1646527738989 0.03172107201276554 77
1646527759527 0.03518713162177139 78
1646527780113 0.029882636490381427 79
1646527800646 0.026711884972259955 80
1646527821191 0.02413691530280091 81
1646527841732 0.02170053726338126 82
1646527862756 0.023538518041648245 83
1646527883296 0.0214752782550123 84
1646527903836 0.022405275868044958 85
1646527924381 0.020181270695670887 86
1646527944923 0.02104008303851717 87
1646527965464 0.02244236173660115 88
1646527986006 0.024660401011782664 89
1646528006548 0.023774004955258634 90
1646528027087 0.021689724315095832 91
1646528047626 0.022795317539324362 92
1646528068170 0.020611288612363516 93
1646528088710 0.021585246996471175 94
1646528109250 0.021981526269680925 95
1646528129795 0.018418020620528195 96
1646528150335 0.019086162128520233 97
1646528170875 0.01957316358608228 98
1646528191413 0.019529204522432002 99
