1646512008384 0 0
1646512025876 11.770833333333334 1
1646512042460 16.354166666666668 2
1646512059099 23.020833333333332 3
1646512075749 28.958333333333332 4
1646512092403 39.635416666666664 5
1646512109098 40.729166666666664 6
1646512125755 42.083333333333336 7
1646512142423 49.114583333333336 8
1646512159081 51.458333333333336 9
1646512175881 56.145833333333336 10
1646512192348 57.65625 11
1646512207801 57.65625 12
1646512224276 58.802083333333336 13
1646512240749 62.395833333333336 14
1646512256389 62.395833333333336 15
1646512271851 62.395833333333336 16
1646512287313 62.395833333333336 17
1646512302779 62.395833333333336 18
1646512319253 65.3125 19
1646512335538 65.3125 20
1646512353668 66.61458333333333 21
1646512371005 68.33333333333333 22
1646512386460 68.33333333333333 23
1646512401918 68.33333333333333 24
1646512417375 68.33333333333333 25
1646512432841 68.33333333333333 26
1646512448298 68.33333333333333 27
1646512463763 68.33333333333333 28
1646512479224 68.33333333333333 29
1646512494687 68.33333333333333 30
1646512510154 68.33333333333333 31
1646512525624 68.33333333333333 32
1646512541093 68.33333333333333 33
1646512557571 68.95833333333333 34
1646512573034 68.95833333333333 35
1646512588486 68.95833333333333 36
1646512603946 68.95833333333333 37
1646512619405 68.95833333333333 38
1646512634867 68.95833333333333 39
1646512650338 68.95833333333333 40
1646512665805 68.95833333333333 41
1646512681271 68.95833333333333 42
1646512697750 69.01041666666667 43
1646512713211 69.01041666666667 44
1646512728679 69.01041666666667 45
1646512744144 69.01041666666667 46
1646512759610 69.01041666666667 47
1646512775074 69.01041666666667 48
1646512790539 69.01041666666667 49
1646512805998 69.01041666666667 50
1646512822471 69.84375 51
1646512837927 69.84375 52
1646512853380 69.84375 53
1646512868841 69.84375 54
1646512884297 69.84375 55
1646512899756 69.84375 56
1646512915211 69.84375 57
1646512930672 69.84375 58
1646512946133 69.84375 59
1646512961594 69.84375 60
1646512977054 69.84375 61
1646512992513 69.84375 62
1646513007971 69.84375 63
1646513023430 69.84375 64
1646513038889 69.84375 65
1646513054350 69.84375 66
1646513069816 69.84375 67
1646513085280 69.84375 68
1646513100745 69.84375 69
1646513116206 69.84375 70
1646513131669 69.84375 71
1646513147139 69.84375 72
1646513162605 69.84375 73
1646513178069 69.84375 74
1646513193532 69.84375 75
1646513209042 69.84375 76
1646513224507 69.84375 77
1646513239976 69.84375 78
1646513255436 69.84375 79
1646513270895 69.84375 80
1646513286356 69.84375 81
1646513301817 69.84375 82
1646513317274 69.84375 83
1646513332737 69.84375 84
1646513348199 69.84375 85
1646513363661 69.84375 86
1646513379121 69.84375 87
1646513394578 69.84375 88
1646513410035 69.84375 89
1646513425501 69.84375 90
1646513440963 69.84375 91
1646513456429 69.84375 92
1646513471890 69.84375 93
1646513487355 69.84375 94
1646513502819 69.84375 95
1646513518283 69.84375 96
1646513533741 69.84375 97
1646513549200 69.84375 98
1646513564662 69.84375 99
