1646512006424 0.001 0
1646512025866 0.001 1
1646512042342 0.001 2
1646512058914 0.001 3
1646512075610 0.001 4
1646512092203 0.001 5
1646512108886 0.001 6
1646512125612 0.001 7
1646512142227 0.001 8
1646512158872 0.001 9
1646512175871 0.001 10
1646512192336 0.001 11
1646512207791 0.001 12
1646512224263 0.001 13
1646512240738 0.001 14
1646512256203 0.001 15
1646512271840 0.001 16
1646512287305 0.001 17
1646512302768 0.001 18
1646512319240 0.001 19
1646512334700 0.0005 20
1646512352016 0.0005 21
1646512370995 0.0005 22
1646512386449 0.0005 23
1646512401906 0.0005 24
1646512417364 0.0005 25
1646512432828 0.0005 26
1646512448288 0.0005 27
1646512463750 0.0005 28
1646512479212 0.0005 29
1646512494674 0.0005 30
1646512510141 0.0005 31
1646512525612 0.0005 32
1646512541081 0.0005 33
1646512557560 0.0005 34
1646512573022 0.0005 35
1646512588476 0.0005 36
1646512603935 0.0005 37
1646512619395 0.0005 38
1646512634857 0.0005 39
1646512650326 0.00025 40
1646512665795 0.00025 41
1646512681259 0.00025 42
1646512697739 0.00025 43
1646512713201 0.00025 44
1646512728669 0.00025 45
1646512744134 0.00025 46
1646512759598 0.00025 47
1646512775063 0.00025 48
1646512790528 0.00025 49
1646512805988 0.00025 50
1646512822459 0.00025 51
1646512837915 0.00025 52
1646512853368 0.00025 53
1646512868828 0.00025 54
1646512884285 0.00025 55
1646512899746 0.00025 56
1646512915201 0.00025 57
1646512930661 0.00025 58
1646512946123 0.00025 59
1646512961582 0.000125 60
1646512977042 0.000125 61
1646512992501 0.000125 62
1646513007960 0.000125 63
1646513023419 0.000125 64
1646513038877 0.000125 65
1646513054339 0.000125 66
1646513069804 0.000125 67
1646513085269 0.000125 68
1646513100731 0.000125 69
1646513116193 0.000125 70
1646513131657 0.000125 71
1646513147127 0.000125 72
1646513162594 0.000125 73
1646513178060 0.000125 74
1646513193520 0.000125 75
1646513209030 0.000125 76
1646513224496 0.000125 77
1646513239964 0.000125 78
1646513255424 0.000125 79
1646513270881 6.25e-05 80
1646513286343 6.25e-05 81
1646513301804 6.25e-05 82
1646513317261 6.25e-05 83
1646513332726 6.25e-05 84
1646513348187 6.25e-05 85
1646513363648 6.25e-05 86
1646513379107 6.25e-05 87
1646513394565 6.25e-05 88
1646513410024 6.25e-05 89
1646513425489 6.25e-05 90
1646513440953 6.25e-05 91
1646513456418 6.25e-05 92
1646513471879 6.25e-05 93
1646513487343 6.25e-05 94
1646513502808 6.25e-05 95
1646513518271 6.25e-05 96
1646513533729 6.25e-05 97
1646513549188 6.25e-05 98
1646513564651 6.25e-05 99
