1646512006836 35.08299470830847 0
1646512025868 2.831583279150504 1
1646512042452 2.4715858786194413 2
1646512059089 2.1998324637059814 3
1646512075739 1.9454533612286602 4
1646512092392 1.721639045962581 5
1646512109088 1.5274852712949116 6
1646512125745 1.3859754624190155 7
1646512142413 1.2540226755318817 8
1646512159072 1.1601481117584087 9
1646512175874 1.0715006667154807 10
1646512192339 0.9983175794283549 11
1646512207794 0.9312600912871184 12
1646512224266 0.876612643400828 13
1646512240742 0.7967903525741012 14
1646512256381 0.7488463443738443 15
1646512271842 0.7032948914501402 16
1646512287307 0.6300142125950919 17
1646512302771 0.6131611609900439 18
1646512319244 0.5581385498797452 19
1646512335054 0.43777332703272503 20
1646512352705 0.3603741007822531 21
1646512370998 0.33675052253184495 22
1646512386452 0.3435210974680053 23
1646512401909 0.3089867231470567 24
1646512417367 0.30472690142967085 25
1646512432831 0.28689853929811054 26
1646512448291 0.27610283565742 27
1646512463753 0.27395936874327836 28
1646512479215 0.25742951973720835 29
1646512494677 0.2323155673565688 30
1646512510144 0.2546202849458765 31
1646512525615 0.23249711565397405 32
1646512541084 0.21932377638640227 33
1646512557563 0.2126181095286652 34
1646512573025 0.19575871113273832 35
1646512588478 0.19041218374062469 36
1646512603937 0.183784072873769 37
1646512619398 0.1738035375321353 38
1646512634859 0.19095698123176894 39
1646512650329 0.13356953307434363 40
1646512665798 0.09555221397291731 41
1646512681262 0.08281071818675156 42
1646512697742 0.07524725891373775 43
1646512713203 0.07206191398479321 44
1646512728671 0.06694282963871956 45
1646512744137 0.0650242291804817 46
1646512759601 0.06371981485022439 47
1646512775066 0.06167006982421434 48
1646512790531 0.06096353654370264 49
1646512805991 0.05558223072094498 50
1646512822463 0.061174718801070144 51
1646512837917 0.0641397507171388 52
1646512853371 0.061463854655071544 53
1646512868831 0.06187253028016399 54
1646512884287 0.06764690646970714 55
1646512899749 0.07045127844644918 56
1646512915204 0.05973407032865065 57
1646512930664 0.05779480654746294 58
1646512946125 0.05988059730993377 59
1646512961585 0.04259317751146025 60
1646512977045 0.031841077686597906 61
1646512992503 0.02803012768358544 62
1646513007962 0.02769662719219923 63
1646513023421 0.024666976916638238 64
1646513038880 0.02520777966344246 65
1646513054342 0.02481129623225166 66
1646513069807 0.023604131976349488 67
1646513085272 0.024176253005862236 68
1646513100735 0.021862272069685988 69
1646513116196 0.020579901661861827 70
1646513131660 0.01879581151081732 71
1646513147130 0.02220196169111188 72
1646513162596 0.02056005152149333 73
1646513178062 0.022674909042608406 74
1646513193523 0.021711441438162216 75
1646513209033 0.018280194166840777 76
1646513224499 0.01960859138139144 77
1646513239968 0.019481826176935876 78
1646513255427 0.02440966408768738 79
1646513270885 0.28520049452264273 80
1646513286346 0.10656633973121643 81
1646513301807 0.06464170247178387 82
1646513317265 0.05087283032911795 83
1646513332728 0.042842664341959685 84
1646513348190 0.037848070764017326 85
1646513363652 0.032834538603546445 86
1646513379110 0.029623731280918473 87
1646513394569 0.02851295997216194 88
1646513410027 0.025338209777449567 89
1646513425492 0.023423155200564198 90
1646513440956 0.020615764091619186 91
1646513456420 0.0229539905105614 92
1646513471882 0.018508328202491004 93
1646513487346 0.01935853674593899 94
1646513502810 0.02013917444963698 95
1646513518274 0.01931021662635936 96
1646513533732 0.01970295963325986 97
1646513549191 0.016678627731313032 98
1646513564653 0.017225427936797065 99
