1646512007621 10.199652777777779 0
1646512025873 17.36111111111111 1
1646512042456 23.307291666666668 2
1646512059094 29.97685185185185 3
1646512075744 37.86168981481482 4
1646512092398 44.241898148148145 5
1646512109094 49.276620370370374 6
1646512125750 53.44328703703704 7
1646512142419 58.08738425925926 8
1646512159076 60.9375 9
1646512175878 64.36631944444444 10
1646512192344 67.04282407407408 11
1646512207797 68.33043981481481 12
1646512224272 70.65972222222223 13
1646512240745 72.93113425925925 14
1646512256385 75.10127314814815 15
1646512271847 76.09953703703704 16
1646512287310 78.67476851851852 17
1646512302775 79.22453703703704 18
1646512319248 81.17766203703704 19
1646512335532 85.38773148148148 20
1646512353407 88.25231481481481 21
1646512371001 88.97569444444444 22
1646512386456 88.671875 23
1646512401914 89.95949074074075 24
1646512417372 90.27777777777777 25
1646512432836 90.14756944444444 26
1646512448295 90.76967592592592 27
1646512463758 91.24710648148148 28
1646512479220 91.37731481481481 29
1646512494682 92.75173611111111 30
1646512510150 91.18923611111111 31
1646512525620 92.30324074074075 32
1646512541090 92.53472222222223 33
1646512557567 93.18576388888889 34
1646512573029 93.50405092592592 35
1646512588482 93.77893518518519 36
1646512603942 93.92361111111111 37
1646512619402 94.42997685185185 38
1646512634863 93.57638888888889 39
1646512650334 95.67418981481481 40
1646512665802 97.2511574074074 41
1646512681267 97.62731481481481 42
1646512697746 97.72858796296296 43
1646512713207 98.13368055555556 44
1646512728676 98.35069444444444 45
1646512744140 98.14814814814815 46
1646512759606 98.11921296296296 47
1646512775070 98.23495370370371 48
1646512790535 98.23495370370371 49
1646512805995 98.50983796296296 50
1646512822467 98.11921296296296 51
1646512837922 98.046875 52
1646512853376 98.22048611111111 53
1646512868836 98.10474537037037 54
1646512884292 97.87326388888889 55
1646512899752 97.84432870370371 56
1646512915207 98.29282407407408 57
1646512930668 98.35069444444444 58
1646512946129 98.30729166666667 59
1646512961589 98.87152777777777 60
1646512977050 99.17534722222223 61
1646512992508 99.33449074074075 62
1646513007966 99.37789351851852 63
1646513023426 99.36342592592592 64
1646513038885 99.45023148148148 65
1646513054346 99.47916666666667 66
1646513069811 99.36342592592592 67
1646513085276 99.43576388888889 68
1646513100740 99.52256944444444 69
1646513116201 99.56597222222223 70
1646513131664 99.5949074074074 71
1646513147135 99.46469907407408 72
1646513162601 99.58043981481481 73
1646513178066 99.49363425925925 74
1646513193528 99.53703703703704 75
1646513209038 99.6238425925926 76
1646513224503 99.55150462962963 77
1646513239972 99.55150462962963 78
1646513255432 99.32002314814815 79
1646513270890 91.72453703703704 80
1646513286351 96.68692129629629 81
1646513301812 98.24942129629629 82
1646513317270 98.71238425925925 83
1646513332733 99.10300925925925 84
1646513348195 98.97280092592592 85
1646513363656 99.24768518518519 86
1646513379116 99.36342592592592 87
1646513394574 99.33449074074075 88
1646513410031 99.43576388888889 89
1646513425496 99.52256944444444 90
1646513440959 99.6238425925926 91
1646513456425 99.63831018518519 92
1646513471886 99.66724537037037 93
1646513487351 99.81192129629629 94
1646513502815 99.56597222222223 95
1646513518279 99.52256944444444 96
1646513533736 99.53703703703704 97
1646513549196 99.6238425925926 98
1646513564658 99.63831018518519 99
