1646528508441 0 0
1646528531410 21.434294871794872 1
1646528554463 26.041666666666668 2
1646528577334 28.265224358974358 3
1646528598206 28.265224358974358 4
1646528621354 28.49559294871795 5
1646528642280 28.49559294871795 6
1646528663170 28.49559294871795 7
1646528684065 28.49559294871795 8
1646528704965 28.49559294871795 9
1646528725868 28.49559294871795 10
1646528746776 28.49559294871795 11
1646528767681 28.49559294871795 12
1646528788588 28.49559294871795 13
1646528809492 28.49559294871795 14
1646528830403 28.49559294871795 15
1646528851308 28.49559294871795 16
1646528872224 28.49559294871795 17
1646528893134 28.49559294871795 18
1646528914043 28.49559294871795 19
1646528934957 28.49559294871795 20
1646528955869 28.49559294871795 21
1646528976779 28.49559294871795 22
1646528997689 28.49559294871795 23
1646529018603 28.49559294871795 24
1646529039516 28.49559294871795 25
1646529060425 28.49559294871795 26
1646529082698 28.595753205128204 27
1646529103592 28.595753205128204 28
1646529124501 28.595753205128204 29
1646529145412 28.595753205128204 30
1646529166324 28.595753205128204 31
1646529187235 28.595753205128204 32
1646529208147 28.595753205128204 33
1646529229054 28.595753205128204 34
1646529249959 28.595753205128204 35
1646529270867 28.595753205128204 36
1646529291775 28.595753205128204 37
1646529312679 28.595753205128204 38
1646529333587 28.595753205128204 39
1646529354497 28.595753205128204 40
1646529375399 28.595753205128204 41
1646529396312 28.595753205128204 42
1646529417223 28.595753205128204 43
1646529438140 28.595753205128204 44
1646529459054 28.595753205128204 45
1646529479966 28.595753205128204 46
1646529500879 28.595753205128204 47
1646529521789 28.595753205128204 48
1646529542706 28.595753205128204 49
1646529563617 28.595753205128204 50
1646529584531 28.595753205128204 51
1646529605504 28.595753205128204 52
1646529626419 28.595753205128204 53
1646529647331 28.595753205128204 54
1646529668246 28.595753205128204 55
1646529689154 28.595753205128204 56
1646529710066 28.595753205128204 57
1646529730980 28.595753205128204 58
1646529751895 28.595753205128204 59
1646529772809 28.595753205128204 60
1646529793718 28.595753205128204 61
1646529814629 28.595753205128204 62
1646529835542 28.595753205128204 63
1646529856454 28.595753205128204 64
1646529877370 28.595753205128204 65
1646529898279 28.595753205128204 66
1646529919194 28.595753205128204 67
1646529940107 28.595753205128204 68
1646529961020 28.595753205128204 69
1646529981945 28.595753205128204 70
1646530002861 28.595753205128204 71
1646530023771 28.595753205128204 72
1646530044681 28.595753205128204 73
1646530065594 28.595753205128204 74
1646530086508 28.595753205128204 75
1646530107418 28.595753205128204 76
1646530128327 28.595753205128204 77
1646530149241 28.595753205128204 78
1646530170153 28.595753205128204 79
1646530191054 28.595753205128204 80
1646530211958 28.595753205128204 81
1646530232865 28.595753205128204 82
1646530253770 28.595753205128204 83
1646530274677 28.595753205128204 84
1646530295581 28.595753205128204 85
1646530316490 28.595753205128204 86
1646530337400 28.595753205128204 87
1646530358314 28.595753205128204 88
1646530379225 28.595753205128204 89
1646530400138 28.595753205128204 90
1646530421047 28.595753205128204 91
1646530441959 28.595753205128204 92
1646530462881 28.595753205128204 93
1646530483787 28.595753205128204 94
1646530504736 28.595753205128204 95
1646530525640 28.595753205128204 96
1646530546546 28.595753205128204 97
1646530567451 28.595753205128204 98
1646530588360 28.595753205128204 99
