1646528507505 0.001 0
1646528531398 0.001 1
1646528554451 0.001 2
1646528577292 0.001 3
1646528598195 0.001 4
1646528621341 0.001 5
1646528642223 0.001 6
1646528663159 0.001 7
1646528684053 0.001 8
1646528704953 0.001 9
1646528725857 0.001 10
1646528746762 0.001 11
1646528767670 0.001 12
1646528788576 0.001 13
1646528809481 0.001 14
1646528830392 0.001 15
1646528851297 0.001 16
1646528872210 0.001 17
1646528893120 0.001 18
1646528914029 0.001 19
1646528934945 0.0005 20
1646528955856 0.0005 21
1646528976766 0.0005 22
1646528997676 0.0005 23
1646529018589 0.0005 24
1646529039503 0.0005 25
1646529060413 0.0005 26
1646529082686 0.0005 27
1646529103582 0.0005 28
1646529124490 0.0005 29
1646529145400 0.0005 30
1646529166312 0.0005 31
1646529187223 0.0005 32
1646529208135 0.0005 33
1646529229043 0.0005 34
1646529249948 0.0005 35
1646529270856 0.0005 36
1646529291762 0.0005 37
1646529312668 0.0005 38
1646529333574 0.0005 39
1646529354485 0.00025 40
1646529375387 0.00025 41
1646529396299 0.00025 42
1646529417212 0.00025 43
1646529438128 0.00025 44
1646529459042 0.00025 45
1646529479954 0.00025 46
1646529500866 0.00025 47
1646529521775 0.00025 48
1646529542694 0.00025 49
1646529563604 0.00025 50
1646529584518 0.00025 51
1646529605491 0.00025 52
1646529626407 0.00025 53
1646529647318 0.00025 54
1646529668235 0.00025 55
1646529689142 0.00025 56
1646529710054 0.00025 57
1646529730967 0.00025 58
1646529751883 0.00025 59
1646529772795 0.000125 60
1646529793706 0.000125 61
1646529814617 0.000125 62
1646529835529 0.000125 63
1646529856443 0.000125 64
1646529877357 0.000125 65
1646529898266 0.000125 66
1646529919181 0.000125 67
1646529940094 0.000125 68
1646529961006 0.000125 69
1646529981932 0.000125 70
1646530002847 0.000125 71
1646530023758 0.000125 72
1646530044668 0.000125 73
1646530065581 0.000125 74
1646530086494 0.000125 75
1646530107406 0.000125 76
1646530128315 0.000125 77
1646530149230 0.000125 78
1646530170141 0.000125 79
1646530191041 6.25e-05 80
1646530211944 6.25e-05 81
1646530232850 6.25e-05 82
1646530253758 6.25e-05 83
1646530274664 6.25e-05 84
1646530295568 6.25e-05 85
1646530316474 6.25e-05 86
1646530337387 6.25e-05 87
1646530358301 6.25e-05 88
1646530379212 6.25e-05 89
1646530400126 6.25e-05 90
1646530421034 6.25e-05 91
1646530441944 6.25e-05 92
1646530462870 6.25e-05 93
1646530483774 6.25e-05 94
1646530504725 6.25e-05 95
1646530525627 6.25e-05 96
1646530546533 6.25e-05 97
1646530567438 6.25e-05 98
1646530588347 6.25e-05 99
