1646528507958 2.973016838232676 0
1646528531402 1.3584726474903248 1
1646528554454 1.0832294722398121 2
1646528577324 0.8953323673318934 3
1646528598198 0.7468649916074894 4
1646528621344 0.6036584923664728 5
1646528642268 4.0510916113853455 6
1646528663162 2.520045256173169 7
1646528684056 2.179333978229099 8
1646528704957 1.9695946684590093 9
1646528725860 1.7941340384659943 10
1646528746766 1.652866659341035 11
1646528767673 1.536922933878722 12
1646528788579 1.4033954695419029 13
1646528809484 1.3020976539011355 14
1646528830395 1.181369090521777 15
1646528851300 1.0863127531828705 16
1646528872213 0.998827717922352 17
1646528893124 0.8970563831152739 18
1646528914032 0.8148271055133255 19
1646528934948 0.7016453362173505 20
1646528955860 0.6359408177711345 21
1646528976769 0.6098370292672405 22
1646528997679 0.567053085675946 23
1646529018593 0.537454339089217 24
1646529039506 0.5061644348833296 25
1646529060416 0.46589596569538116 26
1646529082689 0.4374352737709328 27
1646529103585 0.39872656541842 28
1646529124493 0.369294387322885 29
1646529145403 0.35916165566002883 30
1646529166315 0.3273374540386377 31
1646529187226 0.30830690761407215 32
1646529208138 0.2822770539809156 33
1646529229046 0.26999886444321386 34
1646529249951 0.23599381662077373 35
1646529270858 0.23097081620384147 36
1646529291765 0.2141734767291281 37
1646529312671 0.20382113727154555 38
1646529333577 0.18718975575433838 39
1646529354488 0.14891709345910284 40
1646529375390 0.13172890839201432 41
1646529396302 0.12696444284584787 42
1646529417214 0.12521414610522766 43
1646529438130 0.1176397243031749 44
1646529459045 0.11113717848504032 45
1646529479957 0.10963463093395587 46
1646529500869 0.10249003830055396 47
1646529521778 0.10513044562604693 48
1646529542697 0.09721553511917591 49
1646529563607 0.08782558584654773 50
1646529584521 0.09478054506083329 51
1646529605494 0.07878005842643755 52
1646529626410 0.08189325124301293 53
1646529647321 0.07386439438495371 54
1646529668237 0.0821440628281346 55
1646529689145 0.07724822002152602 56
1646529710057 0.06925462717535319 57
1646529730970 0.07545858738874947 58
1646529751885 0.06831709730128448 59
1646529772798 0.05713820160815009 60
1646529793709 0.05432733741623384 61
1646529814619 0.05163447117363965 62
1646529835532 0.052049723350339465 63
1646529856446 0.05050464364251605 64
1646529877360 0.04584575810090259 65
1646529898269 0.04506073881768518 66
1646529919184 0.04729274322313291 67
1646529940097 0.045473368321028024 68
1646529961009 0.04649026357327347 69
1646529981935 0.04485702104176636 70
1646530002850 0.04118670830158172 71
1646530023761 0.045030474593793904 72
1646530044671 0.04396162064815009 73
1646530065584 0.03913922794163227 74
1646530086498 0.03973075685401758 75
1646530107409 0.041616869159042835 76
1646530128318 0.04258080616731335 77
1646530149233 0.042933889423255565 78
1646530170144 0.037936129365806225 79
1646530191045 0.03490183357563284 80
1646530211947 0.03454584455876439 81
1646530232854 0.031149923594461545 82
1646530253761 0.03054918459168187 83
1646530274667 0.02880289221044492 84
1646530295571 0.028401072395758495 85
1646530316478 0.030091087885752873 86
1646530337390 0.030161592540227704 87
1646530358304 0.027330398645803885 88
1646530379215 0.02567056343994207 89
1646530400129 0.02753825513301072 90
1646530421037 0.027369218395540008 91
1646530441947 0.026203499968957017 92
1646530462873 0.028703058621397725 93
1646530483777 0.02489605913352635 94
1646530504727 0.025999810908817582 95
1646530525631 0.0259527947443227 96
1646530546536 0.028144410276716506 97
1646530567441 0.027428691171937518 98
1646530588351 0.025455901433748228 99
