1646528508435 45.370370370370374 0
1646528531405 64.42418981481481 1
1646528554459 70.24016203703704 2
1646528577329 74.84085648148148 3
1646528598202 78.18287037037037 4
1646528621349 81.87210648148148 5
1646528642274 39.29398148148148 6
1646528663166 45.645254629629626 7
1646528684061 50.69444444444444 8
1646528704961 54.0943287037037 9
1646528725864 56.52488425925926 10
1646528746770 58.86863425925926 11
1646528767678 61.28472222222222 12
1646528788583 63.686342592592595 13
1646528809489 65.65393518518519 14
1646528830399 67.99768518518519 15
1646528851304 70.06655092592592 16
1646528872218 72.30902777777777 17
1646528893129 74.2332175925926 18
1646528914038 76.1863425925926 19
1646528934953 79.74537037037037 20
1646528955864 81.32233796296296 21
1646528976775 82.21932870370371 22
1646528997685 83.91203703703704 23
1646529018598 84.57754629629629 24
1646529039511 85.76388888888889 25
1646529060420 87.28298611111111 26
1646529082693 87.54340277777777 27
1646529103589 89.58333333333333 28
1646529124497 90.10416666666667 29
1646529145407 90.68287037037037 30
1646529166319 91.37731481481481 31
1646529187230 92.02835648148148 32
1646529208142 92.99768518518519 33
1646529229050 93.11342592592592 34
1646529249955 94.66145833333333 35
1646529270863 94.42997685185185 36
1646529291770 95.2980324074074 37
1646529312675 95.55844907407408 38
1646529333582 95.92013888888889 39
1646529354492 97.2800925925926 40
1646529375394 97.74305555555556 41
1646529396307 97.88773148148148 42
1646529417219 98.07581018518519 43
1646529438135 98.00347222222223 44
1646529459050 98.24942129629629 45
1646529479961 98.20601851851852 46
1646529500874 98.48090277777777 47
1646529521783 98.22048611111111 48
1646529542702 98.55324074074075 49
1646529563612 98.85706018518519 50
1646529584526 98.53877314814815 51
1646529605499 98.95833333333333 52
1646529626414 98.79918981481481 53
1646529647327 99.00173611111111 54
1646529668242 98.68344907407408 55
1646529689149 98.88599537037037 56
1646529710062 99.00173611111111 57
1646529730975 98.72685185185185 58
1646529751890 99.05960648148148 59
1646529772803 99.36342592592592 60
1646529793713 99.32002314814815 61
1646529814624 99.46469907407408 62
1646529835537 99.2042824074074 63
1646529856450 99.29108796296296 64
1646529877366 99.53703703703704 65
1646529898274 99.50810185185185 66
1646529919189 99.46469907407408 67
1646529940102 99.39236111111111 68
1646529961015 99.43576388888889 69
1646529981940 99.42129629629629 70
1646530002855 99.53703703703704 71
1646530023766 99.37789351851852 72
1646530044677 99.43576388888889 73
1646530065589 99.42129629629629 74
1646530086503 99.58043981481481 75
1646530107414 99.49363425925925 76
1646530128323 99.42129629629629 77
1646530149237 99.33449074074075 78
1646530170149 99.56597222222223 79
1646530191049 99.52256944444444 80
1646530211952 99.49363425925925 81
1646530232859 99.6238425925926 82
1646530253765 99.71064814814815 83
1646530274673 99.71064814814815 84
1646530295576 99.82638888888889 85
1646530316484 99.5949074074074 86
1646530337395 99.68171296296296 87
1646530358309 99.73958333333333 88
1646530379221 99.79745370370371 89
1646530400134 99.78298611111111 90
1646530421042 99.72511574074075 91
1646530441953 99.76851851851852 92
1646530462878 99.5949074074074 93
1646530483782 99.76851851851852 94
1646530504732 99.73958333333333 95
1646530525636 99.71064814814815 96
1646530546542 99.66724537037037 97
1646530567447 99.56597222222223 98
1646530588355 99.76851851851852 99
