1646517470512 0 0
1646517489885 31.350160256410255 1
1646517509259 36.71875 2
1646517528712 38.541666666666664 3
1646517548191 40.40464743589744 4
1646517567680 41.26602564102564 5
1646517587170 42.42788461538461 6
1646517606680 44.21073717948718 7
1646517625263 44.21073717948718 8
1646517645522 44.51121794871795 9
1646517665033 45.11217948717949 10
1646517684540 46.374198717948715 11
1646517703131 46.374198717948715 12
1646517721724 46.374198717948715 13
1646517740322 46.374198717948715 14
1646517758934 46.374198717948715 15
1646517777539 46.374198717948715 16
1646517796143 46.374198717948715 17
1646517814750 46.374198717948715 18
1646517833362 46.374198717948715 19
1646517851974 46.374198717948715 20
1646517870578 46.374198717948715 21
1646517889185 46.374198717948715 22
1646517907797 46.374198717948715 23
1646517926408 46.374198717948715 24
1646517945017 46.374198717948715 25
1646517963631 46.374198717948715 26
1646517982247 46.374198717948715 27
1646518000857 46.374198717948715 28
1646518019469 46.374198717948715 29
1646518038072 46.374198717948715 30
1646518056680 46.374198717948715 31
1646518075289 46.374198717948715 32
1646518093897 46.374198717948715 33
1646518112499 46.374198717948715 34
1646518131098 46.374198717948715 35
1646518149706 46.374198717948715 36
1646518168312 46.374198717948715 37
1646518186917 46.374198717948715 38
1646518205529 46.374198717948715 39
1646518224143 46.374198717948715 40
1646518242751 46.374198717948715 41
1646518261364 46.374198717948715 42
1646518279973 46.374198717948715 43
1646518298574 46.374198717948715 44
1646518317183 46.374198717948715 45
1646518335795 46.374198717948715 46
1646518354404 46.374198717948715 47
1646518373010 46.374198717948715 48
1646518391616 46.374198717948715 49
1646518410216 46.374198717948715 50
1646518428817 46.374198717948715 51
1646518447414 46.374198717948715 52
1646518466016 46.374198717948715 53
1646518484617 46.374198717948715 54
1646518503216 46.374198717948715 55
1646518521818 46.374198717948715 56
1646518540405 46.374198717948715 57
1646518559004 46.374198717948715 58
1646518577607 46.374198717948715 59
1646518596203 46.374198717948715 60
1646518614797 46.374198717948715 61
1646518633396 46.374198717948715 62
1646518651996 46.374198717948715 63
1646518670597 46.374198717948715 64
1646518689204 46.374198717948715 65
1646518707803 46.374198717948715 66
1646518726402 46.374198717948715 67
1646518745003 46.374198717948715 68
1646518763601 46.374198717948715 69
1646518782196 46.374198717948715 70
1646518800800 46.374198717948715 71
1646518819408 46.374198717948715 72
1646518838015 46.374198717948715 73
1646518856625 46.374198717948715 74
1646518875231 46.374198717948715 75
1646518893845 46.374198717948715 76
1646518912457 46.374198717948715 77
1646518931066 46.374198717948715 78
1646518949666 46.374198717948715 79
1646518968261 46.374198717948715 80
1646518986858 46.374198717948715 81
1646519005458 46.374198717948715 82
1646519024063 46.374198717948715 83
1646519042666 46.374198717948715 84
1646519061262 46.374198717948715 85
1646519079873 46.374198717948715 86
1646519098480 46.374198717948715 87
1646519117080 46.374198717948715 88
1646519135686 46.374198717948715 89
1646519154291 46.374198717948715 90
1646519172900 46.374198717948715 91
1646519191510 46.374198717948715 92
1646519210114 46.374198717948715 93
1646519228726 46.374198717948715 94
1646519247332 46.374198717948715 95
1646519265947 46.374198717948715 96
1646519284555 46.374198717948715 97
1646519303159 46.374198717948715 98
1646519321762 46.374198717948715 99
