1646517469719 0.001 0
1646517489876 0.001 1
1646517509248 0.001 2
1646517528699 0.001 3
1646517548179 0.001 4
1646517567668 0.001 5
1646517587158 0.001 6
1646517606670 0.001 7
1646517625252 0.001 8
1646517645511 0.001 9
1646517665022 0.001 10
1646517684528 0.001 11
1646517703119 0.001 12
1646517721712 0.001 13
1646517740311 0.001 14
1646517758923 0.001 15
1646517777528 0.001 16
1646517796134 0.001 17
1646517814739 0.001 18
1646517833349 0.001 19
1646517851961 0.0005 20
1646517870566 0.0005 21
1646517889173 0.0005 22
1646517907784 0.0005 23
1646517926395 0.0005 24
1646517945004 0.0005 25
1646517963618 0.0005 26
1646517982231 0.0005 27
1646518000845 0.0005 28
1646518019457 0.0005 29
1646518038060 0.0005 30
1646518056667 0.0005 31
1646518075277 0.0005 32
1646518093884 0.0005 33
1646518112487 0.0005 34
1646518131084 0.0005 35
1646518149692 0.0005 36
1646518168301 0.0005 37
1646518186905 0.0005 38
1646518205518 0.0005 39
1646518224132 0.00025 40
1646518242740 0.00025 41
1646518261351 0.00025 42
1646518279963 0.00025 43
1646518298562 0.00025 44
1646518317172 0.00025 45
1646518335783 0.00025 46
1646518354392 0.00025 47
1646518372996 0.00025 48
1646518391602 0.00025 49
1646518410203 0.00025 50
1646518428803 0.00025 51
1646518447401 0.00025 52
1646518466002 0.00025 53
1646518484603 0.00025 54
1646518503202 0.00025 55
1646518521805 0.00025 56
1646518540392 0.00025 57
1646518558992 0.00025 58
1646518577594 0.00025 59
1646518596189 0.000125 60
1646518614784 0.000125 61
1646518633383 0.000125 62
1646518651985 0.000125 63
1646518670585 0.000125 64
1646518689190 0.000125 65
1646518707791 0.000125 66
1646518726389 0.000125 67
1646518744991 0.000125 68
1646518763587 0.000125 69
1646518782184 0.000125 70
1646518800787 0.000125 71
1646518819396 0.000125 72
1646518838002 0.000125 73
1646518856613 0.000125 74
1646518875220 0.000125 75
1646518893832 0.000125 76
1646518912445 0.000125 77
1646518931052 0.000125 78
1646518949652 0.000125 79
1646518968248 6.25e-05 80
1646518986845 6.25e-05 81
1646519005445 6.25e-05 82
1646519024051 6.25e-05 83
1646519042654 6.25e-05 84
1646519061250 6.25e-05 85
1646519079861 6.25e-05 86
1646519098466 6.25e-05 87
1646519117068 6.25e-05 88
1646519135673 6.25e-05 89
1646519154279 6.25e-05 90
1646519172889 6.25e-05 91
1646519191498 6.25e-05 92
1646519210103 6.25e-05 93
1646519228713 6.25e-05 94
1646519247320 6.25e-05 95
1646519265935 6.25e-05 96
1646519284543 6.25e-05 97
1646519303146 6.25e-05 98
1646519321749 6.25e-05 99
