1646517470144 3.4453759303799383 0
1646517489879 1.6056474358947188 1
1646517509251 1.2864898354918868 2
1646517528703 1.1045005707829088 3
1646517548182 0.9767004891678139 4
1646517567671 0.8904607516747934 5
1646517587161 0.7957427523754261 6
1646517606673 0.7198820654992704 7
1646517625255 0.6483865071226049 8
1646517645514 0.5921057744158639 9
1646517665025 0.5321807110751117 10
1646517684531 0.4688981197498463 11
1646517703122 0.4450698246558507 12
1646517721715 0.3835125733856802 13
1646517740314 0.34475344860995255 14
1646517758926 0.31860922635705385 15
1646517777531 0.28346725636058384 16
1646517796136 0.24830497166624776 17
1646517814742 0.22778169672798226 18
1646517833352 0.2214385629804046 19
1646517851965 0.15056256094464548 20
1646517870569 0.10347099353869756 21
1646517889176 0.08635012384642053 22
1646517907787 0.08291591262375866 23
1646517926399 0.06802882612855346 24
1646517945007 0.06523032389857152 25
1646517963621 0.06464019328079841 26
1646517982235 0.06495177104241318 27
1646518000848 0.06130570118074064 28
1646518019460 0.05983350960606778 29
1646518038063 0.048504372920703004 30
1646518056670 0.05594976812049195 31
1646518075280 0.046702883275294746 32
1646518093887 0.04655410394210507 33
1646518112490 0.05101569676426826 34
1646518131087 0.062458961719164145 35
1646518149695 0.06625654003410428 36
1646518168304 0.05225353639710833 37
1646518186908 0.05615399436404308 38
1646518205521 0.05343574544207917 39
1646518224135 0.03592687891796231 40
1646518242743 0.026725647902047192 41
1646518261354 0.021631655421245982 42
1646518279966 0.022055045244525427 43
1646518298565 0.02066094235137657 44
1646518317175 0.01611206894395528 45
1646518335786 0.0160201756214654 46
1646518354395 0.01725226369065543 47
1646518373000 0.017171571548614237 48
1646518391605 0.017022855002088128 49
1646518410206 0.016173849874003617 50
1646518428806 0.016739621249682927 51
1646518447405 0.01611852409594037 52
1646518466005 0.014579403766051487 53
1646518484606 0.013932599246294962 54
1646518503205 0.013565610326757585 55
1646518521808 0.016532646328279818 56
1646518540395 0.01475387011413221 57
1646518558995 0.02563487718537174 58
1646518577598 0.023365392384153826 59
1646518596193 0.017017012884564423 60
1646518614787 0.013071041364498713 61
1646518633386 0.010059795152671911 62
1646518651988 0.0095878127893364 63
1646518670588 0.008134397919531222 64
1646518689194 0.00842310376982722 65
1646518707794 0.008984567278444214 66
1646518726392 0.009150513184808747 67
1646518744994 0.011371963502218327 68
1646518763590 0.010805252848917412 69
1646518782187 0.008784420063926114 70
1646518800791 0.007782658712972922 71
1646518819399 0.00802311131351248 72
1646518838005 0.008440608546758691 73
1646518856616 0.007555246012526806 74
1646518875223 0.006546123703527782 75
1646518893836 0.006521725863287294 76
1646518912448 0.007343804088628126 77
1646518931055 0.007638169530158241 78
1646518949655 0.008119643609798341 79
1646518968252 0.007083518598746095 80
1646518986849 0.006794940253409247 81
1646519005449 0.006317478156200162 82
1646519024054 0.0061838651351906635 83
1646519042657 0.0051572845808954704 84
1646519061253 0.005761150848465385 85
1646519079864 0.004719136157762949 86
1646519098470 0.005596025898638699 87
1646519117071 0.005392917082644999 88
1646519135676 0.005304926010366116 89
1646519154282 0.0052802214847394715 90
1646519172892 0.0069593187956208434 91
1646519191501 0.005552315248038482 92
1646519210106 0.005266685137973615 93
1646519228717 0.004951480331968654 94
1646519247323 0.0052578067751946275 95
1646519265938 0.004385866345492778 96
1646519284546 0.004798711251674427 97
1646519303149 0.0064086370446063854 98
1646519321752 0.005622030671306506 99
