1646517470506 31.42361111111111 0
1646517489882 55.35300925925926 1
1646517509255 63.36805555555556 2
1646517528707 68.15682870370371 3
1646517548187 71.62905092592592 4
1646517567676 73.16261574074075 5
1646517587166 76.20081018518519 6
1646517606677 79.12326388888889 7
1646517625259 81.01851851851852 8
1646517645519 82.95717592592592 9
1646517665029 85.09837962962963 10
1646517684536 86.99363425925925 11
1646517703126 87.45659722222223 12
1646517721719 89.93055555555556 13
1646517740318 90.56712962962963 14
1646517758930 91.86921296296296 15
1646517777535 93.09895833333333 16
1646517796140 94.22743055555556 17
1646517814746 94.25636574074075 18
1646517833356 94.32870370370371 19
1646517851970 97.01967592592592 20
1646517870574 98.26388888888889 21
1646517889181 98.69791666666667 22
1646517907792 98.8136574074074 23
1646517926403 99.04513888888889 24
1646517945012 99.17534722222223 25
1646517963626 99.01620370370371 26
1646517982242 98.98726851851852 27
1646518000853 99.00173611111111 28
1646518019465 99.08854166666667 29
1646518038067 99.33449074074075 30
1646518056675 99.10300925925925 31
1646518075285 99.36342592592592 32
1646518093892 99.30555555555556 33
1646518112495 99.18981481481481 34
1646518131093 98.59664351851852 35
1646518149700 98.55324074074075 36
1646518168308 99.07407407407408 37
1646518186912 98.828125 38
1646518205525 98.85706018518519 39
1646518224139 99.49363425925925 40
1646518242747 99.58043981481481 41
1646518261359 99.76851851851852 42
1646518279970 99.72511574074075 43
1646518298569 99.73958333333333 44
1646518317179 99.85532407407408 45
1646518335791 99.91319444444444 46
1646518354400 99.84085648148148 47
1646518373005 99.79745370370371 48
1646518391611 99.78298611111111 49
1646518410211 99.84085648148148 50
1646518428812 99.79745370370371 51
1646518447410 99.82638888888889 52
1646518466010 99.84085648148148 53
1646518484611 99.89872685185185 54
1646518503210 99.84085648148148 55
1646518521813 99.75405092592592 56
1646518540400 99.84085648148148 57
1646518558999 99.45023148148148 58
1646518577603 99.6238425925926 59
1646518596197 99.71064814814815 60
1646518614793 99.81192129629629 61
1646518633391 99.94212962962963 62
1646518651992 99.94212962962963 63
1646518670593 99.92766203703704 64
1646518689199 99.92766203703704 65
1646518707799 99.91319444444444 66
1646518726397 99.91319444444444 67
1646518744999 99.88425925925925 68
1646518763596 99.85532407407408 69
1646518782191 99.94212962962963 70
1646518800796 99.97106481481481 71
1646518819404 99.92766203703704 72
1646518838011 99.89872685185185 73
1646518856621 99.91319444444444 74
1646518875227 99.97106481481481 75
1646518893841 99.95659722222223 76
1646518912453 99.94212962962963 77
1646518931061 99.91319444444444 78
1646518949661 99.91319444444444 79
1646518968257 99.92766203703704 80
1646518986853 99.92766203703704 81
1646519005453 99.95659722222223 82
1646519024059 99.94212962962963 83
1646519042663 99.9855324074074 84
1646519061258 99.95659722222223 85
1646519079869 100.0 86
1646519098475 99.94212962962963 87
1646519117076 99.95659722222223 88
1646519135681 99.9855324074074 89
1646519154287 99.9855324074074 90
1646519172896 99.92766203703704 91
1646519191505 99.9855324074074 92
1646519210110 100.0 93
1646519228721 99.97106481481481 94
1646519247327 100.0 95
1646519265943 100.0 96
1646519284551 99.9855324074074 97
1646519303154 99.91319444444444 98
1646519321757 99.94212962962963 99
