1646512006086 0 0
1646512023055 24.479166666666668 1
1646512039632 29.739583333333332 2
1646512056215 42.916666666666664 3
1646512072792 44.84375 4
1646512089374 50.833333333333336 5
1646512105957 56.666666666666664 6
1646512122550 58.90625 7
1646512137769 58.90625 8
1646512154351 59.791666666666664 9
1646512170959 62.135416666666664 10
1646512187543 63.385416666666664 11
1646512204123 64.58333333333333 12
1646512220716 66.71875 13
1646512235917 66.71875 14
1646512251382 66.71875 15
1646512266591 66.71875 16
1646512283169 67.13541666666667 17
1646512299743 67.34375 18
1646512316317 67.60416666666667 19
1646512332902 69.58333333333333 20
1646512348110 69.58333333333333 21
1646512364691 69.63541666666667 22
1646512381266 69.84375 23
1646512396472 69.84375 24
1646512411681 69.84375 25
1646512426890 69.84375 26
1646512442101 69.84375 27
1646512457319 69.84375 28
1646512472538 69.84375 29
1646512487759 69.84375 30
1646512502984 69.84375 31
1646512518202 69.84375 32
1646512533419 69.84375 33
1646512548642 69.84375 34
1646512565228 70.10416666666667 35
1646512580451 70.10416666666667 36
1646512595667 70.10416666666667 37
1646512610885 70.10416666666667 38
1646512626109 70.10416666666667 39
1646512641327 70.10416666666667 40
1646512657917 70.88541666666667 41
1646512673141 70.88541666666667 42
1646512689727 71.71875 43
1646512704933 71.71875 44
1646512720145 71.71875 45
1646512735361 71.71875 46
1646512750571 71.71875 47
1646512765790 71.71875 48
1646512781000 71.71875 49
1646512796212 71.71875 50
1646512811435 71.71875 51
1646512826655 71.71875 52
1646512841872 71.71875 53
1646512857090 71.71875 54
1646512872301 71.71875 55
1646512887525 71.71875 56
1646512902743 71.71875 57
1646512917961 71.71875 58
1646512933175 71.71875 59
1646512948392 71.71875 60
1646512963601 71.71875 61
1646512978814 71.71875 62
1646512994024 71.71875 63
1646513009239 71.71875 64
1646513024451 71.71875 65
1646513039665 71.71875 66
1646513054878 71.71875 67
1646513070090 71.71875 68
1646513085303 71.71875 69
1646513100523 71.71875 70
1646513115730 71.71875 71
1646513130942 71.71875 72
1646513146150 71.71875 73
1646513161358 71.71875 74
1646513176568 71.71875 75
1646513191784 71.71875 76
1646513206994 71.71875 77
1646513222209 71.71875 78
1646513237423 71.71875 79
1646513252628 71.71875 80
1646513267844 71.71875 81
1646513283059 71.71875 82
1646513298265 71.71875 83
1646513313481 71.71875 84
1646513328690 71.71875 85
1646513343905 71.71875 86
1646513359117 71.71875 87
1646513374331 71.71875 88
1646513389546 71.71875 89
1646513404753 71.71875 90
1646513419968 71.71875 91
1646513435175 71.71875 92
1646513450386 71.71875 93
1646513465600 71.71875 94
1646513480813 71.71875 95
1646513496020 71.71875 96
1646513511236 71.71875 97
1646513526449 71.71875 98
1646513541658 71.71875 99
