1646512006074 0.001 0
1646512023042 0.001 1
1646512039621 0.001 2
1646512056202 0.001 3
1646512072781 0.001 4
1646512089361 0.001 5
1646512105946 0.001 6
1646512122538 0.001 7
1646512137758 0.001 8
1646512154340 0.001 9
1646512170948 0.001 10
1646512187532 0.001 11
1646512204111 0.001 12
1646512220704 0.001 13
1646512235904 0.001 14
1646512251105 0.001 15
1646512266579 0.001 16
1646512283157 0.001 17
1646512299730 0.001 18
1646512316305 0.001 19
1646512332888 0.0005 20
1646512348099 0.0005 21
1646512364677 0.0005 22
1646512381256 0.0005 23
1646512396461 0.0005 24
1646512411671 0.0005 25
1646512426879 0.0005 26
1646512442090 0.0005 27
1646512457306 0.0005 28
1646512472527 0.0005 29
1646512487740 0.0005 30
1646512502970 0.0005 31
1646512518189 0.0005 32
1646512533407 0.0005 33
1646512548632 0.0005 34
1646512565217 0.0005 35
1646512580439 0.0005 36
1646512595657 0.0005 37
1646512610874 0.0005 38
1646512626097 0.0005 39
1646512641317 0.00025 40
1646512657905 0.00025 41
1646512673131 0.00025 42
1646512689716 0.00025 43
1646512704922 0.00025 44
1646512720134 0.00025 45
1646512735350 0.00025 46
1646512750560 0.00025 47
1646512765779 0.00025 48
1646512780990 0.00025 49
1646512796202 0.00025 50
1646512811424 0.00025 51
1646512826644 0.00025 52
1646512841860 0.00025 53
1646512857078 0.00025 54
1646512872288 0.00025 55
1646512887512 0.00025 56
1646512902734 0.00025 57
1646512917950 0.00025 58
1646512933164 0.00025 59
1646512948382 0.000125 60
1646512963591 0.000125 61
1646512978802 0.000125 62
1646512994012 0.000125 63
1646513009226 0.000125 64
1646513024440 0.000125 65
1646513039653 0.000125 66
1646513054867 0.000125 67
1646513070079 0.000125 68
1646513085292 0.000125 69
1646513100509 0.000125 70
1646513115718 0.000125 71
1646513130929 0.000125 72
1646513146139 0.000125 73
1646513161347 0.000125 74
1646513176557 0.000125 75
1646513191772 0.000125 76
1646513206981 0.000125 77
1646513222196 0.000125 78
1646513237411 0.000125 79
1646513252616 6.25e-05 80
1646513267831 6.25e-05 81
1646513283044 6.25e-05 82
1646513298252 6.25e-05 83
1646513313469 6.25e-05 84
1646513328678 6.25e-05 85
1646513343893 6.25e-05 86
1646513359105 6.25e-05 87
1646513374318 6.25e-05 88
1646513389533 6.25e-05 89
1646513404743 6.25e-05 90
1646513419957 6.25e-05 91
1646513435164 6.25e-05 92
1646513450374 6.25e-05 93
1646513465588 6.25e-05 94
1646513480802 6.25e-05 95
1646513496009 6.25e-05 96
1646513511224 6.25e-05 97
1646513526436 6.25e-05 98
1646513541647 6.25e-05 99
