1646512006078 7.265135067480582 0
1646512023046 2.500291100254765 1
1646512039624 2.1173161775977523 2
1646512056205 1.7269183507672063 3
1646512072784 1.4595508928652163 4
1646512089364 1.25531095928616 5
1646512105949 1.1338600814342499 6
1646512122541 0.9857905231140278 7
1646512137761 0.9187184384575596 8
1646512154343 0.842660622464286 9
1646512170952 0.7697945502069261 10
1646512187535 0.7024197490126999 11
1646512204114 0.6695866065996664 12
1646512220707 0.624782919883728 13
1646512235908 0.5602611513049515 14
1646512251370 0.5489260493605225 15
1646512266582 0.5255877348007979 16
1646512283160 0.4906860970788532 17
1646512299734 0.42801792367740915 18
1646512316308 0.42764692118874303 19
1646512332892 0.30492291654701587 20
1646512348102 0.23772748559713364 21
1646512364681 0.2141169040567345 22
1646512381259 0.22101430829476426 23
1646512396464 0.19331963953596573 24
1646512411674 0.1854418968712842 25
1646512426882 0.17439748098452887 26
1646512442093 0.17502958631073987 27
1646512457309 0.17732271565883248 28
1646512472530 0.17174446113683559 29
1646512487743 0.1679381930993663 30
1646512502973 0.18077070804105866 31
1646512518192 0.15869261214026698 32
1646512533409 0.15808175186868068 33
1646512548635 0.14173647423309307 34
1646512565220 0.13652043831017283 35
1646512580442 0.13091230226887596 36
1646512595660 0.1403892128555863 37
1646512610877 0.16043615803398467 38
1646512626100 0.12187201371071515 39
1646512641319 0.08111855742969999 40
1646512657908 0.05847992829081637 41
1646512673133 0.04821310782184204 42
1646512689719 0.04505917724842826 43
1646512704925 0.038046277731795 44
1646512720137 0.039047955725066086 45
1646512735353 0.0369870033874004 46
1646512750563 0.03593134321272373 47
1646512765781 0.03870537014747107 48
1646512780993 0.04472078832245811 49
1646512796205 0.039679933097903373 50
1646512811427 0.03747527949787952 51
1646512826647 0.04180303031440686 52
1646512841863 0.035427914544319115 53
1646512857081 0.03521573614260113 54
1646512872291 0.036061940197315484 55
1646512887515 0.04492153829239585 56
1646512902736 0.047130548722904037 57
1646512917953 0.040095671364623636 58
1646512933167 0.03448715104928447 59
1646512948385 0.02753006650514349 60
1646512963594 0.01918423415972265 61
1646512978805 0.017682468018460053 62
1646512994015 0.016567745431395317 63
1646513009229 0.015890095921888673 64
1646513024442 0.015617314044869057 65
1646513039656 0.01395091439459335 66
1646513054869 0.012823950958489958 67
1646513070081 0.01573214934129889 68
1646513085295 0.012560861896620028 69
1646513100512 0.012619353481568396 70
1646513115721 0.01057450306015434 71
1646513130932 0.014249041870546838 72
1646513146142 0.015931975661294052 73
1646513161350 0.01612349182229351 74
1646513176560 0.012552953144121502 75
1646513191775 0.013992312418176207 76
1646513206984 0.011594168630566585 77
1646513222200 0.016515303989527403 78
1646513237414 0.01160358570309149 79
1646513252619 0.009384268789155478 80
1646513267835 0.009147432572380812 81
1646513283048 0.006949142977612576 82
1646513298256 0.005747110773679904 83
1646513313472 0.0071119617064983615 84
1646513328681 0.009472015292245757 85
1646513343896 0.0086474193926228 86
1646513359108 0.009353826863742951 87
1646513374321 0.007633294982413106 88
1646513389536 0.006089524021027265 89
1646513404746 0.007869879580404679 90
1646513419960 0.007543810375931638 91
1646513435166 0.006348377981878541 92
1646513450377 0.007710252389423894 93
1646513465592 0.007797719365313511 94
1646513480805 0.008961112582323107 95
1646513496012 0.006037455802369449 96
1646513511227 0.007029876630339358 97
1646513526440 0.0058348042409677335 98
1646513541649 0.005706016713736096 99
