1646512006082 13.88888888888889 0
1646512023051 23.84259259259259 1
1646512039628 33.36226851851852 2
1646512056210 43.75 3
1646512072789 51.663773148148145 4
1646512089369 57.913773148148145 5
1646512105953 62.109375 6
1646512122546 66.21817129629629 7
1646512137765 68.98148148148148 8
1646512154347 71.03587962962963 9
1646512170956 73.95833333333333 10
1646512187539 75.92592592592592 11
1646512204119 77.15567129629629 12
1646512220712 78.66030092592592 13
1646512235913 80.41087962962963 14
1646512251377 81.14872685185185 15
1646512266587 81.74189814814815 16
1646512283165 83.17418981481481 17
1646512299738 85.24305555555556 18
1646512316313 85.24305555555556 19
1646512332898 89.36631944444444 20
1646512348106 92.02835648148148 21
1646512364686 92.92534722222223 22
1646512381263 92.50578703703704 23
1646512396468 93.47511574074075 24
1646512411678 93.98148148148148 25
1646512426887 93.93807870370371 26
1646512442097 93.77893518518519 27
1646512457315 93.79340277777777 28
1646512472534 94.03935185185185 29
1646512487749 94.18402777777777 30
1646512502979 93.92361111111111 31
1646512518198 94.56018518518519 32
1646512533415 94.34317129629629 33
1646512548639 95.18229166666667 34
1646512565224 95.28356481481481 35
1646512580447 95.55844907407408 36
1646512595664 94.9363425925926 37
1646512610882 94.21296296296296 38
1646512626105 95.92013888888889 39
1646512641323 97.36689814814815 40
1646512657913 98.19155092592592 41
1646512673137 98.71238425925925 42
1646512689723 98.66898148148148 43
1646512704929 98.71238425925925 44
1646512720141 98.72685185185185 45
1646512735357 98.94386574074075 46
1646512750567 98.92939814814815 47
1646512765786 98.828125 48
1646512780996 98.58217592592592 49
1646512796209 98.66898148148148 50
1646512811431 98.77025462962963 51
1646512826652 98.59664351851852 52
1646512841867 98.88599537037037 53
1646512857085 98.90046296296296 54
1646512872296 98.90046296296296 55
1646512887520 98.68344907407408 56
1646512902740 98.50983796296296 57
1646512917957 98.74131944444444 58
1646512933171 99.00173611111111 59
1646512948388 99.2042824074074 60
1646512963598 99.47916666666667 61
1646512978809 99.58043981481481 62
1646512994020 99.56597222222223 63
1646513009234 99.58043981481481 64
1646513024447 99.52256944444444 65
1646513039660 99.55150462962963 66
1646513054874 99.65277777777777 67
1646513070086 99.53703703703704 68
1646513085299 99.73958333333333 69
1646513100517 99.72511574074075 70
1646513115725 99.78298611111111 71
1646513130937 99.63831018518519 72
1646513146146 99.49363425925925 73
1646513161354 99.55150462962963 74
1646513176564 99.68171296296296 75
1646513191780 99.5949074074074 76
1646513206989 99.69618055555556 77
1646513222204 99.5949074074074 78
1646513237419 99.69618055555556 79
1646513252624 99.76851851851852 80
1646513267840 99.76851851851852 81
1646513283053 99.82638888888889 82
1646513298261 99.92766203703704 83
1646513313477 99.84085648148148 84
1646513328686 99.73958333333333 85
1646513343901 99.76851851851852 86
1646513359113 99.73958333333333 87
1646513374326 99.82638888888889 88
1646513389541 99.85532407407408 89
1646513404749 99.86979166666667 90
1646513419964 99.81192129629629 91
1646513435171 99.79745370370371 92
1646513450382 99.79745370370371 93
1646513465596 99.76851851851852 94
1646513480809 99.76851851851852 95
1646513496016 99.92766203703704 96
1646513511232 99.79745370370371 97
1646513526444 99.84085648148148 98
1646513541654 99.85532407407408 99
