1646526141180 0 0
1646526165745 13.872767857142858 1
1646526189526 17.34375 2
1646526213297 18.917410714285715 3
1646526237060 22.600446428571427 4
1646526260833 24.676339285714285 5
1646526284617 27.578125 6
1646526308378 27.65625 7
1646526332228 28.080357142857142 8
1646526356077 30.111607142857142 9
1646526379867 31.049107142857142 10
1646526402634 31.049107142857142 11
1646526426424 31.841517857142858 12
1646526450206 33.002232142857146 13
1646526473710 33.002232142857146 14
1646526497512 34.799107142857146 15
1646526521290 34.86607142857143 16
1646526544053 34.86607142857143 17
1646526566830 34.86607142857143 18
1646526590620 35.970982142857146 19
1646526613386 35.970982142857146 20
1646526636160 35.970982142857146 21
1646526658920 35.970982142857146 22
1646526681690 35.970982142857146 23
1646526704454 35.970982142857146 24
1646526727227 35.970982142857146 25
1646526750004 35.970982142857146 26
1646526772776 35.970982142857146 27
1646526795552 35.970982142857146 28
1646526818321 35.970982142857146 29
1646526841095 35.970982142857146 30
1646526863866 35.970982142857146 31
1646526886635 35.970982142857146 32
1646526909408 35.970982142857146 33
1646526932184 35.970982142857146 34
1646526954956 35.970982142857146 35
1646526977999 35.970982142857146 36
1646527000766 35.970982142857146 37
1646527023542 35.970982142857146 38
1646527046305 35.970982142857146 39
1646527069076 35.970982142857146 40
1646527091852 35.970982142857146 41
1646527114626 35.970982142857146 42
1646527137402 35.970982142857146 43
1646527160179 35.970982142857146 44
1646527182956 35.970982142857146 45
1646527205733 35.970982142857146 46
1646527228506 35.970982142857146 47
1646527251284 35.970982142857146 48
1646527274055 35.970982142857146 49
1646527296833 35.970982142857146 50
1646527319604 35.970982142857146 51
1646527342375 35.970982142857146 52
1646527365149 35.970982142857146 53
1646527387921 35.970982142857146 54
1646527410692 35.970982142857146 55
1646527433465 35.970982142857146 56
1646527456228 35.970982142857146 57
1646527478997 35.970982142857146 58
1646527501765 35.970982142857146 59
1646527524539 35.970982142857146 60
1646527547311 35.970982142857146 61
1646527570087 35.970982142857146 62
1646527592862 35.970982142857146 63
1646527615627 35.970982142857146 64
1646527638395 35.970982142857146 65
1646527661164 35.970982142857146 66
1646527683934 35.970982142857146 67
1646527706703 35.970982142857146 68
1646527729470 35.970982142857146 69
1646527752239 35.970982142857146 70
1646527775001 35.970982142857146 71
1646527797788 35.970982142857146 72
1646527820560 35.970982142857146 73
1646527843328 35.970982142857146 74
1646527866599 35.970982142857146 75
1646527889371 35.970982142857146 76
1646527912133 35.970982142857146 77
1646527934900 35.970982142857146 78
1646527957666 35.970982142857146 79
1646527980427 35.970982142857146 80
1646528003194 35.970982142857146 81
1646528025958 35.970982142857146 82
1646528048722 35.970982142857146 83
1646528071488 35.970982142857146 84
1646528094253 35.970982142857146 85
1646528117015 35.970982142857146 86
1646528139782 35.970982142857146 87
1646528162547 35.970982142857146 88
1646528185313 35.970982142857146 89
1646528208089 35.970982142857146 90
1646528230860 35.970982142857146 91
1646528253627 35.970982142857146 92
1646528276398 35.970982142857146 93
1646528299175 35.970982142857146 94
1646528321944 35.970982142857146 95
1646528344714 35.970982142857146 96
1646528367478 35.970982142857146 97
1646528390249 35.970982142857146 98
1646528413018 35.970982142857146 99
