1646526140981 0.001 0
1646526165734 0.001 1
1646526189515 0.001 2
1646526213286 0.001 3
1646526237048 0.001 4
1646526260822 0.001 5
1646526284606 0.001 6
1646526308366 0.001 7
1646526332218 0.001 8
1646526356064 0.001 9
1646526379856 0.001 10
1646526402621 0.001 11
1646526426409 0.001 12
1646526450194 0.001 13
1646526472954 0.001 14
1646526497499 0.001 15
1646526521278 0.001 16
1646526544041 0.001 17
1646526566817 0.001 18
1646526590611 0.001 19
1646526613376 0.0005 20
1646526636149 0.0005 21
1646526658911 0.0005 22
1646526681679 0.0005 23
1646526704442 0.0005 24
1646526727216 0.0005 25
1646526749993 0.0005 26
1646526772763 0.0005 27
1646526795536 0.0005 28
1646526818306 0.0005 29
1646526841082 0.0005 30
1646526863856 0.0005 31
1646526886624 0.0005 32
1646526909397 0.0005 33
1646526932171 0.0005 34
1646526954944 0.0005 35
1646526977986 0.0005 36
1646527000756 0.0005 37
1646527023532 0.0005 38
1646527046293 0.0005 39
1646527069064 0.00025 40
1646527091838 0.00025 41
1646527114612 0.00025 42
1646527137389 0.00025 43
1646527160166 0.00025 44
1646527182935 0.00025 45
1646527205720 0.00025 46
1646527228493 0.00025 47
1646527251269 0.00025 48
1646527274042 0.00025 49
1646527296819 0.00025 50
1646527319591 0.00025 51
1646527342361 0.00025 52
1646527365136 0.00025 53
1646527387907 0.00025 54
1646527410678 0.00025 55
1646527433452 0.00025 56
1646527456215 0.00025 57
1646527478980 0.00025 58
1646527501753 0.00025 59
1646527524527 0.000125 60
1646527547299 0.000125 61
1646527570075 0.000125 62
1646527592850 0.000125 63
1646527615616 0.000125 64
1646527638382 0.000125 65
1646527661152 0.000125 66
1646527683922 0.000125 67
1646527706690 0.000125 68
1646527729459 0.000125 69
1646527752227 0.000125 70
1646527774988 0.000125 71
1646527797776 0.000125 72
1646527820547 0.000125 73
1646527843316 0.000125 74
1646527866588 0.000125 75
1646527889359 0.000125 76
1646527912122 0.000125 77
1646527934886 0.000125 78
1646527957654 0.000125 79
1646527980415 6.25e-05 80
1646528003181 6.25e-05 81
1646528025946 6.25e-05 82
1646528048710 6.25e-05 83
1646528071476 6.25e-05 84
1646528094241 6.25e-05 85
1646528117003 6.25e-05 86
1646528139770 6.25e-05 87
1646528162533 6.25e-05 88
1646528185299 6.25e-05 89
1646528208075 6.25e-05 90
1646528230845 6.25e-05 91
1646528253614 6.25e-05 92
1646528276386 6.25e-05 93
1646528299161 6.25e-05 94
1646528321932 6.25e-05 95
1646528344701 6.25e-05 96
1646528367466 6.25e-05 97
1646528390236 6.25e-05 98
1646528413006 6.25e-05 99
