1646526141169 12.408568775212323 0
1646526165737 2.289613765698892 1
1646526189518 2.0018740627500744 2
1646526213289 1.809445862416868 3
1646526237051 1.6808005858350683 4
1646526260825 1.5381696731955916 5
1646526284609 1.4459395828070465 6
1646526308369 1.3811845315827265 7
1646526332220 1.2983447578218248 8
1646526356068 1.2387965354654524 9
1646526379859 1.1888458132743835 10
1646526402624 1.120981843383224 11
1646526426413 1.0697829833737127 12
1646526450197 1.0117556243031114 13
1646526473311 0.9516582190990448 14
1646526497502 0.9211465374187187 15
1646526521281 0.8584463474927125 16
1646526544044 0.8110949043874387 17
1646526566821 0.7737327769950584 18
1646526590613 0.7332287783975955 19
1646526613379 0.6532456968669538 20
1646526636152 0.6303318313978337 21
1646526658914 0.6007906866294367 22
1646526681682 0.5802841572849838 23
1646526704445 0.5458077137117032 24
1646526727219 0.5352830467400728 25
1646526749996 0.5062499692042669 26
1646526772767 0.48189150183289137 27
1646526795540 0.46243433599118833 28
1646526818309 0.42536272163744326 29
1646526841085 0.4105099963921088 30
1646526863859 0.39585356083181167 31
1646526886627 0.3650694152823201 32
1646526909400 0.3499105765863701 33
1646526932174 0.3365618834892909 34
1646526954947 0.31186230342697213 35
1646526977989 0.2910563388356456 36
1646527000759 0.2790391685234176 37
1646527023534 0.261561152835687 38
1646527046296 0.23806203736199272 39
1646527069067 0.21462918514454807 40
1646527091842 0.196787240880507 41
1646527114616 0.18889770408471426 42
1646527137392 0.18544948873696504 43
1646527160169 0.1730350766468931 44
1646527182939 0.17064026108494512 45
1646527205723 0.1576490563650926 46
1646527228496 0.1523105742202865 47
1646527251273 0.15256526969649173 48
1646527274045 0.14707569571004975 49
1646527296823 0.13854430077804458 50
1646527319595 0.14107776764366362 51
1646527342364 0.13279576185676786 52
1646527365139 0.12814439157093013 53
1646527387911 0.12693875890087197 54
1646527410682 0.11768107171411868 55
1646527433455 0.11140910439469197 56
1646527456218 0.11078414948726142 57
1646527478985 0.10680260730010492 58
1646527501756 0.0988251380622387 59
1646527524530 0.08922156008581321 60
1646527547302 0.08661274149737976 61
1646527570078 0.08384512971948695 62
1646527592853 0.08072266182689755 63
1646527615618 0.0735842028149852 64
1646527638385 0.07496692040176303 65
1646527661155 0.07442056125512829 66
1646527683925 0.0719744547235745 67
1646527706693 0.0749459877886154 68
1646527729462 0.06918779215602963 69
1646527752230 0.06771025247871876 70
1646527774991 0.06976453842664207 71
1646527797780 0.06735786961184607 72
1646527820551 0.06625722879888835 73
1646527843319 0.061449505043802435 74
1646527866591 0.06464493295384778 75
1646527889362 0.061127316655108226 76
1646527912124 0.061414175770348974 77
1646527934890 0.06559398294323021 78
1646527957657 0.05535792911218272 79
1646527980418 0.0530475947867941 80
1646528003184 0.05499560096197658 81
1646528025949 0.053515862570040755 82
1646528048713 0.0491915087181109 83
1646528071480 0.047686892078706515 84
1646528094244 0.04923244924456985 85
1646528117006 0.045654345165800164 86
1646528139773 0.04663373805858471 87
1646528162536 0.049719036970701486 88
1646528185303 0.04710850340348703 89
1646528208079 0.0456274587109133 90
1646528230849 0.045090267745157085 91
1646528253618 0.043597488629597204 92
1646528276389 0.048335119909434406 93
1646528299165 0.04370886028778774 94
1646528321935 0.04256785660982132 95
1646528344704 0.04619241730068569 96
1646528367469 0.04133727204882436 97
1646528390239 0.04183810566448503 98
1646528413009 0.04109138778100411 99
