1646526141175 22.569444444444443 0
1646526165741 42.201967592592595 1
1646526189522 48.6400462962963 2
1646526213293 52.77777777777778 3
1646526237056 55.613425925925924 4
1646526260829 59.273726851851855 5
1646526284614 60.951967592592595 6
1646526308374 62.54340277777778 7
1646526332224 64.68460648148148 8
1646526356072 66.20370370370371 9
1646526379863 67.11516203703704 10
1646526402629 69.1550925925926 11
1646526426418 70.77546296296296 12
1646526450202 71.94733796296296 13
1646526473704 73.00347222222223 14
1646526497507 73.66898148148148 15
1646526521286 75.73784722222223 16
1646526544049 77.03993055555556 17
1646526566825 78.08159722222223 18
1646526590617 79.07986111111111 19
1646526613382 82.0457175925926 20
1646526636156 82.68229166666667 21
1646526658917 83.69502314814815 22
1646526681686 84.10011574074075 23
1646526704449 85.35879629629629 24
1646526727223 85.5613425925926 25
1646526750000 86.41493055555556 26
1646526772771 87.4855324074074 27
1646526795547 88.39699074074075 28
1646526818316 89.19270833333333 29
1646526841090 90.30671296296296 30
1646526863862 90.39351851851852 31
1646526886631 91.20370370370371 32
1646526909404 92.02835648148148 33
1646526932180 92.28877314814815 34
1646526954952 92.9542824074074 35
1646526977994 93.86574074074075 36
1646527000762 93.95254629629629 37
1646527023538 94.9074074074074 38
1646527046301 95.57291666666667 39
1646527069072 96.22395833333333 40
1646527091847 96.96180555555556 41
1646527114621 97.00520833333333 42
1646527137397 96.99074074074075 43
1646527160174 97.29456018518519 44
1646527182946 97.2511574074074 45
1646527205728 97.69965277777777 46
1646527228501 97.71412037037037 47
1646527251278 97.68518518518519 48
1646527274050 97.91666666666667 49
1646527296828 97.87326388888889 50
1646527319600 97.82986111111111 51
1646527342369 98.22048611111111 52
1646527365144 98.23495370370371 53
1646527387916 98.33622685185185 54
1646527410687 98.4519675925926 55
1646527433460 98.78472222222223 56
1646527456224 98.37962962962963 57
1646527478992 98.48090277777777 58
1646527501760 98.85706018518519 59
1646527524534 98.98726851851852 60
1646527547307 99.00173611111111 61
1646527570082 98.91493055555556 62
1646527592857 99.05960648148148 63
1646527615623 99.32002314814815 64
1646527638390 99.13194444444444 65
1646527661159 99.2042824074074 66
1646527683929 99.2042824074074 67
1646527706699 99.2332175925926 68
1646527729467 99.32002314814815 69
1646527752235 99.2042824074074 70
1646527774996 99.10300925925925 71
1646527797784 99.24768518518519 72
1646527820555 99.29108796296296 73
1646527843323 99.30555555555556 74
1646527866595 99.29108796296296 75
1646527889366 99.2332175925926 76
1646527912129 99.24768518518519 77
1646527934894 99.10300925925925 78
1646527957661 99.43576388888889 79
1646527980423 99.37789351851852 80
1646528003189 99.39236111111111 81
1646528025954 99.40682870370371 82
1646528048717 99.52256944444444 83
1646528071484 99.47916666666667 84
1646528094249 99.40682870370371 85
1646528117011 99.53703703703704 86
1646528139778 99.50810185185185 87
1646528162541 99.45023148148148 88
1646528185308 99.55150462962963 89
1646528208084 99.53703703703704 90
1646528230854 99.55150462962963 91
1646528253622 99.52256944444444 92
1646528276394 99.33449074074075 93
1646528299169 99.53703703703704 94
1646528321940 99.5949074074074 95
1646528344709 99.50810185185185 96
1646528367473 99.58043981481481 97
1646528390244 99.609375 98
1646528413014 99.58043981481481 99
