1646511438324 0 0
1646511447853 30.245535714285715 1
1646511457371 31.584821428571427 2
1646511464714 43.75 3
1646511471986 46.316964285714285 4
1646511479974 55.80357142857143 5
1646511484997 55.80357142857143 6
1646511492317 61.71875 7
1646511499575 62.276785714285715 8
1646511505648 64.95535714285714 9
1646511511713 65.40178571428571 10
1646511518993 70.08928571428571 11
1646511523692 70.08928571428571 12
1646511528392 70.08928571428571 13
1646511534474 75.66964285714286 14
1646511539186 75.66964285714286 15
1646511544482 75.66964285714286 16
1646511550581 77.56696428571429 17
1646511555292 77.56696428571429 18
1646511560002 77.56696428571429 19
1646511565838 77.56696428571429 20
1646511573148 83.14732142857143 21
1646511577862 83.14732142857143 22
1646511582571 83.14732142857143 23
1646511588665 83.81696428571429 24
1646511593373 83.81696428571429 25
1646511598084 83.81696428571429 26
1646511604177 84.59821428571429 27
1646511610280 85.26785714285714 28
1646511614996 85.26785714285714 29
1646511619707 85.26785714285714 30
1646511624420 85.26785714285714 31
1646511629132 85.26785714285714 32
1646511633851 85.26785714285714 33
1646511638569 85.26785714285714 34
1646511643287 85.26785714285714 35
1646511648002 85.26785714285714 36
1646511652724 85.26785714285714 37
1646511657448 85.26785714285714 38
1646511662166 85.26785714285714 39
1646511667988 85.26785714285714 40
1646511674120 86.83035714285714 41
1646511678837 86.83035714285714 42
1646511683554 86.83035714285714 43
1646511688275 86.83035714285714 44
1646511692994 86.83035714285714 45
1646511699095 87.16517857142857 46
1646511703815 87.16517857142857 47
1646511708534 87.16517857142857 48
1646511713253 87.16517857142857 49
1646511717976 87.16517857142857 50
1646511722694 87.16517857142857 51
1646511727917 87.16517857142857 52
1646511732638 87.16517857142857 53
1646511737359 87.16517857142857 54
1646511742079 87.16517857142857 55
1646511746800 87.16517857142857 56
1646511751521 87.16517857142857 57
1646511756238 87.16517857142857 58
1646511760964 87.16517857142857 59
1646511765686 87.16517857142857 60
1646511770407 87.16517857142857 61
1646511777704 87.83482142857143 62
1646511782423 87.83482142857143 63
1646511787149 87.83482142857143 64
1646511791871 87.83482142857143 65
1646511796597 87.83482142857143 66
1646511801317 87.83482142857143 67
1646511806037 87.83482142857143 68
1646511810761 87.83482142857143 69
1646511815487 87.83482142857143 70
1646511821593 88.39285714285714 71
1646511826312 88.39285714285714 72
1646511831027 88.39285714285714 73
1646511835748 88.39285714285714 74
1646511840475 88.39285714285714 75
1646511845189 88.39285714285714 76
1646511849909 88.39285714285714 77
1646511854628 88.39285714285714 78
1646511859352 88.39285714285714 79
1646511864072 88.39285714285714 80
1646511868793 88.39285714285714 81
1646511873512 88.39285714285714 82
1646511878234 88.39285714285714 83
1646511882956 88.39285714285714 84
1646511887678 88.39285714285714 85
1646511892401 88.39285714285714 86
1646511897124 88.39285714285714 87
1646511901847 88.39285714285714 88
1646511906565 88.39285714285714 89
1646511911287 88.39285714285714 90
1646511916013 88.39285714285714 91
1646511920735 88.39285714285714 92
1646511925457 88.39285714285714 93
1646511930184 88.39285714285714 94
1646511934911 88.39285714285714 95
1646511939632 88.39285714285714 96
1646511944360 88.39285714285714 97
1646511949074 88.39285714285714 98
1646511953790 88.39285714285714 99
