1646511438312 0.001 0
1646511447840 0.001 1
1646511457360 0.001 2
1646511464575 0.001 3
1646511471978 0.001 4
1646511478043 0.001 5
1646511484988 0.001 6
1646511492307 0.001 7
1646511499566 0.001 8
1646511505638 0.001 9
1646511511703 0.001 10
1646511518985 0.001 11
1646511523681 0.001 12
1646511528381 0.001 13
1646511534465 0.001 14
1646511539174 0.001 15
1646511543883 0.001 16
1646511550570 0.001 17
1646511555282 0.001 18
1646511559992 0.001 19
1646511564703 0.0005 20
1646511573137 0.0005 21
1646511577852 0.0005 22
1646511582562 0.0005 23
1646511588656 0.0005 24
1646511593363 0.0005 25
1646511598075 0.0005 26
1646511604167 0.0005 27
1646511610267 0.0005 28
1646511614986 0.0005 29
1646511619697 0.0005 30
1646511624410 0.0005 31
1646511629122 0.0005 32
1646511633840 0.0005 33
1646511638558 0.0005 34
1646511643276 0.0005 35
1646511647991 0.0005 36
1646511652711 0.0005 37
1646511657437 0.0005 38
1646511662156 0.0005 39
1646511666877 0.00025 40
1646511674108 0.00025 41
1646511678827 0.00025 42
1646511683542 0.00025 43
1646511688263 0.00025 44
1646511692981 0.00025 45
1646511699082 0.00025 46
1646511703802 0.00025 47
1646511708522 0.00025 48
1646511713241 0.00025 49
1646511717964 0.00025 50
1646511722682 0.00025 51
1646511727406 0.00025 52
1646511732626 0.00025 53
1646511737347 0.00025 54
1646511742068 0.00025 55
1646511746788 0.00025 56
1646511751508 0.00025 57
1646511756225 0.00025 58
1646511760950 0.00025 59
1646511765673 0.000125 60
1646511770395 0.000125 61
1646511777690 0.000125 62
1646511782409 0.000125 63
1646511787132 0.000125 64
1646511791857 0.000125 65
1646511796584 0.000125 66
1646511801303 0.000125 67
1646511806025 0.000125 68
1646511810749 0.000125 69
1646511815473 0.000125 70
1646511821579 0.000125 71
1646511826299 0.000125 72
1646511831013 0.000125 73
1646511835736 0.000125 74
1646511840458 0.000125 75
1646511845176 0.000125 76
1646511849895 0.000125 77
1646511854616 0.000125 78
1646511859335 0.000125 79
1646511864059 6.25e-05 80
1646511868780 6.25e-05 81
1646511873499 6.25e-05 82
1646511878220 6.25e-05 83
1646511882942 6.25e-05 84
1646511887663 6.25e-05 85
1646511892387 6.25e-05 86
1646511897111 6.25e-05 87
1646511901834 6.25e-05 88
1646511906553 6.25e-05 89
1646511911274 6.25e-05 90
1646511915998 6.25e-05 91
1646511920721 6.25e-05 92
1646511925444 6.25e-05 93
1646511930170 6.25e-05 94
1646511934898 6.25e-05 95
1646511939619 6.25e-05 96
1646511944345 6.25e-05 97
1646511949061 6.25e-05 98
1646511953778 6.25e-05 99
