1646511438319 27.984775641025642 0
1646511447848 38.12099358974359 1
1646511457367 42.74839743589744 2
1646511464710 49.43910256410256 3
1646511471983 54.28685897435897 4
1646511479216 58.91426282051282 5
1646511484994 61.29807692307692 6
1646511492313 64.68349358974359 7
1646511499572 66.70673076923077 8
1646511505644 69.59134615384616 9
1646511511709 72.71634615384616 10
1646511518991 73.67788461538461 11
1646511523688 76.30208333333333 12
1646511528388 76.76282051282051 13
1646511534471 78.80608974358974 14
1646511539182 80.16826923076923 15
1646511544477 80.26842948717949 16
1646511550577 80.66907051282051 17
1646511555289 82.71233974358974 18
1646511559998 82.63221153846153 19
1646511565769 86.35817307692308 20
1646511573144 89.20272435897436 21
1646511577858 88.68189102564102 22
1646511582568 89.64342948717949 23
1646511588662 90.42467948717949 24
1646511593370 90.26442307692308 25
1646511598081 90.84535256410257 26
1646511604174 90.76522435897436 27
1646511610276 92.1073717948718 28
1646511614992 91.86698717948718 29
1646511619704 91.88701923076923 30
1646511624416 91.40625 31
1646511629128 92.80849358974359 32
1646511633847 92.54807692307692 33
1646511638565 93.8701923076923 34
1646511643283 93.52964743589743 35
1646511647998 93.6698717948718 36
1646511652719 94.43108974358974 37
1646511657444 94.51121794871794 38
1646511662162 94.6113782051282 39
1646511667982 95.93349358974359 40
1646511674115 96.85496794871794 41
1646511678833 97.65625 42
1646511683549 97.6963141025641 43
1646511688271 98.03685897435898 44
1646511692989 98.07692307692308 45
1646511699091 98.11698717948718 46
1646511703810 98.29727564102564 47
1646511708529 98.23717948717949 48
1646511713249 98.29727564102564 49
1646511717972 98.17708333333333 50
1646511722689 98.41746794871794 51
1646511727912 98.3573717948718 52
1646511732633 98.21714743589743 53
1646511737355 97.83653846153847 54
1646511742075 97.79647435897436 55
1646511746796 98.53766025641026 56
1646511751516 98.3573717948718 57
1646511756233 98.53766025641026 58
1646511760958 98.4775641025641 59
1646511765681 99.07852564102564 60
1646511770403 99.41907051282051 61
1646511777699 99.57932692307692 62
1646511782418 99.57932692307692 63
1646511787143 99.43910256410257 64
1646511791866 99.37900641025641 65
1646511796592 99.49919871794872 66
1646511801313 99.53926282051282 67
1646511806032 99.55929487179488 68
1646511810757 99.47916666666667 69
1646511815481 99.57932692307692 70
1646511821587 99.59935897435898 71
1646511826307 99.39903846153847 72
1646511831021 99.63942307692308 73
1646511835743 99.49919871794872 74
1646511840469 99.57932692307692 75
1646511845184 99.59935897435898 76
1646511849904 99.61939102564102 77
1646511854624 99.49919871794872 78
1646511859346 99.63942307692308 79
1646511864067 99.61939102564102 80
1646511868789 99.85977564102564 81
1646511873507 99.69951923076923 82
1646511878229 99.83974358974359 83
1646511882950 99.77964743589743 84
1646511887672 99.77964743589743 85
1646511892396 99.81971153846153 86
1646511897119 99.71955128205128 87
1646511901843 99.73958333333333 88
1646511906561 99.83974358974359 89
1646511911282 99.69951923076923 90
1646511916007 99.93990384615384 91
1646511920730 99.8798076923077 92
1646511925453 99.9198717948718 93
1646511930179 99.93990384615384 94
1646511934906 99.89983974358974 95
1646511939628 99.85977564102564 96
1646511944355 99.81971153846153 97
1646511949069 99.79967948717949 98
1646511953786 99.79967948717949 99
