1646511438315 2.06660755781027 0
1646511447843 1.7750329940746992 1
1646511457362 1.6464599156991029 2
1646511464704 1.4914998366282537 3
1646511471980 1.3358121071106348 4
1646511478458 1.2127605829483423 5
1646511484990 1.117401598355709 6
1646511492310 1.034301030330169 7
1646511499569 0.9819994217310196 8
1646511505640 0.8948934918794876 9
1646511511705 0.8043119769829971 10
1646511518987 0.7733356020389459 11
1646511523684 0.70809323206926 12
1646511528384 0.6778035729359357 13
1646511534467 0.6083029416891245 14
1646511539177 0.585006846067233 15
1646511544239 0.5718187338266617 16
1646511550573 0.5482447239068838 17
1646511555285 0.5058469145725935 18
1646511559995 0.503074626892041 19
1646511565059 0.4001951767848088 20
1646511573140 0.3282730907965929 21
1646511577854 0.3237389371945308 22
1646511582564 0.2988204814684697 23
1646511588658 0.28196366742635387 24
1646511593366 0.2731942851573993 25
1646511598077 0.2617859504161737 26
1646511604170 0.2691952612919685 27
1646511610270 0.22704584170610476 28
1646511614988 0.2308181894895358 29
1646511619700 0.22187356306956366 30
1646511624412 0.2459008989807887 31
1646511629124 0.2060940750898459 32
1646511633843 0.20726436395675707 33
1646511638561 0.18386775866532937 34
1646511643279 0.18019225486578086 35
1646511647994 0.17869350963678116 36
1646511652714 0.16717504862791452 37
1646511657440 0.1555849457016358 38
1646511662158 0.16064986300009948 39
1646511667280 0.11825986196979499 40
1646511674111 0.09688764418929051 41
1646511678829 0.07603168458892749 42
1646511683545 0.07389220504615551 43
1646511688266 0.06475687920092008 44
1646511692984 0.06635868339202343 45
1646511699086 0.06551080603056993 46
1646511703806 0.05691443899503121 47
1646511708525 0.05606128136890057 48
1646511713244 0.05389341566329583 49
1646511717967 0.05651225025455157 50
1646511722685 0.05310076900208608 51
1646511727787 0.054312254230563455 52
1646511732629 0.05286897164888871 53
1646511737350 0.06075601088695037 54
1646511742071 0.0638996226569781 55
1646511746791 0.04946116561022324 56
1646511751511 0.05226660109101198 57
1646511756229 0.05116882681464537 58
1646511760953 0.04700125457766729 59
1646511765676 0.03345563131360672 60
1646511770398 0.022110028550601922 61
1646511777694 0.018716992750668373 62
1646511782412 0.016880684412824802 63
1646511787136 0.021664600019367077 64
1646511791860 0.02080114134467947 65
1646511796588 0.0179043110842124 66
1646511801307 0.020928379661666278 67
1646511806028 0.01839931417280474 68
1646511810752 0.021566948757912867 69
1646511815477 0.018468658798016034 70
1646511821582 0.017786700427770998 71
1646511826303 0.020152163285857592 72
1646511831017 0.01595851457797182 73
1646511835738 0.016794333395619806 74
1646511840462 0.015218719547518935 75
1646511845179 0.01633606841548895 76
1646511849899 0.013966254943695206 77
1646511854619 0.02081249110424557 78
1646511859338 0.01546892325561016 79
1646511864062 0.013928074318055924 80
1646511868784 0.008839929446530266 81
1646511873502 0.010768527248635506 82
1646511878223 0.009948307648301125 83
1646511882945 0.009683030191808939 84
1646511887667 0.009368380083917426 85
1646511892390 0.009155603776423212 86
1646511897114 0.009696634119161619 87
1646511901837 0.010937730351892801 88
1646511906556 0.007853026806305233 89
1646511911277 0.009925272423200883 90
1646511916002 0.0057207014626608444 91
1646511920725 0.00773757691674221 92
1646511925448 0.006993181785592475 93
1646511930173 0.005379093888526161 94
1646511934901 0.006433445246866307 95
1646511939622 0.008170400990937382 96
1646511944348 0.007424332676097178 97
1646511949065 0.00871768967809681 98
1646511953781 0.00925571428767095 99
