1646523826796 0 0
1646523849032 27.016129032258064 1
1646523871377 31.161794354838708 2
1646523892455 31.161794354838708 3
1646523913511 31.161794354838708 4
1646523935976 32.409274193548384 5
1646523958473 33.16532258064516 6
1646523980999 34.32459677419355 7
1646524002164 34.32459677419355 8
1646524023400 34.32459677419355 9
1646524044676 34.32459677419355 10
1646524065988 34.32459677419355 11
1646524087331 34.32459677419355 12
1646524108698 34.32459677419355 13
1646524130092 34.32459677419355 14
1646524151505 34.32459677419355 15
1646524172962 34.32459677419355 16
1646524194410 34.32459677419355 17
1646524215868 34.32459677419355 18
1646524237354 34.32459677419355 19
1646524258854 34.32459677419355 20
1646524280355 34.32459677419355 21
1646524301869 34.32459677419355 22
1646524323377 34.32459677419355 23
1646524344891 34.32459677419355 24
1646524366392 34.32459677419355 25
1646524387916 34.32459677419355 26
1646524409443 34.32459677419355 27
1646524430977 34.32459677419355 28
1646524452497 34.32459677419355 29
1646524474026 34.32459677419355 30
1646524495539 34.32459677419355 31
1646524517058 34.32459677419355 32
1646524538570 34.32459677419355 33
1646524560106 34.32459677419355 34
1646524581630 34.32459677419355 35
1646524603144 34.32459677419355 36
1646524624669 34.32459677419355 37
1646524646200 34.32459677419355 38
1646524667777 34.32459677419355 39
1646524689292 34.32459677419355 40
1646524710841 34.32459677419355 41
1646524732362 34.32459677419355 42
1646524753914 34.32459677419355 43
1646524775442 34.32459677419355 44
1646524796950 34.32459677419355 45
1646524818505 34.32459677419355 46
1646524840031 34.32459677419355 47
1646524861588 34.32459677419355 48
1646524883110 34.32459677419355 49
1646524904658 34.32459677419355 50
1646524926174 34.32459677419355 51
1646524947713 34.32459677419355 52
1646524969234 34.32459677419355 53
1646524990765 34.32459677419355 54
1646525012335 34.32459677419355 55
1646525033882 34.32459677419355 56
1646525056582 34.32459677419355 57
1646525078109 34.32459677419355 58
1646525099627 34.32459677419355 59
1646525121166 34.32459677419355 60
1646525142646 34.32459677419355 61
1646525164164 34.32459677419355 62
1646525185678 34.32459677419355 63
1646525207623 34.32459677419355 64
1646525229130 34.32459677419355 65
1646525250634 34.32459677419355 66
1646525273474 34.32459677419355 67
1646525294987 34.32459677419355 68
1646525316986 34.32459677419355 69
1646525338494 34.32459677419355 70
1646525360014 34.32459677419355 71
1646525381550 34.32459677419355 72
1646525403077 34.32459677419355 73
1646525424906 34.32459677419355 74
1646525446428 34.32459677419355 75
1646525467946 34.32459677419355 76
1646525489481 34.32459677419355 77
1646525510999 34.32459677419355 78
1646525532500 34.32459677419355 79
1646525554008 34.32459677419355 80
1646525575516 34.32459677419355 81
1646525597024 34.32459677419355 82
1646525618550 34.32459677419355 83
1646525640045 34.32459677419355 84
1646525661577 34.32459677419355 85
1646525683091 34.32459677419355 86
1646525704603 34.32459677419355 87
1646525726134 34.32459677419355 88
1646525747661 34.32459677419355 89
1646525769172 34.32459677419355 90
1646525790674 34.32459677419355 91
1646525812128 34.32459677419355 92
1646525833523 34.32459677419355 93
1646525854869 34.32459677419355 94
1646525876175 34.32459677419355 95
1646525897456 34.32459677419355 96
1646525918672 34.32459677419355 97
1646525939873 34.32459677419355 98
1646525961064 34.32459677419355 99
