1646523826782 0.001 0
1646523849022 0.001 1
1646523871366 0.001 2
1646523892444 0.001 3
1646523913500 0.001 4
1646523935966 0.001 5
1646523958463 0.001 6
1646523980989 0.001 7
1646524002152 0.001 8
1646524023389 0.001 9
1646524044665 0.001 10
1646524065976 0.001 11
1646524087319 0.001 12
1646524108688 0.001 13
1646524130080 0.001 14
1646524151495 0.001 15
1646524172951 0.001 16
1646524194399 0.001 17
1646524215856 0.001 18
1646524237343 0.001 19
1646524258843 0.0005 20
1646524280342 0.0005 21
1646524301859 0.0005 22
1646524323365 0.0005 23
1646524344878 0.0005 24
1646524366381 0.0005 25
1646524387903 0.0005 26
1646524409431 0.0005 27
1646524430966 0.0005 28
1646524452484 0.0005 29
1646524474012 0.0005 30
1646524495526 0.0005 31
1646524517042 0.0005 32
1646524538557 0.0005 33
1646524560094 0.0005 34
1646524581618 0.0005 35
1646524603129 0.0005 36
1646524624656 0.0005 37
1646524646188 0.0005 38
1646524667764 0.0005 39
1646524689279 0.00025 40
1646524710828 0.00025 41
1646524732349 0.00025 42
1646524753899 0.00025 43
1646524775429 0.00025 44
1646524796937 0.00025 45
1646524818490 0.00025 46
1646524840017 0.00025 47
1646524861575 0.00025 48
1646524883097 0.00025 49
1646524904645 0.00025 50
1646524926161 0.00025 51
1646524947699 0.00025 52
1646524969221 0.00025 53
1646524990750 0.00025 54
1646525012322 0.00025 55
1646525033869 0.00025 56
1646525056569 0.00025 57
1646525078096 0.00025 58
1646525099614 0.00025 59
1646525121153 0.000125 60
1646525142632 0.000125 61
1646525164151 0.000125 62
1646525185665 0.000125 63
1646525207612 0.000125 64
1646525229118 0.000125 65
1646525250623 0.000125 66
1646525273461 0.000125 67
1646525294975 0.000125 68
1646525316974 0.000125 69
1646525338481 0.000125 70
1646525360002 0.000125 71
1646525381537 0.000125 72
1646525403065 0.000125 73
1646525424895 0.000125 74
1646525446417 0.000125 75
1646525467934 0.000125 76
1646525489469 0.000125 77
1646525510988 0.000125 78
1646525532488 0.000125 79
1646525553995 6.25e-05 80
1646525575502 6.25e-05 81
1646525597012 6.25e-05 82
1646525618540 6.25e-05 83
1646525640033 6.25e-05 84
1646525661564 6.25e-05 85
1646525683079 6.25e-05 86
1646525704590 6.25e-05 87
1646525726123 6.25e-05 88
1646525747651 6.25e-05 89
1646525769159 6.25e-05 90
1646525790662 6.25e-05 91
1646525812114 6.25e-05 92
1646525833509 6.25e-05 93
1646525854854 6.25e-05 94
1646525876162 6.25e-05 95
1646525897443 6.25e-05 96
1646525918658 6.25e-05 97
1646525939859 6.25e-05 98
1646525961047 6.25e-05 99
