1646523826791 39.973958333333336 0
1646523849029 60.57581018518518 1
1646523871373 66.55092592592592 2
1646523892451 71.15162037037037 3
1646523913507 74.82638888888889 4
1646523935972 78.54456018518519 5
1646523958469 81.33680555555556 6
1646523980996 83.33333333333333 7
1646524002159 85.31539351851852 8
1646524023396 52.633101851851855 9
1646524044672 35.12731481481482 10
1646524065983 43.532986111111114 11
1646524087326 48.00347222222222 12
1646524108694 50.82465277777778 13
1646524130087 53.28414351851852 14
1646524151501 55.78703703703704 15
1646524172958 58.68055555555556 16
1646524194406 61.226851851851855 17
1646524215863 64.40972222222223 18
1646524237350 66.97048611111111 19
1646524258850 69.73379629629629 20
1646524280350 72.36689814814815 21
1646524301865 72.87326388888889 22
1646524323372 74.29108796296296 23
1646524344887 76.21527777777777 24
1646524366388 77.66203703703704 25
1646524387910 78.99305555555556 26
1646524409439 80.29513888888889 27
1646524430973 81.38020833333333 28
1646524452492 82.76909722222223 29
1646524474021 83.94097222222223 30
1646524495533 85.01157407407408 31
1646524517053 85.96643518518519 32
1646524538565 87.00810185185185 33
1646524560101 87.93402777777777 34
1646524581625 88.16550925925925 35
1646524603138 89.40972222222223 36
1646524624664 90.17650462962963 37
1646524646196 90.33564814814815 38
1646524667773 91.796875 39
1646524689287 92.80960648148148 40
1646524710837 94.03935185185185 41
1646524732357 94.03935185185185 42
1646524753908 94.27083333333333 43
1646524775437 94.40104166666667 44
1646524796945 94.74826388888889 45
1646524818499 95.03761574074075 46
1646524840026 95.37037037037037 47
1646524861584 95.26909722222223 48
1646524883105 95.703125 49
1646524904653 95.67418981481481 50
1646524926169 95.65972222222223 51
1646524947707 96.31076388888889 52
1646524969229 96.58564814814815 53
1646524990759 96.4699074074074 54
1646525012331 96.28182870370371 55
1646525033877 96.54224537037037 56
1646525056577 96.32523148148148 57
1646525078105 96.64351851851852 58
1646525099622 96.81712962962963 59
1646525121162 97.29456018518519 60
1646525142641 97.59837962962963 61
1646525164159 97.90219907407408 62
1646525185673 98.0324074074074 63
1646525207619 97.91666666666667 64
1646525229126 97.98900462962963 65
1646525250630 97.78645833333333 66
1646525273469 98.23495370370371 67
1646525294983 97.93113425925925 68
1646525316981 97.88773148148148 69
1646525338489 97.97453703703704 70
1646525360010 98.07581018518519 71
1646525381545 98.0324074074074 72
1646525403073 98.24942129629629 73
1646525424902 98.37962962962963 74
1646525446424 98.4375 75
1646525467942 98.4375 76
1646525489476 98.58217592592592 77
1646525510995 98.55324074074075 78
1646525532495 98.53877314814815 79
1646525554003 98.71238425925925 80
1646525575510 98.46643518518519 81
1646525597019 98.72685185185185 82
1646525618546 98.71238425925925 83
1646525640041 98.94386574074075 84
1646525661572 99.00173611111111 85
1646525683086 98.52430555555556 86
1646525704598 98.77025462962963 87
1646525726130 98.79918981481481 88
1646525747657 98.97280092592592 89
1646525769167 98.97280092592592 90
1646525790669 99.04513888888889 91
1646525812122 99.05960648148148 92
1646525833518 98.94386574074075 93
1646525854863 98.828125 94
1646525876169 98.92939814814815 95
1646525897451 99.04513888888889 96
1646525918668 98.97280092592592 97
1646525939868 99.07407407407408 98
1646525961058 99.04513888888889 99
