1646523826786 3.3596252975640475 0
1646523849025 1.4342374735408359 1
1646523871369 1.1915713361016027 2
1646523892447 0.9927259142752047 3
1646523913503 0.8227878985581575 4
1646523935968 0.6977931443187926 5
1646523958465 0.599392799867524 6
1646523980992 0.5387786665448436 7
1646524002155 0.46784496859267904 8
1646524023392 3.6338320109579296 9
1646524044668 2.9168651788323015 10
1646524065979 2.376353782636148 11
1646524087322 2.1002256561208656 12
1646524108691 1.9161639434319955 13
1646524130082 1.777760468147419 14
1646524151497 1.6252909346863076 15
1646524172954 1.5037956281944558 16
1646524194402 1.377105880666662 17
1646524215859 1.2417703745541748 18
1646524237346 1.1364274311948706 19
1646524258846 1.017136232720481 20
1646524280345 0.9372347482928524 21
1646524301861 0.898711089734678 22
1646524323368 0.8455593332096383 23
1646524344881 0.7853581706682841 24
1646524366384 0.7396400913044259 25
1646524387906 0.6920000314712524 26
1646524409434 0.6633395889291057 27
1646524430969 0.6219771995588586 28
1646524452487 0.5755870011117723 29
1646524474016 0.5415626560096387 30
1646524495529 0.5073184161274521 31
1646524517046 0.47507483870894823 32
1646524538560 0.44120186346548573 33
1646524560097 0.41508251980498984 34
1646524581621 0.40044251967359473 35
1646524603133 0.3595565582315127 36
1646524624660 0.34160183287329143 37
1646524646191 0.33429343943242673 38
1646524667768 0.3017012678362705 39
1646524689282 0.26700427576347635 40
1646524710831 0.24027470802819287 41
1646524732353 0.2249149649783417 42
1646524753902 0.22502096356065185 43
1646524775432 0.21493363463216358 44
1646524796941 0.21246372080511516 45
1646524818493 0.19914123015823187 46
1646524840021 0.1903787193198999 47
1646524861578 0.18925165716144773 48
1646524883100 0.17632118667717334 49
1646524904648 0.1758925829220701 50
1646524926164 0.16406021819070535 51
1646524947702 0.15982169616553518 52
1646524969224 0.1497788841801661 53
1646524990754 0.14696283817843156 54
1646525012325 0.14961637570350259 55
1646525033872 0.13834548424239512 56
1646525056572 0.14075042997245435 57
1646525078099 0.13468726462236158 58
1646525099617 0.12942710574026461 59
1646525121157 0.11305979170181134 60
1646525142635 0.10217976963354482 61
1646525164154 0.09556691383046133 62
1646525185668 0.09639799732852865 63
1646525207615 0.09543376726408799 64
1646525229121 0.0909087071540179 65
1646525250626 0.09129302879726445 66
1646525273464 0.08240801640958698 67
1646525294978 0.08906635014271294 68
1646525316977 0.08613083539185701 69
1646525338484 0.08785395689860538 70
1646525360005 0.08160613449635329 71
1646525381540 0.08232082316169033 72
1646525403068 0.0782517715598698 73
1646525424898 0.07900770643243084 74
1646525446421 0.0742074618185008 75
1646525467937 0.07163397208959968 76
1646525489472 0.07165336360534032 77
1646525510991 0.06867338544516652 78
1646525532491 0.06620496949525895 79
1646525553998 0.06172906869539508 80
1646525575506 0.06800146442320612 81
1646525597014 0.05977843253424874 82
1646525618542 0.06030774458001057 83
1646525640037 0.05582188518234977 84
1646525661567 0.055483522893929924 85
1646525683082 0.059614656734521744 86
1646525704593 0.05485837813466787 87
1646525726126 0.053155215491575224 88
1646525747654 0.05233421649231955 89
1646525769162 0.05194015121432366 90
1646525790665 0.05007059006365361 91
1646525812117 0.04718374792072508 92
1646525833513 0.047660152738293014 93
1646525854858 0.0507482978756781 94
1646525876165 0.04723777394327852 95
1646525897447 0.046393412406797764 96
1646525918662 0.050132315433411685 97
1646525939862 0.04738113970530254 98
1646525961051 0.046846864814007724 99
