1646512009833 0 0
1646512026560 33.333333333333336 1
1646512043313 41.510416666666664 2
1646512060050 49.375 3
1646512076776 54.739583333333336 4
1646512093503 56.927083333333336 5
1646512110223 60.15625 6
1646512125983 63.854166666666664 7
1646512140452 63.854166666666664 8
1646512154932 63.854166666666664 9
1646512171802 64.6875 10
1646512188691 65.78125 11
1646512204459 67.03125 12
1646512218941 67.03125 13
1646512233424 67.03125 14
1646512249214 68.90625 15
1646512263696 68.90625 16
1646512279470 70.57291666666667 17
1646512294607 70.57291666666667 18
1646512309094 70.57291666666667 19
1646512323586 70.57291666666667 20
1646512339382 70.88541666666667 21
1646512354734 70.88541666666667 22
1646512370528 71.04166666666667 23
1646512385024 71.04166666666667 24
1646512399510 71.04166666666667 25
1646512414836 71.04166666666667 26
1646512429327 71.04166666666667 27
1646512443820 71.04166666666667 28
1646512458318 71.04166666666667 29
1646512474086 71.5625 30
1646512488575 71.5625 31
1646512503073 71.5625 32
1646512517566 71.5625 33
1646512532619 71.5625 34
1646512547120 71.5625 35
1646512561623 71.5625 36
1646512576122 71.5625 37
1646512590624 71.5625 38
1646512605124 71.5625 39
1646512619630 71.5625 40
1646512634132 71.5625 41
1646512649923 71.66666666666667 42
1646512664421 71.66666666666667 43
1646512680210 71.82291666666667 44
1646512694710 71.82291666666667 45
1646512709200 71.82291666666667 46
1646512723696 71.82291666666667 47
1646512739480 72.5 48
1646512753972 72.5 49
1646512768472 72.5 50
1646512782970 72.5 51
1646512797470 72.5 52
1646512811963 72.5 53
1646512826453 72.5 54
1646512840936 72.5 55
1646512855429 72.5 56
1646512869924 72.5 57
1646512884421 72.5 58
1646512898922 72.5 59
1646512913469 72.5 60
1646512927977 72.5 61
1646512942482 72.5 62
1646512956981 72.5 63
1646512971473 72.5 64
1646512985972 72.5 65
1646513000474 72.5 66
1646513014975 72.5 67
1646513029482 72.5 68
1646513043987 72.5 69
1646513058493 72.5 70
1646513072995 72.5 71
1646513087498 72.5 72
1646513101999 72.5 73
1646513116492 72.5 74
1646513130993 72.5 75
1646513145483 72.5 76
1646513159985 72.5 77
1646513174486 72.5 78
1646513188986 72.5 79
1646513203483 72.5 80
1646513217983 72.5 81
1646513232474 72.5 82
1646513246976 72.5 83
1646513261473 72.5 84
1646513275968 72.5 85
1646513290463 72.5 86
1646513304955 72.5 87
1646513319449 72.5 88
1646513333945 72.5 89
1646513348442 72.5 90
1646513362936 72.5 91
1646513377429 72.5 92
1646513391927 72.5 93
1646513406420 72.5 94
1646513420912 72.5 95
1646513435401 72.5 96
1646513449893 72.5 97
1646513464388 72.5 98
1646513478883 72.5 99
