1646512009820 0.001 0
1646512026548 0.001 1
1646512043301 0.001 2
1646512060038 0.001 3
1646512076763 0.001 4
1646512093492 0.001 5
1646512110212 0.001 6
1646512125971 0.001 7
1646512140439 0.001 8
1646512154919 0.001 9
1646512171787 0.001 10
1646512187557 0.001 11
1646512204447 0.001 12
1646512218929 0.001 13
1646512233413 0.001 14
1646512249201 0.001 15
1646512263683 0.001 16
1646512279458 0.001 17
1646512293944 0.001 18
1646512309084 0.001 19
1646512323575 0.0005 20
1646512339368 0.0005 21
1646512353871 0.0005 22
1646512370516 0.0005 23
1646512385013 0.0005 24
1646512399498 0.0005 25
1646512413998 0.0005 26
1646512429317 0.0005 27
1646512443809 0.0005 28
1646512458307 0.0005 29
1646512474077 0.0005 30
1646512488566 0.0005 31
1646512503062 0.0005 32
1646512517557 0.0005 33
1646512532057 0.0005 34
1646512547109 0.0005 35
1646512561612 0.0005 36
1646512576112 0.0005 37
1646512590612 0.0005 38
1646512605110 0.0005 39
1646512619617 0.00025 40
1646512634119 0.00025 41
1646512649911 0.00025 42
1646512664408 0.00025 43
1646512680199 0.00025 44
1646512694697 0.00025 45
1646512709189 0.00025 46
1646512723683 0.00025 47
1646512739467 0.00025 48
1646512753959 0.00025 49
1646512768460 0.00025 50
1646512782955 0.00025 51
1646512797457 0.00025 52
1646512811953 0.00025 53
1646512826441 0.00025 54
1646512840923 0.00025 55
1646512855417 0.00025 56
1646512869910 0.00025 57
1646512884407 0.00025 58
1646512898910 0.00025 59
1646512913458 0.000125 60
1646512927964 0.000125 61
1646512942469 0.000125 62
1646512956969 0.000125 63
1646512971461 0.000125 64
1646512985961 0.000125 65
1646513000463 0.000125 66
1646513014962 0.000125 67
1646513029470 0.000125 68
1646513043975 0.000125 69
1646513058482 0.000125 70
1646513072983 0.000125 71
1646513087486 0.000125 72
1646513101988 0.000125 73
1646513116481 0.000125 74
1646513130980 0.000125 75
1646513145472 0.000125 76
1646513159974 0.000125 77
1646513174474 0.000125 78
1646513188975 0.000125 79
1646513203471 6.25e-05 80
1646513217970 6.25e-05 81
1646513232463 6.25e-05 82
1646513246964 6.25e-05 83
1646513261461 6.25e-05 84
1646513275955 6.25e-05 85
1646513290452 6.25e-05 86
1646513304943 6.25e-05 87
1646513319437 6.25e-05 88
1646513333932 6.25e-05 89
1646513348429 6.25e-05 90
1646513362924 6.25e-05 91
1646513377417 6.25e-05 92
1646513391915 6.25e-05 93
1646513406409 6.25e-05 94
1646513420901 6.25e-05 95
1646513435389 6.25e-05 96
1646513449881 6.25e-05 97
1646513464375 6.25e-05 98
1646513478871 6.25e-05 99
