1646512009829 15.885416666666666 0
1646512026556 29.383680555555557 1
1646512043308 43.59085648148148 2
1646512060046 52.9369212962963 3
1646512076771 58.072916666666664 4
1646512093499 62.57233796296296 5
1646512110219 66.62326388888889 6
1646512125978 69.09722222222223 7
1646512140447 71.81712962962963 8
1646512154928 73.95833333333333 9
1646512171797 75.65104166666667 10
1646512188685 77.87905092592592 11
1646512204455 79.51388888888889 12
1646512218936 80.10706018518519 13
1646512233420 81.88657407407408 14
1646512249209 82.85590277777777 15
1646512263692 85.41666666666667 16
1646512279466 85.28645833333333 17
1646512294602 86.03877314814815 18
1646512309091 85.57581018518519 19
1646512323582 91.26157407407408 20
1646512339377 92.70833333333333 21
1646512354729 94.1261574074074 22
1646512370524 94.31423611111111 23
1646512385020 94.64699074074075 24
1646512399506 95.05208333333333 25
1646512414768 94.97974537037037 26
1646512429323 95.2980324074074 27
1646512443816 95.05208333333333 28
1646512458314 94.74826388888889 29
1646512474083 94.84953703703704 30
1646512488572 95.83333333333333 31
1646512503069 96.33969907407408 32
1646512517563 96.0792824074074 33
1646512532614 96.44097222222223 34
1646512547116 95.42824074074075 35
1646512561619 95.45717592592592 36
1646512576118 96.00694444444444 37
1646512590620 96.16608796296296 38
1646512605119 95.99247685185185 39
1646512619626 97.48263888888889 40
1646512634127 98.48090277777777 41
1646512649919 98.50983796296296 42
1646512664416 99.05960648148148 43
1646512680206 98.92939814814815 44
1646512694705 98.71238425925925 45
1646512709196 99.04513888888889 46
1646512723692 99.29108796296296 47
1646512739475 99.34895833333333 48
1646512753966 99.37789351851852 49
1646512768468 99.21875 50
1646512782964 99.11747685185185 51
1646512797465 99.10300925925925 52
1646512811959 98.92939814814815 53
1646512826449 99.05960648148148 54
1646512840931 99.00173611111111 55
1646512855425 98.90046296296296 56
1646512869918 99.10300925925925 57
1646512884416 99.2042824074074 58
1646512898917 98.88599537037037 59
1646512913465 99.27662037037037 60
1646512927972 99.72511574074075 61
1646512942477 99.56597222222223 62
1646512956977 99.66724537037037 63
1646512971469 99.68171296296296 64
1646512985968 99.71064814814815 65
1646513000470 99.5949074074074 66
1646513014970 99.69618055555556 67
1646513029478 99.66724537037037 68
1646513043983 99.68171296296296 69
1646513058489 99.68171296296296 70
1646513072990 99.79745370370371 71
1646513087493 99.56597222222223 72
1646513101995 99.85532407407408 73
1646513116488 99.89872685185185 74
1646513130988 99.65277777777777 75
1646513145480 99.6238425925926 76
1646513159982 99.63831018518519 77
1646513174482 99.56597222222223 78
1646513188982 99.81192129629629 79
1646513203479 99.68171296296296 80
1646513217978 99.78298611111111 81
1646513232471 99.84085648148148 82
1646513246971 99.91319444444444 83
1646513261469 99.78298611111111 84
1646513275963 99.82638888888889 85
1646513290459 99.84085648148148 86
1646513304951 99.88425925925925 87
1646513319444 99.86979166666667 88
1646513333940 99.86979166666667 89
1646513348437 99.85532407407408 90
1646513362932 99.89872685185185 91
1646513377425 99.82638888888889 92
1646513391923 99.86979166666667 93
1646513406416 99.81192129629629 94
1646513420908 99.88425925925925 95
1646513435397 99.88425925925925 96
1646513449889 99.86979166666667 97
1646513464383 99.81192129629629 98
1646513478878 99.82638888888889 99
