1646512009824 12.847328296414128 0
1646512026552 2.359257424319232 1
1646512043304 1.6697757575247023 2
1646512060041 1.377885220227418 3
1646512076766 1.2189472240430337 4
1646512093494 1.085488146101987 5
1646512110215 0.9595559857509754 6
1646512125974 0.9002507229646047 7
1646512140442 0.808295883514263 8
1646512154922 0.7377767474563034 9
1646512171791 0.7082299689451853 10
1646512187960 0.6503945688406626 11
1646512204450 0.5927105904729278 12
1646512218932 0.5731799712887516 13
1646512233416 0.5317272069277587 14
1646512249204 0.49041429769109796 15
1646512263687 0.42664202413073293 16
1646512279462 0.42053932779365116 17
1646512294298 0.4110663146884353 18
1646512309087 0.3965948036423436 19
1646512323578 0.26291238902895536 20
1646512339371 0.22450775046039512 21
1646512354263 0.1885813135239813 22
1646512370519 0.1739175292076888 23
1646512385016 0.1640083531814593 24
1646512399501 0.15784715764500476 25
1646512414276 0.1527010390052089 26
1646512429319 0.1424920200197785 27
1646512443812 0.1471442807879713 28
1646512458310 0.15372895946105322 29
1646512474080 0.1555841394044735 30
1646512488568 0.12125109881162643 31
1646512503065 0.11510685486374078 32
1646512517559 0.11590827877322833 33
1646512532355 0.11323121190071106 34
1646512547112 0.12615669560101297 35
1646512561615 0.1265968690039935 36
1646512576115 0.12060215089608121 37
1646512590614 0.12017290514928324 38
1646512605114 0.11451794903863359 39
1646512619621 0.0791412079706788 40
1646512634123 0.050616176454005415 41
1646512649914 0.047205763317092704 42
1646512664411 0.03709490436853634 43
1646512680202 0.039219682294599434 44
1646512694700 0.04095694384779091 45
1646512709192 0.034048293372271235 46
1646512723687 0.026568796830596746 47
1646512739470 0.02372984279430023 48
1646512753962 0.026752779484485036 49
1646512768463 0.028247539721498335 50
1646512782958 0.03265982926650732 51
1646512797460 0.03193497365444071 52
1646512811955 0.033686194120457875 53
1646512826444 0.030966293394427608 54
1646512840926 0.030708535617493368 55
1646512855420 0.033829564349380906 56
1646512869913 0.032918507164275204 57
1646512884410 0.028213823835055035 58
1646512898913 0.0367456804788499 59
1646512913461 0.022259828884637466 60
1646512927967 0.013755279791506904 61
1646512942472 0.01632834782530726 62
1646512956972 0.01448076269675598 63
1646512971464 0.012412096779034645 64
1646512985964 0.012641312425128289 65
1646513000465 0.014783875094036813 66
1646513014966 0.011474954473130681 67
1646513029473 0.013859196816122642 68
1646513043978 0.014224852098979883 69
1646513058485 0.012320472587210437 70
1646513072986 0.009723785337647077 71
1646513087489 0.01431156956176791 72
1646513101991 0.00912243554679056 73
1646513116484 0.008259602654207911 74
1646513130983 0.011417641159992113 75
1646513145476 0.013981900716855846 76
1646513159977 0.011675537175809344 77
1646513174477 0.014630244212673494 78
1646513188978 0.011320900521241128 79
1646513203474 0.011881634480906305 80
1646513217974 0.00810342036506713 81
1646513232466 0.007400068447976891 82
1646513246966 0.005976234849421652 83
1646513261464 0.00858260617867388 84
1646513275958 0.009111325255448551 85
1646513290455 0.008490878295291352 86
1646513304946 0.006201184606955697 87
1646513319440 0.006836274265811813 88
1646513333935 0.0063888008266480435 89
1646513348432 0.006901762308121694 90
1646513362928 0.006323938124330231 91
1646513377420 0.007849763246701547 92
1646513391918 0.0064456386047553405 93
1646513406412 0.00678485799774838 94
1646513420903 0.007019227885865365 95
1646513435392 0.006005074369669374 96
1646513449884 0.005726996830802549 97
1646513464378 0.007121600756093998 98
1646513478874 0.006471472015147339 99
