1646530856936 0 0
1646531001525 68.6698717948718 1
1646531147939 75.48076923076923 2
1646531292700 78.13501602564102 3
1646531437462 81.01963141025641 4
1646531582200 82.12139423076923 5
1646531727034 82.51201923076923 6
1646531871803 83.85416666666667 7
1646532016517 84.4951923076923 8
1646532161280 85.15625 9
1646532306816 85.15625 10
1646532451528 85.67708333333333 11
1646532596240 86.49839743589743 12
1646532739556 86.49839743589743 13
1646532882853 86.49839743589743 14
1646533027875 86.5985576923077 15
1646533172579 87.86057692307692 16
1646533315910 87.86057692307692 17
1646533461088 88.82211538461539 18
1646533604399 88.82211538461539 19
1646533747743 88.82211538461539 20
1646533892945 90.36458333333333 21
1646534036313 90.36458333333333 22
1646534181031 90.41466346153847 23
1646534324797 90.41466346153847 24
1646534469573 90.72516025641026 25
1646534614703 90.72516025641026 26
1646534758051 90.72516025641026 27
1646534902144 90.72516025641026 28
1646535045492 90.72516025641026 29
1646535188815 90.72516025641026 30
1646535332122 90.72516025641026 31
1646535476798 91.23597756410257 32
1646535620150 91.23597756410257 33
1646535764871 91.56650641025641 34
1646535908195 91.56650641025641 35
1646536051572 91.56650641025641 36
1646536194933 91.56650641025641 37
1646536338293 91.56650641025641 38
1646536481623 91.56650641025641 39
1646536626281 91.72676282051282 40
1646536770950 92.77844551282051 41
1646536916347 92.8485576923077 42
1646537059695 92.8485576923077 43
1646537203027 92.8485576923077 44
1646537346369 92.8485576923077 45
1646537489703 92.8485576923077 46
1646537633034 92.8485576923077 47
1646537776330 92.8485576923077 48
1646537919669 92.8485576923077 49
1646538063024 92.8485576923077 50
1646538206359 92.8485576923077 51
1646538349695 92.8485576923077 52
1646538493043 92.8485576923077 53
1646538636636 92.8485576923077 54
1646538779949 92.8485576923077 55
1646538924625 92.8886217948718 56
1646539067985 92.8886217948718 57
1646539211346 92.8886217948718 58
1646539354717 92.8886217948718 59
1646539498065 92.8886217948718 60
1646539642748 93.37940705128206 61
1646539786093 93.37940705128206 62
1646539929410 93.37940705128206 63
1646540076122 93.37940705128206 64
1646540219428 93.37940705128206 65
1646540362766 93.37940705128206 66
1646540509425 93.37940705128206 67
1646540653041 93.37940705128206 68
1646540796398 93.37940705128206 69
1646540941109 93.40945512820512 70
1646541085836 93.48958333333333 71
1646541229139 93.48958333333333 72
1646541372471 93.48958333333333 73
1646541517174 93.50961538461539 74
1646541661926 93.52964743589743 75
1646541806646 93.55969551282051 76
1646541949976 93.55969551282051 77
1646542093328 93.55969551282051 78
1646542241263 93.67988782051282 79
1646542384537 93.67988782051282 80
1646542528925 93.7099358974359 81
1646542673296 93.8301282051282 82
1646542816265 93.8301282051282 83
1646542959234 93.8301282051282 84
1646543102215 93.8301282051282 85
1646543245210 93.8301282051282 86
1646543388161 93.8301282051282 87
1646543534420 93.8301282051282 88
1646543677423 93.8301282051282 89
1646543820417 93.8301282051282 90
1646543963403 93.8301282051282 91
1646544106383 93.8301282051282 92
1646544249334 93.8301282051282 93
1646544393117 93.8301282051282 94
1646544536087 93.8301282051282 95
1646544679051 93.8301282051282 96
1646544821937 93.8301282051282 97
1646544964805 93.8301282051282 98
1646545109083 93.8301282051282 99
