1646530856922 0.001 0
1646531001513 0.001 1
1646531147929 0.001 2
1646531292688 0.001 3
1646531437451 0.001 4
1646531582188 0.001 5
1646531727021 0.001 6
1646531871792 0.001 7
1646532016506 0.001 8
1646532161265 0.001 9
1646532306801 0.001 10
1646532451515 0.001 11
1646532596229 0.001 12
1646532739543 0.001 13
1646532882841 0.001 14
1646533027862 0.001 15
1646533172567 0.001 16
1646533315898 0.001 17
1646533461074 0.001 18
1646533604387 0.001 19
1646533747730 0.0005 20
1646533892932 0.0005 21
1646534036301 0.0005 22
1646534181016 0.0005 23
1646534324786 0.0005 24
1646534469561 0.0005 25
1646534614689 0.0005 26
1646534758037 0.0005 27
1646534902132 0.0005 28
1646535045480 0.0005 29
1646535188800 0.0005 30
1646535332111 0.0005 31
1646535476787 0.0005 32
1646535620138 0.0005 33
1646535764860 0.0005 34
1646535908183 0.0005 35
1646536051561 0.0005 36
1646536194921 0.0005 37
1646536338282 0.0005 38
1646536481611 0.0005 39
1646536626270 0.00025 40
1646536770938 0.00025 41
1646536916336 0.00025 42
1646537059681 0.00025 43
1646537203014 0.00025 44
1646537346355 0.00025 45
1646537489691 0.00025 46
1646537633022 0.00025 47
1646537776318 0.00025 48
1646537919656 0.00025 49
1646538063012 0.00025 50
1646538206346 0.00025 51
1646538349683 0.00025 52
1646538493029 0.00025 53
1646538636622 0.00025 54
1646538779934 0.00025 55
1646538924612 0.00025 56
1646539067974 0.00025 57
1646539211334 0.00025 58
1646539354705 0.00025 59
1646539498051 0.000125 60
1646539642736 0.000125 61
1646539786079 0.000125 62
1646539929398 0.000125 63
1646540076108 0.000125 64
1646540219416 0.000125 65
1646540362754 0.000125 66
1646540509412 0.000125 67
1646540653028 0.000125 68
1646540796385 0.000125 69
1646540941094 0.000125 70
1646541085824 0.000125 71
1646541229128 0.000125 72
1646541372459 0.000125 73
1646541517161 0.000125 74
1646541661914 0.000125 75
1646541806630 0.000125 76
1646541949962 0.000125 77
1646542093313 0.000125 78
1646542241248 0.000125 79
1646542384524 6.25e-05 80
1646542528913 6.25e-05 81
1646542673284 6.25e-05 82
1646542816249 6.25e-05 83
1646542959222 6.25e-05 84
1646543102202 6.25e-05 85
1646543245197 6.25e-05 86
1646543388147 6.25e-05 87
1646543534405 6.25e-05 88
1646543677409 6.25e-05 89
1646543820406 6.25e-05 90
1646543963391 6.25e-05 91
1646544106370 6.25e-05 92
1646544249320 6.25e-05 93
1646544393104 6.25e-05 94
1646544536075 6.25e-05 95
1646544679035 6.25e-05 96
1646544821923 6.25e-05 97
1646544964776 6.25e-05 98
1646545109068 6.25e-05 99
