1646530856931 57.760416666666664 0
1646531001521 72.43189102564102 1
1646531147936 77.34375 2
1646531292696 79.73958333333333 3
1646531437459 81.97516025641026 4
1646531582196 83.23517628205128 5
1646531727029 84.48517628205128 6
1646531871799 85.62099358974359 7
1646532016512 86.2099358974359 8
1646532161274 86.74278846153847 9
1646532306810 87.28766025641026 10
1646532451524 87.83253205128206 11
1646532596236 88.26722756410257 12
1646532739551 88.7520032051282 13
1646532882849 89.15865384615384 14
1646533027871 89.30689102564102 15
1646533172574 89.53525641025641 16
1646533315905 90.12219551282051 17
1646533461083 90.078125 18
1646533604395 90.6630608974359 19
1646533747739 93.60176282051282 20
1646533892941 94.05448717948718 21
1646534036309 94.1005608974359 22
1646534181025 94.2608173076923 23
1646534324793 94.27884615384616 24
1646534469568 94.65544871794872 25
1646534614698 94.6474358974359 26
1646534758046 94.86979166666667 27
1646534902140 95.14222756410257 28
1646535045488 95.3525641025641 29
1646535188809 95.3125 30
1646535332119 95.53084935897436 31
1646535476793 95.7792467948718 32
1646535620145 95.85536858974359 33
1646535764867 96.26402243589743 34
1646535908190 96.25600961538461 35
1646536051568 96.42427884615384 36
1646536194929 96.46834935897436 37
1646536338289 96.70272435897436 38
1646536481619 96.63461538461539 39
1646536626277 98.21314102564102 40
1646536770946 98.57772435897436 41
1646536916343 98.49158653846153 42
1646537059689 98.57972756410257 43
1646537203023 98.55969551282051 44
1646537346364 98.70592948717949 45
1646537489698 98.68790064102564 46
1646537633030 98.58774038461539 47
1646537776325 98.62379807692308 48
1646537919664 98.71594551282051 49
1646538063020 98.76402243589743 50
1646538206354 98.92027243589743 51
1646538349690 98.71995192307692 52
1646538493038 98.81209935897436 53
1646538636631 98.85216346153847 54
1646538779944 98.87419871794872 55
1646538924620 98.89423076923077 56
1646539067981 98.95833333333333 57
1646539211342 98.7900641025641 58
1646539354712 99.01442307692308 59
1646539498060 99.36298076923077 60
1646539642744 99.51923076923077 61
1646539786088 98.2431891025641 62
1646539929406 96.57251602564102 63
1646540076117 98.22916666666667 64
1646540219423 98.77604166666667 65
1646540362762 99.08453525641026 66
1646540509420 99.20272435897436 67
1646540653036 99.35897435897436 68
1646540796393 99.44110576923077 69
1646540941103 99.47516025641026 70
1646541085832 99.5673076923077 71
1646541229135 99.5713141025641 72
1646541372466 99.61939102564102 73
1646541517169 99.59735576923077 74
1646541661922 99.63942307692308 75
1646541806640 99.71754807692308 76
1646541949970 99.6854967948718 77
1646542093322 99.73557692307692 78
1646542241257 99.71153846153847 79
1646542384532 99.7275641025641 80
1646542528921 99.75560897435898 81
1646542673292 99.77363782051282 82
1646542816260 99.75360576923077 83
1646542959230 99.7255608974359 84
1646543102210 99.77764423076923 85
1646543245205 99.7676282051282 86
1646543388157 99.74759615384616 87
1646543534414 99.74759615384616 88
1646543677418 99.75761217948718 89
1646543820413 99.73357371794872 90
1646543963399 99.7295673076923 91
1646544106379 99.78565705128206 92
1646544249329 99.75160256410257 93
1646544393112 99.7295673076923 94
1646544536083 99.78565705128206 95
1646544679046 99.79366987179488 96
1646544821933 99.75560897435898 97
1646544964792 99.7676282051282 98
1646545109077 99.74959935897436 99
