1646530856926 1.7077792352590806 0
1646531001516 0.7886451571415632 1
1646531147932 0.6540919786080336 2
1646531292691 0.576846569012373 3
1646531437454 0.5212804996814483 4
1646531582191 0.48365481679256145 5
1646531727024 0.4465804806122413 6
1646531871795 0.41555323279820955 7
1646532016508 0.3972207465997109 8
1646532161269 0.3792254947699033 9
1646532306805 0.3653150757917991 10
1646532451519 0.3455122758562748 11
1646532596232 0.3383031396529613 12
1646532739546 0.3270806468450106 13
1646532882845 0.3108266675701508 14
1646533027866 0.3075769114952821 15
1646533172570 0.2997895463154866 16
1646533315901 0.28329888647183393 17
1646533461078 0.28213705773919057 18
1646533604390 0.26487988573618426 19
1646533747734 0.18167210997870334 20
1646533892936 0.16974570214366302 21
1646534036305 0.16493876051062192 22
1646534181020 0.16341966510010072 23
1646534324789 0.16305692293323004 24
1646534469564 0.1534366243160688 25
1646534614693 0.14841782209009696 26
1646534758041 0.1453751371934628 27
1646534902135 0.1392426786227868 28
1646535045483 0.13084919434995987 29
1646535188804 0.1332710717159968 30
1646535332115 0.12578417859398403 31
1646535476790 0.11795360664717662 32
1646535620141 0.11635966788117702 33
1646535764863 0.1078375193123252 34
1646535908186 0.10769381469163375 35
1646536051564 0.09925642816397624 36
1646536194924 0.10065581359160253 37
1646536338285 0.092773188989705 38
1646536481614 0.09273553732543802 39
1646536626273 0.05041119404471456 40
1646536770941 0.04064067460429401 41
1646536916340 0.0431460307415527 42
1646537059685 0.041332211799752445 43
1646537203017 0.038941443945543885 44
1646537346358 0.037411834993877284 45
1646537489694 0.03833486836236448 46
1646537633025 0.03948591626667155 47
1646537776320 0.03948028978223029 48
1646537919659 0.0368151359540673 49
1646538063015 0.03531263954937458 50
1646538206349 0.031453987650382216 51
1646538349686 0.03629459692165256 52
1646538493033 0.034799794733333285 53
1646538636625 0.032726823426305486 54
1646538779938 0.03228353223172375 55
1646538924616 0.030823800757598992 56
1646539067977 0.028499359439294308 57
1646539211337 0.03405388987948521 58
1646539354708 0.02783931216630989 59
1646539498055 0.018660211121851508 60
1646539642739 0.014140767807093186 61
1646539786083 0.503844750596461 62
1646539929401 0.1180890573737904 63
1646540076112 0.05410288602639085 64
1646540219419 0.035275497706606984 65
1646540362757 0.02798540354706347 66
1646540509416 0.023739548626606568 67
1646540653031 0.020298974048823883 68
1646540796388 0.017410096597786133 69
1646540941098 0.016496073639091963 70
1646541085827 0.014197724938201598 71
1646541229131 0.013513809284314704 72
1646541372462 0.011825864535057917 73
1646541517164 0.01278204227818582 74
1646541661917 0.010825072144582056 75
1646541806634 0.009644463719973245 76
1646541949966 0.009826376778148235 77
1646542093317 0.009310823880533019 78
1646542241251 0.009629525376863641 79
1646542384528 0.008857083246887972 80
1646542528916 0.0084693340321955 81
1646542673287 0.007776462868339597 82
1646542816254 0.008124033740769403 83
1646542959225 0.008177038763787073 84
1646543102206 0.007024923184638819 85
1646543245201 0.007011288996615734 86
1646543388152 0.007716685620238049 87
1646543534409 0.008043582167906257 88
1646543677413 0.00732274469262801 89
1646543820409 0.007865354793596988 90
1646543963395 0.008390216514668189 91
1646544106373 0.007460523566502768 92
1646544249324 0.007619647335079021 93
1646544393108 0.0078117158233325405 94
1646544536078 0.006659372850024225 95
1646544679040 0.006679722101118666 96
1646544821927 0.007108160019486558 97
1646544964782 0.006728082934233289 98
1646545109072 0.007671855561150154 99
