1646519569185 0 0
1646519588159 22.38451086956522 1
1646519607174 34.47690217391305 2
1646519626199 40.18342391304348 3
1646519645237 41.11752717391305 4
1646519664293 43.01970108695652 5
1646519683349 44.56521739130435 6
1646519702417 45.22758152173913 7
1646519720498 45.22758152173913 8
1646519738589 45.22758152173913 9
1646519757672 45.99184782608695 10
1646519775760 45.99184782608695 11
1646519793845 45.99184782608695 12
1646519811937 45.99184782608695 13
1646519830032 45.99184782608695 14
1646519848119 45.99184782608695 15
1646519866211 45.99184782608695 16
1646519884296 45.99184782608695 17
1646519902382 45.99184782608695 18
1646519920466 45.99184782608695 19
1646519938553 45.99184782608695 20
1646519956643 45.99184782608695 21
1646519974727 45.99184782608695 22
1646519992811 45.99184782608695 23
1646520010898 45.99184782608695 24
1646520028984 45.99184782608695 25
1646520047071 45.99184782608695 26
1646520065158 45.99184782608695 27
1646520083244 45.99184782608695 28
1646520101320 45.99184782608695 29
1646520119407 45.99184782608695 30
1646520137497 45.99184782608695 31
1646520155584 45.99184782608695 32
1646520173674 45.99184782608695 33
1646520191764 45.99184782608695 34
1646520209847 45.99184782608695 35
1646520227933 45.99184782608695 36
1646520246016 45.99184782608695 37
1646520264099 45.99184782608695 38
1646520282192 45.99184782608695 39
1646520300283 45.99184782608695 40
1646520318379 45.99184782608695 41
1646520336470 45.99184782608695 42
1646520354552 45.99184782608695 43
1646520372642 45.99184782608695 44
1646520390731 45.99184782608695 45
1646520408823 45.99184782608695 46
1646520426910 45.99184782608695 47
1646520444994 45.99184782608695 48
1646520463079 45.99184782608695 49
1646520481171 45.99184782608695 50
1646520499264 45.99184782608695 51
1646520517358 45.99184782608695 52
1646520535452 45.99184782608695 53
1646520553546 45.99184782608695 54
1646520571636 45.99184782608695 55
1646520589724 45.99184782608695 56
1646520607817 45.99184782608695 57
1646520625907 45.99184782608695 58
1646520643998 45.99184782608695 59
1646520662095 45.99184782608695 60
1646520680182 45.99184782608695 61
1646520698278 45.99184782608695 62
1646520716367 45.99184782608695 63
1646520734459 45.99184782608695 64
1646520752549 45.99184782608695 65
1646520770644 45.99184782608695 66
1646520788737 45.99184782608695 67
1646520806825 45.99184782608695 68
1646520824913 45.99184782608695 69
1646520843005 45.99184782608695 70
1646520861100 45.99184782608695 71
1646520879180 45.99184782608695 72
1646520897273 45.99184782608695 73
1646520915372 45.99184782608695 74
1646520933467 45.99184782608695 75
1646520951564 45.99184782608695 76
1646520969661 45.99184782608695 77
1646520987752 45.99184782608695 78
1646521005847 45.99184782608695 79
1646521023948 45.99184782608695 80
1646521042051 45.99184782608695 81
1646521060151 45.99184782608695 82
1646521078248 45.99184782608695 83
1646521096352 45.99184782608695 84
1646521114445 45.99184782608695 85
1646521132546 45.99184782608695 86
1646521150649 45.99184782608695 87
1646521168748 45.99184782608695 88
1646521186850 45.99184782608695 89
1646521204944 45.99184782608695 90
1646521223026 45.99184782608695 91
1646521241117 45.99184782608695 92
1646521259217 45.99184782608695 93
1646521277311 45.99184782608695 94
1646521299165 45.99184782608695 95
1646521317230 45.99184782608695 96
1646521335317 45.99184782608695 97
1646521353401 45.99184782608695 98
1646521371489 45.99184782608695 99
