1646519569172 0.001 0
1646519588149 0.001 1
1646519607163 0.001 2
1646519626188 0.001 3
1646519645228 0.001 4
1646519664282 0.001 5
1646519683337 0.001 6
1646519702404 0.001 7
1646519720485 0.001 8
1646519738576 0.001 9
1646519757661 0.001 10
1646519775747 0.001 11
1646519793833 0.001 12
1646519811924 0.001 13
1646519830021 0.001 14
1646519848106 0.001 15
1646519866199 0.001 16
1646519884283 0.001 17
1646519902370 0.001 18
1646519920454 0.001 19
1646519938540 0.0005 20
1646519956631 0.0005 21
1646519974715 0.0005 22
1646519992801 0.0005 23
1646520010887 0.0005 24
1646520028975 0.0005 25
1646520047060 0.0005 26
1646520065147 0.0005 27
1646520083233 0.0005 28
1646520101309 0.0005 29
1646520119396 0.0005 30
1646520137486 0.0005 31
1646520155573 0.0005 32
1646520173663 0.0005 33
1646520191753 0.0005 34
1646520209837 0.0005 35
1646520227922 0.0005 36
1646520246006 0.0005 37
1646520264088 0.0005 38
1646520282180 0.0005 39
1646520300272 0.00025 40
1646520318368 0.00025 41
1646520336459 0.00025 42
1646520354543 0.00025 43
1646520372632 0.00025 44
1646520390720 0.00025 45
1646520408814 0.00025 46
1646520426899 0.00025 47
1646520444983 0.00025 48
1646520463067 0.00025 49
1646520481160 0.00025 50
1646520499253 0.00025 51
1646520517348 0.00025 52
1646520535442 0.00025 53
1646520553536 0.00025 54
1646520571625 0.00025 55
1646520589713 0.00025 56
1646520607806 0.00025 57
1646520625896 0.00025 58
1646520643986 0.00025 59
1646520662082 0.000125 60
1646520680170 0.000125 61
1646520698266 0.000125 62
1646520716355 0.000125 63
1646520734448 0.000125 64
1646520752538 0.000125 65
1646520770633 0.000125 66
1646520788726 0.000125 67
1646520806812 0.000125 68
1646520824899 0.000125 69
1646520842993 0.000125 70
1646520861087 0.000125 71
1646520879168 0.000125 72
1646520897259 0.000125 73
1646520915359 0.000125 74
1646520933455 0.000125 75
1646520951551 0.000125 76
1646520969647 0.000125 77
1646520987739 0.000125 78
1646521005832 0.000125 79
1646521023935 6.25e-05 80
1646521042037 6.25e-05 81
1646521060138 6.25e-05 82
1646521078237 6.25e-05 83
1646521096338 6.25e-05 84
1646521114433 6.25e-05 85
1646521132534 6.25e-05 86
1646521150635 6.25e-05 87
1646521168734 6.25e-05 88
1646521186833 6.25e-05 89
1646521204931 6.25e-05 90
1646521223013 6.25e-05 91
1646521241103 6.25e-05 92
1646521259199 6.25e-05 93
1646521277298 6.25e-05 94
1646521299150 6.25e-05 95
1646521317217 6.25e-05 96
1646521335303 6.25e-05 97
1646521353386 6.25e-05 98
1646521371474 6.25e-05 99
