1646519569176 9.618857458785728 0
1646519588152 2.041047617241188 1
1646519607166 1.5718983698774267 2
1646519626191 1.3333110279507108 3
1646519645231 1.182946801185608 4
1646519664285 1.0509009846934565 5
1646519683340 0.9582070432327412 6
1646519702408 0.8593837983078427 7
1646519720489 0.7810959076439893 8
1646519738579 0.7165410507608343 9
1646519757664 0.6440293049370801 10
1646519775750 0.5884554706237934 11
1646519793836 0.5434711454091249 12
1646519811928 0.4892007217363075 13
1646519830023 0.4462997267643611 14
1646519848110 0.4228307665498168 15
1646519866202 0.3619955993360943 16
1646519884286 0.3134486197873398 17
1646519902373 0.298911522935938 18
1646519920457 0.27134400247423734 19
1646519938543 0.21388600601090324 20
1646519956634 0.17676640757256085 21
1646519974718 0.16291309410223254 22
1646519992804 0.1549764225880305 23
1646520010890 0.15033024163157852 24
1646520028977 0.13281370920163613 25
1646520047063 0.13994151988515147 26
1646520065150 0.12229706691922965 27
1646520083237 0.11636948461333911 28
1646520101312 0.11994596667311809 29
1646520119398 0.10311611534820662 30
1646520137489 0.10182552143103546 31
1646520155576 0.10483919525588001 32
1646520173666 0.10282785114314821 33
1646520191756 0.09010122799211079 34
1646520209839 0.08292177354020101 35
1646520227925 0.07560370220906204 36
1646520246008 0.08518548765116268 37
1646520264091 0.0836838621094271 38
1646520282183 0.07445408341785271 39
1646520300275 0.056652899383118856 40
1646520318371 0.04559008735749456 41
1646520336461 0.046547865598566 42
1646520354545 0.04219326280333378 43
1646520372634 0.03929536113584483 44
1646520390723 0.03853388961956457 45
1646520408816 0.041008138925664954 46
1646520426902 0.040634016713334456 47
1646520444986 0.03755891347235 48
1646520463070 0.0329077674627856 49
1646520481163 0.034325721880628005 50
1646520499256 0.034320790579335556 51
1646520517350 0.02964015317114967 52
1646520535444 0.03488230294789429 53
1646520553538 0.033844929067762916 54
1646520571627 0.028126704886003776 55
1646520589716 0.03224264707899204 56
1646520607808 0.027084486455553107 57
1646520625899 0.03164596243382052 58
1646520643989 0.031201880235500908 59
1646520662085 0.02476628035030983 60
1646520680173 0.021775204809037624 61
1646520698269 0.019820493973653625 62
1646520716358 0.019280065558160895 63
1646520734450 0.02275582947940738 64
1646520752540 0.019822774161757144 65
1646520770636 0.01892085878730372 66
1646520788729 0.01950102296002485 67
1646520806815 0.016670848070471374 68
1646520824902 0.018526490398303227 69
1646520842996 0.014771503396332264 70
1646520861090 0.018107404906509653 71
1646520879171 0.019282153065971756 72
1646520897263 0.017637882821468845 73
1646520915362 0.01776824114602749 74
1646520933458 0.01626119447906536 75
1646520951554 0.02057670367260774 76
1646520969651 0.01828080101835507 77
1646520987743 0.016398425800380884 78
1646521005835 0.016712383574081793 79
1646521023938 0.013958665861368732 80
1646521042040 0.013126080036508265 81
1646521060141 0.011765244037464814 82
1646521078240 0.012384630023950228 83
1646521096342 0.011668379996316853 84
1646521114436 0.012591178382367448 85
1646521132537 0.01110492419037554 86
1646521150639 0.011611622404652062 87
1646521168737 0.010518299476071089 88
1646521186837 0.011234984819397883 89
1646521204934 0.01218677600155826 90
1646521223017 0.0102071488638305 91
1646521241106 0.01049384458369955 92
1646521259203 0.012381953980635714 93
1646521277301 0.012154867415557857 94
1646521299153 0.011228691562320347 95
1646521317220 0.010989216544354955 96
1646521335306 0.011487703054660448 97
1646521353389 0.010546796894804747 98
1646521371478 0.01013573366044848 99
