1646519569181 23.55324074074074 0
1646519588156 43.923611111111114 1
1646519607170 54.96238425925926 2
1646519626195 60.951967592592595 3
1646519645234 64.17824074074075 4
1646519664289 68.28703703703704 5
1646519683345 70.84780092592592 6
1646519702413 73.4230324074074 7
1646519720494 75.50636574074075 8
1646519738585 78.02372685185185 9
1646519757669 80.41087962962963 10
1646519775755 81.81423611111111 11
1646519793841 83.36226851851852 12
1646519811932 84.89583333333333 13
1646519830028 86.41493055555556 14
1646519848114 87.18171296296296 15
1646519866207 89.68460648148148 16
1646519884291 91.20370370370371 17
1646519902377 92.07175925925925 18
1646519920462 92.40451388888889 19
1646519938548 94.42997685185185 20
1646519956638 95.86226851851852 21
1646519974722 96.23842592592592 22
1646519992807 96.26736111111111 23
1646520010894 96.36863425925925 24
1646520028981 96.8894675925926 25
1646520047067 96.81712962962963 26
1646520065154 97.2800925925926 27
1646520083240 97.2511574074074 28
1646520101316 97.12094907407408 29
1646520119403 97.68518518518519 30
1646520137493 97.62731481481481 31
1646520155579 97.61284722222223 32
1646520173670 97.69965277777777 33
1646520191760 97.96006944444444 34
1646520209843 98.0613425925926 35
1646520227929 98.4230324074074 36
1646520246012 98.0613425925926 37
1646520264095 98.01793981481481 38
1646520282188 98.20601851851852 39
1646520300279 98.8136574074074 40
1646520318375 99.2042824074074 41
1646520336465 99.11747685185185 42
1646520354549 99.21875 43
1646520372638 99.36342592592592 44
1646520390727 99.27662037037037 45
1646520408820 99.13194444444444 46
1646520426906 99.14641203703704 47
1646520444990 99.24768518518519 48
1646520463074 99.52256944444444 49
1646520481167 99.33449074074075 50
1646520499260 99.32002314814815 51
1646520517354 99.50810185185185 52
1646520535448 99.21875 53
1646520553542 99.30555555555556 54
1646520571632 99.50810185185185 55
1646520589720 99.50810185185185 56
1646520607812 99.58043981481481 57
1646520625903 99.36342592592592 58
1646520643994 99.39236111111111 59
1646520662090 99.5949074074074 60
1646520680177 99.6238425925926 61
1646520698274 99.68171296296296 62
1646520716362 99.71064814814815 63
1646520734455 99.58043981481481 64
1646520752545 99.63831018518519 65
1646520770640 99.76851851851852 66
1646520788733 99.71064814814815 67
1646520806820 99.81192129629629 68
1646520824907 99.68171296296296 69
1646520843001 99.84085648148148 70
1646520861096 99.75405092592592 71
1646520879176 99.65277777777777 72
1646520897268 99.72511574074075 73
1646520915367 99.65277777777777 74
1646520933463 99.79745370370371 75
1646520951559 99.5949074074074 76
1646520969656 99.65277777777777 77
1646520987748 99.76851851851852 78
1646521005842 99.76851851851852 79
1646521023943 99.82638888888889 80
1646521042045 99.81192129629629 81
1646521060146 99.84085648148148 82
1646521078244 99.82638888888889 83
1646521096346 99.85532407407408 84
1646521114441 99.81192129629629 85
1646521132541 99.89872685185185 86
1646521150644 99.91319444444444 87
1646521168742 99.89872685185185 88
1646521186844 99.82638888888889 89
1646521204940 99.82638888888889 90
1646521223022 99.89872685185185 91
1646521241112 99.88425925925925 92
1646521259210 99.82638888888889 93
1646521277306 99.81192129629629 94
1646521299159 99.88425925925925 95
1646521317225 99.82638888888889 96
1646521335312 99.84085648148148 97
1646521353395 99.86979166666667 98
1646521371483 99.82638888888889 99
