1646528504046 0 0
1646528528139 7.632211538461538 1
1646528550608 9.655448717948717 2
1646528573408 13.561698717948717 3
1646528595931 17.64823717948718 4
1646528618448 20.13221153846154 5
1646528641001 22.115384615384617 6
1646528663527 25.330528846153847 7
1646528686062 26.72275641025641 8
1646528708595 27.303685897435898 9
1646528730139 27.303685897435898 10
1646528752706 28.044871794871796 11
1646528775262 28.415464743589745 12
1646528797814 30.64903846153846 13
1646528819367 30.64903846153846 14
1646528840927 30.64903846153846 15
1646528863508 32.56209935897436 16
1646528885066 32.56209935897436 17
1646528906629 32.56209935897436 18
1646528928192 32.56209935897436 19
1646528949752 32.56209935897436 20
1646528971313 32.56209935897436 21
1646528992876 32.56209935897436 22
1646529014439 32.56209935897436 23
1646529036000 32.56209935897436 24
1646529057567 32.56209935897436 25
1646529079139 32.56209935897436 26
1646529100703 32.56209935897436 27
1646529122269 32.56209935897436 28
1646529143839 32.56209935897436 29
1646529165409 32.56209935897436 30
1646529186975 32.56209935897436 31
1646529208546 32.56209935897436 32
1646529230121 32.56209935897436 33
1646529251688 32.56209935897436 34
1646529273262 32.56209935897436 35
1646529294835 32.56209935897436 36
1646529316412 32.56209935897436 37
1646529337979 32.56209935897436 38
1646529359545 32.56209935897436 39
1646529381117 32.56209935897436 40
1646529402683 32.56209935897436 41
1646529424253 32.56209935897436 42
1646529445863 32.56209935897436 43
1646529467435 32.56209935897436 44
1646529489006 32.56209935897436 45
1646529512664 32.56209935897436 46
1646529534227 32.56209935897436 47
1646529555793 32.56209935897436 48
1646529577364 32.56209935897436 49
1646529598932 32.56209935897436 50
1646529620500 32.56209935897436 51
1646529642067 32.56209935897436 52
1646529663635 32.56209935897436 53
1646529685200 32.56209935897436 54
1646529706768 32.56209935897436 55
1646529728335 32.56209935897436 56
1646529749906 32.56209935897436 57
1646529771481 32.56209935897436 58
1646529793053 32.56209935897436 59
1646529814616 32.56209935897436 60
1646529836182 32.56209935897436 61
1646529857752 32.56209935897436 62
1646529879318 32.56209935897436 63
1646529900882 32.56209935897436 64
1646529922450 32.56209935897436 65
1646529944014 32.56209935897436 66
1646529965579 32.56209935897436 67
1646529987146 32.56209935897436 68
1646530008713 32.56209935897436 69
1646530030281 32.56209935897436 70
1646530051844 32.56209935897436 71
1646530073410 32.56209935897436 72
1646530094971 32.56209935897436 73
1646530116529 32.56209935897436 74
1646530138083 32.56209935897436 75
1646530159643 32.56209935897436 76
1646530181206 32.56209935897436 77
1646530202771 32.56209935897436 78
1646530224335 32.56209935897436 79
1646530245895 32.56209935897436 80
1646530267453 32.56209935897436 81
1646530289011 32.56209935897436 82
1646530310571 32.56209935897436 83
1646530332137 32.56209935897436 84
1646530353704 32.56209935897436 85
1646530375268 32.56209935897436 86
1646530396831 32.56209935897436 87
1646530418391 32.56209935897436 88
1646530439957 32.56209935897436 89
1646530461524 32.56209935897436 90
1646530483088 32.56209935897436 91
1646530504649 32.56209935897436 92
1646530526210 32.56209935897436 93
1646530547775 32.56209935897436 94
1646530569334 32.56209935897436 95
1646530590892 32.56209935897436 96
1646530612455 32.56209935897436 97
1646530634009 32.56209935897436 98
1646530655571 32.56209935897436 99
