1646528503937 0.001 0
1646528528126 0.001 1
1646528550596 0.001 2
1646528573399 0.001 3
1646528595921 0.001 4
1646528618436 0.001 5
1646528640989 0.001 6
1646528663515 0.001 7
1646528686050 0.001 8
1646528708584 0.001 9
1646528730128 0.001 10
1646528752696 0.001 11
1646528775249 0.001 12
1646528797805 0.001 13
1646528819354 0.001 14
1646528840914 0.001 15
1646528863495 0.001 16
1646528885054 0.001 17
1646528906616 0.001 18
1646528928178 0.001 19
1646528949741 0.0005 20
1646528971302 0.0005 21
1646528992863 0.0005 22
1646529014428 0.0005 23
1646529035988 0.0005 24
1646529057554 0.0005 25
1646529079126 0.0005 26
1646529100690 0.0005 27
1646529122257 0.0005 28
1646529143826 0.0005 29
1646529165396 0.0005 30
1646529186962 0.0005 31
1646529208533 0.0005 32
1646529230105 0.0005 33
1646529251675 0.0005 34
1646529273249 0.0005 35
1646529294822 0.0005 36
1646529316397 0.0005 37
1646529337966 0.0005 38
1646529359531 0.0005 39
1646529381103 0.00025 40
1646529402670 0.00025 41
1646529424239 0.00025 42
1646529445851 0.00025 43
1646529467421 0.00025 44
1646529488994 0.00025 45
1646529512651 0.00025 46
1646529534214 0.00025 47
1646529555779 0.00025 48
1646529577351 0.00025 49
1646529598918 0.00025 50
1646529620487 0.00025 51
1646529642053 0.00025 52
1646529663622 0.00025 53
1646529685187 0.00025 54
1646529706759 0.00025 55
1646529728321 0.00025 56
1646529749892 0.00025 57
1646529771466 0.00025 58
1646529793035 0.00025 59
1646529814603 0.000125 60
1646529836167 0.000125 61
1646529857738 0.000125 62
1646529879305 0.000125 63
1646529900868 0.000125 64
1646529922436 0.000125 65
1646529944001 0.000125 66
1646529965565 0.000125 67
1646529987132 0.000125 68
1646530008700 0.000125 69
1646530030267 0.000125 70
1646530051831 0.000125 71
1646530073395 0.000125 72
1646530094959 0.000125 73
1646530116516 0.000125 74
1646530138071 0.000125 75
1646530159629 0.000125 76
1646530181193 0.000125 77
1646530202758 0.000125 78
1646530224322 0.000125 79
1646530245882 6.25e-05 80
1646530267439 6.25e-05 81
1646530288998 6.25e-05 82
1646530310559 6.25e-05 83
1646530332124 6.25e-05 84
1646530353692 6.25e-05 85
1646530375255 6.25e-05 86
1646530396819 6.25e-05 87
1646530418379 6.25e-05 88
1646530439944 6.25e-05 89
1646530461511 6.25e-05 90
1646530483075 6.25e-05 91
1646530504637 6.25e-05 92
1646530526197 6.25e-05 93
1646530547763 6.25e-05 94
1646530569323 6.25e-05 95
1646530590879 6.25e-05 96
1646530612443 6.25e-05 97
1646530633996 6.25e-05 98
1646530655559 6.25e-05 99
