1646528504035 18.161972045898438 0
1646528528130 2.6657783367015697 1
1646528550599 2.218281375037299 2
1646528573401 1.8819639042571739 3
1646528595924 1.659210781256358 4
1646528618438 1.5175956598034612 5
1646528640992 1.400200033629382 6
1646528663518 1.2935276605464794 7
1646528686053 1.2079907755057018 8
1646528708587 1.1474306649631925 9
1646528730131 1.0687383932095986 10
1646528752699 1.0071031252543132 11
1646528775252 0.9755393862724304 12
1646528797807 0.8894151901757276 13
1646528819357 0.8359355473959887 14
1646528840918 0.7836990621354845 15
1646528863498 0.7330879171689352 16
1646528885057 0.6827210910894252 17
1646528906620 0.6390148793105725 18
1646528928181 0.5844169783371466 19
1646528949744 0.5042976908109806 20
1646528971305 0.4690039693205445 21
1646528992866 0.44482280093210713 22
1646529014431 0.4075453496641583 23
1646529035991 0.3818472612787176 24
1646529057557 0.36418363120820785 25
1646529079129 0.3491716740859879 26
1646529100693 0.3289378351635403 27
1646529122260 0.3001107877051389 28
1646529143829 0.2902485154293202 29
1646529165400 0.2702115821065726 30
1646529186966 0.24692329378039748 31
1646529208536 0.22372091202824204 32
1646529230109 0.2277508372509921 33
1646529251679 0.21324160281154844 34
1646529273252 0.18145199547763224 35
1646529294825 0.17656712703130864 36
1646529316401 0.17159423452836495 37
1646529337969 0.16164683302243552 38
1646529359535 0.14618335747056538 39
1646529381107 0.11719044642867865 40
1646529402673 0.10546399652957916 41
1646529424243 0.09921439281768268 42
1646529445854 0.09060890365529943 43
1646529467424 0.08802800377209981 44
1646529488997 0.09275954292604217 45
1646529512654 0.08458964326591403 46
1646529534217 0.08414441609272251 47
1646529555783 0.07443326297733519 48
1646529577354 0.06864412418670124 49
1646529598921 0.07666505348903162 50
1646529620491 0.06682997569441795 51
1646529642056 0.06362508706472537 52
1646529663625 0.06255389618928786 53
1646529685191 0.06463013299637371 54
1646529706761 0.06306399894809281 55
1646529728324 0.06351164838782063 56
1646529749895 0.05888324913879236 57
1646529771469 0.05814637043685825 58
1646529793038 0.055155882646364195 59
1646529814606 0.0492620756159778 60
1646529836171 0.04694448532191692 61
1646529857741 0.04601741840855943 62
1646529879308 0.03749238320246891 63
1646529900871 0.03831949191926806 64
1646529922439 0.03640351875650662 65
1646529944004 0.03578363345177085 66
1646529965568 0.03704054501873476 67
1646529987136 0.0368360752860705 68
1646530008703 0.03330587140387959 69
1646530030270 0.03237923119148171 70
1646530051834 0.03879876148507551 71
1646530073398 0.03476963975225334 72
1646530094961 0.03538076041473283 73
1646530116519 0.03399014397075883 74
1646530138074 0.033881688973417985 75
1646530159633 0.0314038976750992 76
1646530181196 0.03316020643062614 77
1646530202761 0.03634117022846584 78
1646530224325 0.030567510122502292 79
1646530245885 0.027263124663106823 80
1646530267442 0.024320140618968894 81
1646530289001 0.02644527334443949 82
1646530310562 0.02637725452789002 83
1646530332127 0.02362846565881261 84
1646530353695 0.02584878586370636 85
1646530375258 0.024502081054918193 86
1646530396822 0.022649068713050197 87
1646530418382 0.02251283688194774 88
1646530439947 0.023590447036204516 89
1646530461514 0.022100908319569297 90
1646530483078 0.023870533539189234 91
1646530504640 0.02276402846392658 92
1646530526201 0.020925289382123284 93
1646530547766 0.022958132593582075 94
1646530569326 0.020959030060718458 95
1646530590882 0.02058888342300499 96
1646530612446 0.021609964590795613 97
1646530633999 0.02032964223029989 98
1646530655562 0.01947148204608648 99
