1646528504041 21.42650462962963 0
1646528528134 39.95949074074074 1
1646528550604 48.2349537037037 2
1646528573405 54.8900462962963 3
1646528595928 58.7818287037037 4
1646528618444 61.44386574074074 5
1646528640996 63.83101851851852 6
1646528663523 66.37731481481481 7
1646528686057 68.56192129629629 8
1646528708591 69.48784722222223 9
1646528730135 71.19502314814815 10
1646528752703 72.69965277777777 11
1646528775258 73.29282407407408 12
1646528797811 75.72337962962963 13
1646528819362 77.45949074074075 14
1646528840923 78.58796296296296 15
1646528863503 79.94791666666667 16
1646528885062 81.32233796296296 17
1646528906625 82.53761574074075 18
1646528928187 84.28819444444444 19
1646528949748 86.97916666666667 20
1646528971309 87.93402777777777 21
1646528992871 88.77314814814815 22
1646529014435 90.19097222222223 23
1646529035996 91.0300925925926 24
1646529057562 91.18923611111111 25
1646529079134 92.05729166666667 26
1646529100698 92.5925925925926 27
1646529122265 93.67766203703704 28
1646529143834 93.85127314814815 29
1646529165404 94.06828703703704 30
1646529186970 95.3269675925926 31
1646529208542 95.94907407407408 32
1646529230114 95.47164351851852 33
1646529251684 95.90567129629629 34
1646529273257 97.04861111111111 35
1646529294830 97.09201388888889 36
1646529316406 97.22222222222223 37
1646529337975 97.39583333333333 38
1646529359540 97.84432870370371 39
1646529381111 98.59664351851852 40
1646529402678 98.85706018518519 41
1646529424248 98.91493055555556 42
1646529445859 99.18981481481481 43
1646529467429 99.18981481481481 44
1646529489001 98.97280092592592 45
1646529512659 99.21875 46
1646529534222 99.07407407407408 47
1646529555788 99.36342592592592 48
1646529577359 99.32002314814815 49
1646529598926 99.01620370370371 50
1646529620496 99.36342592592592 51
1646529642061 99.42129629629629 52
1646529663630 99.42129629629629 53
1646529685196 99.36342592592592 54
1646529706764 99.29108796296296 55
1646529728330 99.33449074074075 56
1646529749901 99.42129629629629 57
1646529771474 99.42129629629629 58
1646529793047 99.58043981481481 59
1646529814611 99.52256944444444 60
1646529836176 99.55150462962963 61
1646529857746 99.5949074074074 62
1646529879313 99.75405092592592 63
1646529900877 99.82638888888889 64
1646529922445 99.79745370370371 65
1646529944009 99.76851851851852 66
1646529965574 99.69618055555556 67
1646529987141 99.76851851851852 68
1646530008708 99.72511574074075 69
1646530030276 99.73958333333333 70
1646530051839 99.65277777777777 71
1646530073404 99.66724537037037 72
1646530094966 99.63831018518519 73
1646530116524 99.65277777777777 74
1646530138078 99.69618055555556 75
1646530159638 99.68171296296296 76
1646530181201 99.68171296296296 77
1646530202765 99.63831018518519 78
1646530224330 99.76851851851852 79
1646530245890 99.78298611111111 80
1646530267448 99.84085648148148 81
1646530289007 99.76851851851852 82
1646530310566 99.76851851851852 83
1646530332132 99.85532407407408 84
1646530353699 99.84085648148148 85
1646530375262 99.79745370370371 86
1646530396827 99.86979166666667 87
1646530418387 99.88425925925925 88
1646530439952 99.84085648148148 89
1646530461519 99.86979166666667 90
1646530483083 99.79745370370371 91
1646530504645 99.82638888888889 92
1646530526206 99.84085648148148 93
1646530547771 99.81192129629629 94
1646530569330 99.91319444444444 95
1646530590887 99.88425925925925 96
1646530612451 99.82638888888889 97
1646530634004 99.84085648148148 98
1646530655566 99.88425925925925 99
