1646521698066 0 0
1646521718265 18.721064814814813 1
1646521737682 26.258680555555557 2
1646521756501 30.84490740740741 3
1646521775340 35.9375 4
1646521794194 38.802083333333336 5
1646521813946 39.56886574074074 6
1646521832825 40.885416666666664 7
1646521850597 40.885416666666664 8
1646521869484 41.47858796296296 9
1646521887280 41.47858796296296 10
1646521906204 42.60706018518518 11
1646521924000 42.60706018518518 12
1646521941809 42.60706018518518 13
1646521959613 42.60706018518518 14
1646521977415 42.60706018518518 15
1646521995217 42.60706018518518 16
1646522013025 42.60706018518518 17
1646522030828 42.60706018518518 18
1646522048627 42.60706018518518 19
1646522066432 42.60706018518518 20
1646522084230 42.60706018518518 21
1646522102038 42.60706018518518 22
1646522119842 42.60706018518518 23
1646522137643 42.60706018518518 24
1646522155448 42.60706018518518 25
1646522173253 42.60706018518518 26
1646522191059 42.60706018518518 27
1646522208861 42.60706018518518 28
1646522226662 42.60706018518518 29
1646522244471 42.60706018518518 30
1646522262276 42.60706018518518 31
1646522280083 42.60706018518518 32
1646522297886 42.60706018518518 33
1646522315688 42.60706018518518 34
1646522333494 42.60706018518518 35
1646522351299 42.60706018518518 36
1646522369099 42.60706018518518 37
1646522386899 42.60706018518518 38
1646522404704 42.60706018518518 39
1646522422514 42.60706018518518 40
1646522442281 42.60706018518518 41
1646522460092 42.60706018518518 42
1646522477893 42.60706018518518 43
1646522495699 42.60706018518518 44
1646522513505 42.60706018518518 45
1646522531315 42.60706018518518 46
1646522549121 42.60706018518518 47
1646522566925 42.60706018518518 48
1646522584727 42.60706018518518 49
1646522602531 42.60706018518518 50
1646522620339 42.60706018518518 51
1646522638141 42.60706018518518 52
1646522655951 42.60706018518518 53
1646522673752 42.60706018518518 54
1646522691559 42.60706018518518 55
1646522710260 42.60706018518518 56
1646522728069 42.60706018518518 57
1646522745869 42.60706018518518 58
1646522764126 42.60706018518518 59
1646522781928 42.60706018518518 60
1646522799734 42.60706018518518 61
1646522817539 42.60706018518518 62
1646522835336 42.60706018518518 63
1646522853141 42.60706018518518 64
1646522870949 42.60706018518518 65
1646522888750 42.60706018518518 66
1646522906562 42.60706018518518 67
1646522924372 42.60706018518518 68
1646522942176 42.60706018518518 69
1646522959981 42.60706018518518 70
1646522977792 42.60706018518518 71
1646522995600 42.60706018518518 72
1646523013414 42.60706018518518 73
1646523031230 42.60706018518518 74
1646523049042 42.60706018518518 75
1646523066853 42.60706018518518 76
1646523084661 42.60706018518518 77
1646523102468 42.60706018518518 78
1646523120282 42.60706018518518 79
1646523138095 42.60706018518518 80
1646523155904 42.60706018518518 81
1646523173712 42.60706018518518 82
1646523191525 42.60706018518518 83
1646523209338 42.60706018518518 84
1646523227148 42.60706018518518 85
1646523244940 42.60706018518518 86
1646523262733 42.60706018518518 87
1646523280536 42.60706018518518 88
1646523298342 42.60706018518518 89
1646523316150 42.60706018518518 90
1646523333954 42.60706018518518 91
1646523351758 42.60706018518518 92
1646523369559 42.60706018518518 93
1646523387359 42.60706018518518 94
1646523405161 42.60706018518518 95
1646523422965 42.60706018518518 96
1646523440764 42.60706018518518 97
1646523458578 42.60706018518518 98
1646523476386 42.60706018518518 99
