1646521697642 0.001 0
1646521717732 0.001 1
1646521737669 0.001 2
1646521756488 0.001 3
1646521775330 0.001 4
1646521794185 0.001 5
1646521813042 0.001 6
1646521832815 0.001 7
1646521850586 0.001 8
1646521869474 0.001 9
1646521887269 0.001 10
1646521906194 0.001 11
1646521923984 0.001 12
1646521941795 0.001 13
1646521959602 0.001 14
1646521977404 0.001 15
1646521995206 0.001 16
1646522013014 0.001 17
1646522030817 0.001 18
1646522048615 0.001 19
1646522066416 0.0005 20
1646522084217 0.0005 21
1646522102027 0.0005 22
1646522119830 0.0005 23
1646522137632 0.0005 24
1646522155437 0.0005 25
1646522173241 0.0005 26
1646522191047 0.0005 27
1646522208847 0.0005 28
1646522226650 0.0005 29
1646522244458 0.0005 30
1646522262265 0.0005 31
1646522280073 0.0005 32
1646522297875 0.0005 33
1646522315676 0.0005 34
1646522333482 0.0005 35
1646522351287 0.0005 36
1646522369087 0.0005 37
1646522386888 0.0005 38
1646522404693 0.0005 39
1646522422503 0.00025 40
1646522440307 0.00025 41
1646522460081 0.00025 42
1646522477882 0.00025 43
1646522495686 0.00025 44
1646522513492 0.00025 45
1646522531300 0.00025 46
1646522549108 0.00025 47
1646522566912 0.00025 48
1646522584715 0.00025 49
1646522602519 0.00025 50
1646522620325 0.00025 51
1646522638129 0.00025 52
1646522655938 0.00025 53
1646522673739 0.00025 54
1646522691546 0.00025 55
1646522710247 0.00025 56
1646522728054 0.00025 57
1646522745857 0.00025 58
1646522763659 0.00025 59
1646522781912 0.000125 60
1646522799719 0.000125 61
1646522817522 0.000125 62
1646522835325 0.000125 63
1646522853127 0.000125 64
1646522870934 0.000125 65
1646522888737 0.000125 66
1646522906546 0.000125 67
1646522924359 0.000125 68
1646522942164 0.000125 69
1646522959969 0.000125 70
1646522977776 0.000125 71
1646522995587 0.000125 72
1646523013400 0.000125 73
1646523031215 0.000125 74
1646523049027 0.000125 75
1646523066837 0.000125 76
1646523084648 0.000125 77
1646523102452 0.000125 78
1646523120268 0.000125 79
1646523138080 6.25e-05 80
1646523155891 6.25e-05 81
1646523173698 6.25e-05 82
1646523191506 6.25e-05 83
1646523209321 6.25e-05 84
1646523227133 6.25e-05 85
1646523244927 6.25e-05 86
1646523262720 6.25e-05 87
1646523280523 6.25e-05 88
1646523298329 6.25e-05 89
1646523316132 6.25e-05 90
1646523333942 6.25e-05 91
1646523351745 6.25e-05 92
1646523369546 6.25e-05 93
1646523387347 6.25e-05 94
1646523405149 6.25e-05 95
1646523422950 6.25e-05 96
1646523440753 6.25e-05 97
1646523458561 6.25e-05 98
1646523476372 6.25e-05 99
