1646521698061 31.785300925925927 0
1646521718259 51.417824074074076 1
1646521737676 58.3912037037037 2
1646521756496 63.51273148148148 3
1646521775337 67.12962962962963 4
1646521794190 70.3269675925926 5
1646521813941 73.4230324074074 6
1646521832821 75.81018518518519 7
1646521850593 78.61689814814815 8
1646521869480 80.12152777777777 9
1646521887276 82.39293981481481 10
1646521906200 85.22858796296296 11
1646521923993 86.67534722222223 12
1646521941803 88.51273148148148 13
1646521959609 90.19097222222223 14
1646521977410 90.04629629629629 15
1646521995213 92.01388888888889 16
1646522013021 93.14236111111111 17
1646522030823 93.54745370370371 18
1646522048622 94.61805555555556 19
1646522066425 96.12268518518519 20
1646522084224 97.61284722222223 21
1646522102034 97.56944444444444 22
1646522119838 98.10474537037037 23
1646522137638 98.29282407407408 24
1646522155445 98.39409722222223 25
1646522173249 98.4230324074074 26
1646522191054 98.59664351851852 27
1646522208856 98.62557870370371 28
1646522226657 98.0324074074074 29
1646522244467 98.64004629629629 30
1646522262272 98.56770833333333 31
1646522280079 98.49537037037037 32
1646522297881 98.8425925925926 33
1646522315684 98.87152777777777 34
1646522333489 98.79918981481481 35
1646522351294 98.97280092592592 36
1646522369094 99.26215277777777 37
1646522386894 99.10300925925925 38
1646522404700 99.04513888888889 39
1646522422510 99.37789351851852 40
1646522442275 99.39236111111111 41
1646522460088 99.56597222222223 42
1646522477889 99.75405092592592 43
1646522495693 99.79745370370371 44
1646522513499 99.69618055555556 45
1646522531309 99.71064814814815 46
1646522549116 99.69618055555556 47
1646522566920 99.66724537037037 48
1646522584723 99.56597222222223 49
1646522602526 99.71064814814815 50
1646522620333 99.72511574074075 51
1646522638136 99.5949074074074 52
1646522655945 99.63831018518519 53
1646522673747 99.5949074074074 54
1646522691553 99.63831018518519 55
1646522710254 99.69618055555556 56
1646522728063 99.79745370370371 57
1646522745864 99.69618055555556 58
1646522764121 99.6238425925926 59
1646522781922 99.73958333333333 60
1646522799729 99.76851851851852 61
1646522817533 99.79745370370371 62
1646522835332 99.91319444444444 63
1646522853136 99.88425925925925 64
1646522870943 99.79745370370371 65
1646522888745 99.85532407407408 66
1646522906556 99.82638888888889 67
1646522924367 99.85532407407408 68
1646522942171 99.91319444444444 69
1646522959976 99.86979166666667 70
1646522977786 99.91319444444444 71
1646522995595 99.92766203703704 72
1646523013409 99.85532407407408 73
1646523031224 99.89872685185185 74
1646523049036 99.88425925925925 75
1646523066847 99.85532407407408 76
1646523084657 99.85532407407408 77
1646523102461 99.94212962962963 78
1646523120277 99.86979166666667 79
1646523138090 99.92766203703704 80
1646523155900 99.91319444444444 81
1646523173707 99.92766203703704 82
1646523191518 99.89872685185185 83
1646523209331 99.82638888888889 84
1646523227143 99.94212962962963 85
1646523244936 99.89872685185185 86
1646523262729 99.97106481481481 87
1646523280531 99.94212962962963 88
1646523298337 99.89872685185185 89
1646523316142 99.85532407407408 90
1646523333950 99.92766203703704 91
1646523351754 99.94212962962963 92
1646523369554 99.94212962962963 93
1646523387355 99.95659722222223 94
1646523405157 99.89872685185185 95
1646523422960 99.94212962962963 96
1646523440760 99.95659722222223 97
1646523458571 99.92766203703704 98
1646523476381 99.97106481481481 99
