1646521698054 3.3331357174449496 0
1646521718145 1.8814822457454823 1
1646521737671 1.5216171940167744 2
1646521756491 1.3049648271666632 3
1646521775333 1.1611947737358235 4
1646521794187 1.0380500102484669 5
1646521813397 0.9248298108577728 6
1646521832818 0.8305215305752225 7
1646521850589 0.741587206169411 8
1646521869477 0.6758451252071945 9
1646521887272 0.6031054004474923 10
1646521906197 0.5215771871584433 11
1646521923987 0.46525259260778074 12
1646521941798 0.4110080815023846 13
1646521959604 0.36140114896827275 14
1646521977407 0.3665056648077788 15
1646521995209 0.3078246541597225 16
1646522013016 0.27123435034796045 17
1646522030819 0.24855688904170636 18
1646522048618 0.21169851016667154 19
1646522066419 0.15203886520531443 20
1646522084220 0.11663502992855178 21
1646522102030 0.11137462255579454 22
1646522119833 0.09824715885851118 23
1646522137634 0.09132310617025252 24
1646522155439 0.0863271615019551 25
1646522173244 0.07822061971657807 26
1646522191050 0.07366596679720613 27
1646522208850 0.07317868130350555 28
1646522226652 0.08243151229840738 29
1646522244461 0.07321362169804396 30
1646522262268 0.06824575585347635 31
1646522280076 0.06616290958805217 32
1646522297877 0.058287468669867074 33
1646522315679 0.052772047377570915 34
1646522333485 0.05998277039853511 35
1646522351290 0.05314727472486319 36
1646522369090 0.043875244135657944 37
1646522386890 0.049341607114507094 38
1646522404696 0.04885129464997186 39
1646522422506 0.036134053884005105 40
1646522442269 0.033033828544257966 41
1646522460084 0.027516346304091038 42
1646522477885 0.020336300289879244 43
1646522495689 0.019774624508702092 44
1646522513494 0.02062395211585142 45
1646522531303 0.018932882351455866 46
1646522549111 0.02275895646393851 47
1646522566915 0.020896021776867134 48
1646522584718 0.023339149869840453 49
1646522602522 0.019381426197166245 50
1646522620329 0.017213092582231318 51
1646522638132 0.02158142650430953 52
1646522655941 0.020156795003761847 53
1646522673742 0.02066441976327311 54
1646522691549 0.02025538449244643 55
1646522710250 0.01718990265874675 56
1646522728057 0.015450474236988358 57
1646522745860 0.01981600679250227 58
1646522764113 0.01928890712938651 59
1646522781916 0.016615236212533933 60
1646522799722 0.013637489596105836 61
1646522817526 0.011594954076119594 62
1646522835328 0.010165476240217686 63
1646522853130 0.010007307450804446 64
1646522870937 0.012507901979713805 65
1646522888740 0.00982996725253071 66
1646522906550 0.011512094513616629 67
1646522924362 0.009922933993274692 68
1646522942167 0.00968010009576877 69
1646522959972 0.00948578973421482 70
1646522977779 0.00871753458071638 71
1646522995590 0.0077635287436553175 72
1646523013403 0.010220609833831313 73
1646523031218 0.009388096846157202 74
1646523049031 0.008587271044099773 75
1646523066841 0.00982369270813824 76
1646523084652 0.010482386677284483 77
1646523102454 0.008611385736407505 78
1646523120271 0.009027340936612475 79
1646523138084 0.007723507824940262 80
1646523155894 0.00850999664032349 81
1646523173701 0.006399918558869373 82
1646523191511 0.007329023792408407 83
1646523209325 0.008872440503047849 84
1646523227137 0.007716442734279015 85
1646523244930 0.006688276495508573 86
1646523262724 0.006155069253441912 87
1646523280526 0.006004243218167512 88
1646523298332 0.0063027724908250905 89
1646523316136 0.00726749116330649 90
1646523333945 0.0061375984525377 91
1646523351748 0.005476053019433662 92
1646523369549 0.006168751800605269 93
1646523387350 0.005925424772107767 94
1646523405152 0.006623112820778732 95
1646523422954 0.005372521562363814 96
1646523440756 0.005811979942437675 97
1646523458565 0.00626696165892537 98
1646523476376 0.004796282228737793 99
