1646526135182 0 0
1646526158174 11.618303571428571 1
1646526181267 17.488839285714285 2
1646526204856 22.176339285714285 3
1646526228081 23.694196428571427 4
1646526251325 28.113839285714285 5
1646526274586 30.078125 6
1646526297875 31.830357142857142 7
1646526320044 31.830357142857142 8
1646526342245 31.830357142857142 9
1646526365564 35.60267857142857 10
1646526388873 36.841517857142854 11
1646526411088 36.841517857142854 12
1646526433306 36.841517857142854 13
1646526455521 36.841517857142854 14
1646526477737 36.841517857142854 15
1646526499951 36.841517857142854 16
1646526523261 36.919642857142854 17
1646526545468 36.919642857142854 18
1646526568775 37.232142857142854 19
1646526592375 37.511160714285715 20
1646526614578 37.511160714285715 21
1646526636784 37.511160714285715 22
1646526658997 37.511160714285715 23
1646526681230 37.511160714285715 24
1646526703460 37.511160714285715 25
1646526725693 37.511160714285715 26
1646526747920 37.511160714285715 27
1646526770159 37.511160714285715 28
1646526792399 37.511160714285715 29
1646526814630 37.511160714285715 30
1646526836860 37.511160714285715 31
1646526859087 37.511160714285715 32
1646526881312 37.511160714285715 33
1646526903539 37.511160714285715 34
1646526925763 37.511160714285715 35
1646526947997 37.511160714285715 36
1646526970231 37.511160714285715 37
1646526992469 37.511160714285715 38
1646527014915 37.511160714285715 39
1646527037153 37.511160714285715 40
1646527059389 37.511160714285715 41
1646527081632 37.511160714285715 42
1646527103872 37.511160714285715 43
1646527126107 37.511160714285715 44
1646527148338 37.511160714285715 45
1646527170572 37.511160714285715 46
1646527192805 37.511160714285715 47
1646527215034 37.511160714285715 48
1646527237257 37.511160714285715 49
1646527259480 37.511160714285715 50
1646527281698 37.511160714285715 51
1646527303912 37.511160714285715 52
1646527326133 37.511160714285715 53
1646527348361 37.511160714285715 54
1646527370586 37.511160714285715 55
1646527392806 37.511160714285715 56
1646527415025 37.511160714285715 57
1646527437239 37.511160714285715 58
1646527459455 37.511160714285715 59
1646527481663 37.511160714285715 60
1646527503877 37.511160714285715 61
1646527526098 37.511160714285715 62
1646527548321 37.511160714285715 63
1646527570555 37.511160714285715 64
1646527592787 37.511160714285715 65
1646527615017 37.511160714285715 66
1646527637253 37.511160714285715 67
1646527659486 37.511160714285715 68
1646527681701 37.511160714285715 69
1646527703914 37.511160714285715 70
1646527726130 37.511160714285715 71
1646527748353 37.511160714285715 72
1646527770562 37.511160714285715 73
1646527792766 37.511160714285715 74
1646527814971 37.511160714285715 75
1646527837180 37.511160714285715 76
1646527859393 37.511160714285715 77
1646527881615 37.511160714285715 78
1646527903840 37.511160714285715 79
1646527926065 37.511160714285715 80
1646527948286 37.511160714285715 81
1646527970511 37.511160714285715 82
1646527992730 37.511160714285715 83
1646528014953 37.511160714285715 84
1646528037175 37.511160714285715 85
1646528059395 37.511160714285715 86
1646528081613 37.511160714285715 87
1646528103832 37.511160714285715 88
1646528126052 37.511160714285715 89
1646528148269 37.511160714285715 90
1646528170486 37.511160714285715 91
1646528192716 37.511160714285715 92
1646528214933 37.511160714285715 93
1646528237149 37.511160714285715 94
1646528259416 37.511160714285715 95
1646528281621 37.511160714285715 96
1646528303824 37.511160714285715 97
1646528326036 37.511160714285715 98
1646528348241 37.511160714285715 99
