1646526134691 0.001 0
1646526158164 0.001 1
1646526181256 0.001 2
1646526204843 0.001 3
1646526228069 0.001 4
1646526251313 0.001 5
1646526274572 0.001 6
1646526297864 0.001 7
1646526320032 0.001 8
1646526342233 0.001 9
1646526365551 0.001 10
1646526388861 0.001 11
1646526411074 0.001 12
1646526433294 0.001 13
1646526455509 0.001 14
1646526477725 0.001 15
1646526499939 0.001 16
1646526523249 0.001 17
1646526545457 0.001 18
1646526568764 0.001 19
1646526592068 0.0005 20
1646526614566 0.0005 21
1646526636773 0.0005 22
1646526658985 0.0005 23
1646526681215 0.0005 24
1646526703449 0.0005 25
1646526725681 0.0005 26
1646526747909 0.0005 27
1646526770147 0.0005 28
1646526792385 0.0005 29
1646526814619 0.0005 30
1646526836848 0.0005 31
1646526859074 0.0005 32
1646526881300 0.0005 33
1646526903527 0.0005 34
1646526925751 0.0005 35
1646526947984 0.0005 36
1646526970220 0.0005 37
1646526992455 0.0005 38
1646527014903 0.0005 39
1646527037138 0.00025 40
1646527059376 0.00025 41
1646527081619 0.00025 42
1646527103858 0.00025 43
1646527126094 0.00025 44
1646527148325 0.00025 45
1646527170558 0.00025 46
1646527192791 0.00025 47
1646527215021 0.00025 48
1646527237245 0.00025 49
1646527259466 0.00025 50
1646527281685 0.00025 51
1646527303898 0.00025 52
1646527326119 0.00025 53
1646527348349 0.00025 54
1646527370571 0.00025 55
1646527392793 0.00025 56
1646527415010 0.00025 57
1646527437225 0.00025 58
1646527459441 0.00025 59
1646527481649 0.000125 60
1646527503863 0.000125 61
1646527526084 0.000125 62
1646527548308 0.000125 63
1646527570542 0.000125 64
1646527592773 0.000125 65
1646527615003 0.000125 66
1646527637240 0.000125 67
1646527659472 0.000125 68
1646527681686 0.000125 69
1646527703901 0.000125 70
1646527726116 0.000125 71
1646527748339 0.000125 72
1646527770547 0.000125 73
1646527792751 0.000125 74
1646527814957 0.000125 75
1646527837167 0.000125 76
1646527859378 0.000125 77
1646527881601 0.000125 78
1646527903827 0.000125 79
1646527926050 6.25e-05 80
1646527948272 6.25e-05 81
1646527970498 6.25e-05 82
1646527992716 6.25e-05 83
1646528014940 6.25e-05 84
1646528037161 6.25e-05 85
1646528059382 6.25e-05 86
1646528081599 6.25e-05 87
1646528103819 6.25e-05 88
1646528126038 6.25e-05 89
1646528148255 6.25e-05 90
1646528170473 6.25e-05 91
1646528192703 6.25e-05 92
1646528214918 6.25e-05 93
1646528237134 6.25e-05 94
1646528259403 6.25e-05 95
1646528281607 6.25e-05 96
1646528303810 6.25e-05 97
1646528326024 6.25e-05 98
1646528348227 6.25e-05 99
