1646526135177 27.83564814814815 0
1646526158170 44.60358796296296 1
1646526181263 50.954861111111114 2
1646526204851 56.59722222222222 3
1646526228077 58.854166666666664 4
1646526251321 61.935763888888886 5
1646526274581 64.26504629629629 6
1646526297872 66.04456018518519 7
1646526320040 68.24363425925925 8
1646526342241 69.45891203703704 9
1646526365559 71.28182870370371 10
1646526388869 73.32175925925925 11
1646526411083 74.63831018518519 12
1646526433302 76.75057870370371 13
1646526455517 77.90798611111111 14
1646526477733 79.25347222222223 15
1646526499947 81.52488425925925 16
1646526523257 83.28993055555556 17
1646526545464 83.94097222222223 18
1646526568771 85.64814814814815 19
1646526592371 89.00462962962963 20
1646526614573 89.98842592592592 21
1646526636780 91.10243055555556 22
1646526658992 91.59432870370371 23
1646526681224 92.08622685185185 24
1646526703456 92.88194444444444 25
1646526725689 92.52025462962963 26
1646526747916 93.96701388888889 27
1646526770155 95.03761574074075 28
1646526792394 94.87847222222223 29
1646526814626 95.44270833333333 30
1646526836856 95.96354166666667 31
1646526859083 95.92013888888889 32
1646526881308 96.12268518518519 33
1646526903535 96.60011574074075 34
1646526925759 96.41203703703704 35
1646526947993 97.19328703703704 36
1646526970227 97.35243055555556 37
1646526992464 97.30902777777777 38
1646527014911 97.2800925925926 39
1646527037146 98.20601851851852 40
1646527059385 98.4519675925926 41
1646527081627 98.24942129629629 42
1646527103866 98.87152777777777 43
1646527126102 98.62557870370371 44
1646527148334 98.64004629629629 45
1646527170567 98.88599537037037 46
1646527192800 98.828125 47
1646527215030 98.90046296296296 48
1646527237252 99.04513888888889 49
1646527259474 98.85706018518519 50
1646527281693 99.18981481481481 51
1646527303907 98.8136574074074 52
1646527326128 98.88599537037037 53
1646527348357 99.04513888888889 54
1646527370580 98.91493055555556 55
1646527392801 99.10300925925925 56
1646527415019 99.04513888888889 57
1646527437234 99.01620370370371 58
1646527459450 99.16087962962963 59
1646527481657 99.26215277777777 60
1646527503872 99.18981481481481 61
1646527526093 99.29108796296296 62
1646527548316 99.24768518518519 63
1646527570550 99.49363425925925 64
1646527592782 99.49363425925925 65
1646527615012 99.49363425925925 66
1646527637248 99.49363425925925 67
1646527659481 99.53703703703704 68
1646527681696 99.53703703703704 69
1646527703909 99.53703703703704 70
1646527726125 99.26215277777777 71
1646527748348 99.46469907407408 72
1646527770556 99.46469907407408 73
1646527792759 99.42129629629629 74
1646527814966 99.47916666666667 75
1646527837175 99.56597222222223 76
1646527859387 99.34895833333333 77
1646527881610 99.56597222222223 78
1646527903835 99.56597222222223 79
1646527926059 99.55150462962963 80
1646527948281 99.72511574074075 81
1646527970507 99.609375 82
1646527992725 99.66724537037037 83
1646528014949 99.58043981481481 84
1646528037170 99.71064814814815 85
1646528059390 99.76851851851852 86
1646528081608 99.58043981481481 87
1646528103828 99.65277777777777 88
1646528126047 99.71064814814815 89
1646528148264 99.68171296296296 90
1646528170481 99.82638888888889 91
1646528192711 99.69618055555556 92
1646528214927 99.6238425925926 93
1646528237143 99.66724537037037 94
1646528259412 99.65277777777777 95
1646528281616 99.609375 96
1646528303819 99.609375 97
1646528326032 99.78298611111111 98
1646528348236 99.86979166666667 99
