1646526135152 27.468786120414734 0
1646526158167 2.297579087592937 1
1646526181259 1.934153887960646 2
1646526204846 1.6949383130779974 3
1646526228072 1.5508162887008101 4
1646526251316 1.4135940317754392 5
1646526274576 1.3267635239495172 6
1646526297867 1.2362416276225336 7
1646526320035 1.1489043103324041 8
1646526342236 1.082384968245471 9
1646526365554 1.0224395372249462 10
1646526388864 0.9513944729610726 11
1646526411077 0.8937286646277817 12
1646526433297 0.826748846857636 13
1646526455512 0.7659498353799185 14
1646526477728 0.715394033326043 15
1646526499942 0.6523907896545198 16
1646526523252 0.5881936737784633 17
1646526545460 0.5701103563661929 18
1646526568766 0.5133513101825008 19
1646526592365 0.41812386005013075 20
1646526614569 0.3838285279494745 21
1646526636776 0.3595748770016211 22
1646526658988 0.34787572396022304 23
1646526681219 0.33188967241181266 24
1646526703452 0.306525286425043 25
1646526725684 0.2993628404758595 26
1646526747912 0.269026975940775 27
1646526770150 0.24486262682411405 28
1646526792389 0.23908100663511841 29
1646526814622 0.2184107623718403 30
1646526836851 0.2047205743966279 31
1646526859077 0.20349272533699317 32
1646526881303 0.18234176519844267 33
1646526903530 0.17438468764777537 34
1646526925754 0.16753277706879158 35
1646526947987 0.15420003469895432 36
1646526970223 0.1432397840199647 37
1646526992458 0.13848738496502241 38
1646527014906 0.13446208048197958 39
1646527037141 0.10553773727130007 40
1646527059379 0.09469023077852196 41
1646527081622 0.09525603187029008 42
1646527103861 0.08474776535122483 43
1646527126097 0.08385816823553156 44
1646527148329 0.08455046335304225 45
1646527170562 0.07576464827137964 46
1646527192794 0.07140714102597148 47
1646527215025 0.07344122189614508 48
1646527237248 0.06863086615447644 49
1646527259469 0.07093737853897943 50
1646527281688 0.057643874237934746 51
1646527303902 0.06914154998958111 52
1646527326122 0.06498665535063655 53
1646527348352 0.06460217327845318 54
1646527370574 0.06441681311224345 55
1646527392796 0.05855673813709506 56
1646527415014 0.056809137402861205 57
1646527437228 0.058173810545769006 58
1646527459445 0.05450815717793173 59
1646527481652 0.04959329479822406 60
1646527503866 0.044553223755900505 61
1646527526088 0.04229136245946089 62
1646527548312 0.04181771501208897 63
1646527570545 0.03929251070237822 64
1646527592777 0.03689144286154597 65
1646527615006 0.0363483469657324 66
1646527637243 0.03481350204458943 67
1646527659475 0.03519297149722223 68
1646527681690 0.035438326808313526 69
1646527703904 0.03299193039398502 70
1646527726120 0.04149896689449196 71
1646527748343 0.0350144922181412 72
1646527770551 0.03544406875692032 73
1646527792754 0.03532934713142889 74
1646527814960 0.03392996659709348 75
1646527837170 0.032419786495329055 76
1646527859382 0.0351669191106878 77
1646527881605 0.031022628872758813 78
1646527903830 0.03272217677699195 79
1646527926054 0.028776698711293715 80
1646527948276 0.027073154277685616 81
1646527970501 0.028428617192225322 82
1646527992719 0.025713341379607166 83
1646528014943 0.027194034670376115 84
1646528037164 0.024200512561947107 85
1646528059385 0.022945322165334667 86
1646528081603 0.026036864526017948 87
1646528103823 0.02604127663222176 88
1646528126041 0.023945194375873717 89
1646528148259 0.02455040301989626 90
1646528170476 0.021297240991973214 91
1646528192706 0.02355965985744088 92
1646528214922 0.024161883491884778 93
1646528237138 0.022861196211090794 94
1646528259407 0.02369029138720146 95
1646528281611 0.02472740979175325 96
1646528303813 0.025473802281474625 97
1646528326027 0.02194507242421861 98
1646528348231 0.019238725666784577 99
