1646523824970 0 0
1646523844993 15.309979838709678 1
1646523865114 22.568044354838708 2
1646523885330 28.08719758064516 3
1646523905530 32.25806451612903 4
1646523926149 33.064516129032256 5
1646523946378 35.609879032258064 6
1646523966621 36.95816532258065 7
1646523985857 36.95816532258065 8
1646524005099 36.95816532258065 9
1646524025363 37.62600806451613 10
1646524045623 39.41532258064516 11
1646524064876 39.41532258064516 12
1646524084130 39.41532258064516 13
1646524103387 39.41532258064516 14
1646524122664 39.41532258064516 15
1646524141949 39.41532258064516 16
1646524161232 39.41532258064516 17
1646524180515 39.41532258064516 18
1646524199794 39.41532258064516 19
1646524219075 39.41532258064516 20
1646524238362 39.41532258064516 21
1646524257644 39.41532258064516 22
1646524276932 39.41532258064516 23
1646524296218 39.41532258064516 24
1646524315502 39.41532258064516 25
1646524334790 39.41532258064516 26
1646524354078 39.41532258064516 27
1646524373368 39.41532258064516 28
1646524392663 39.41532258064516 29
1646524411952 39.41532258064516 30
1646524431241 39.41532258064516 31
1646524450528 39.41532258064516 32
1646524469814 39.41532258064516 33
1646524489099 39.41532258064516 34
1646524508389 39.41532258064516 35
1646524527674 39.41532258064516 36
1646524546960 39.41532258064516 37
1646524566247 39.41532258064516 38
1646524585532 39.41532258064516 39
1646524604818 39.41532258064516 40
1646524624110 39.41532258064516 41
1646524643398 39.41532258064516 42
1646524663015 39.41532258064516 43
1646524682300 39.41532258064516 44
1646524701582 39.41532258064516 45
1646524720862 39.41532258064516 46
1646524740147 39.41532258064516 47
1646524759437 39.41532258064516 48
1646524778717 39.41532258064516 49
1646524798008 39.41532258064516 50
1646524817295 39.41532258064516 51
1646524836580 39.41532258064516 52
1646524855859 39.41532258064516 53
1646524875131 39.41532258064516 54
1646524894407 39.41532258064516 55
1646524913693 39.41532258064516 56
1646524932977 39.41532258064516 57
1646524952260 39.41532258064516 58
1646524971547 39.41532258064516 59
1646524990836 39.41532258064516 60
1646525010148 39.41532258064516 61
1646525029434 39.41532258064516 62
1646525049894 39.41532258064516 63
1646525069173 39.41532258064516 64
1646525088451 39.41532258064516 65
1646525107726 39.41532258064516 66
1646525127001 39.41532258064516 67
1646525146278 39.41532258064516 68
1646525165553 39.41532258064516 69
1646525184823 39.41532258064516 70
1646525204577 39.41532258064516 71
1646525223850 39.41532258064516 72
1646525243125 39.41532258064516 73
1646525263853 39.41532258064516 74
1646525283117 39.41532258064516 75
1646525302383 39.41532258064516 76
1646525322162 39.41532258064516 77
1646525341440 39.41532258064516 78
1646525360728 39.41532258064516 79
1646525380012 39.41532258064516 80
1646525399286 39.41532258064516 81
1646525418887 39.41532258064516 82
1646525438172 39.41532258064516 83
1646525457457 39.41532258064516 84
1646525476741 39.41532258064516 85
1646525496019 39.41532258064516 86
1646525515297 39.41532258064516 87
1646525534570 39.41532258064516 88
1646525553848 39.41532258064516 89
1646525573124 39.41532258064516 90
1646525592395 39.41532258064516 91
1646525611666 39.41532258064516 92
1646525630947 39.41532258064516 93
1646525650230 39.41532258064516 94
1646525669512 39.41532258064516 95
1646525688795 39.41532258064516 96
1646525708076 39.41532258064516 97
1646525727369 39.41532258064516 98
1646525746644 39.41532258064516 99
