1646523824956 0.001 0
1646523844980 0.001 1
1646523865102 0.001 2
1646523885318 0.001 3
1646523905518 0.001 4
1646523925748 0.001 5
1646523946367 0.001 6
1646523966610 0.001 7
1646523985846 0.001 8
1646524005087 0.001 9
1646524025352 0.001 10
1646524045613 0.001 11
1646524064865 0.001 12
1646524084119 0.001 13
1646524103376 0.001 14
1646524122653 0.001 15
1646524141938 0.001 16
1646524161221 0.001 17
1646524180503 0.001 18
1646524199782 0.001 19
1646524219062 0.0005 20
1646524238350 0.0005 21
1646524257633 0.0005 22
1646524276920 0.0005 23
1646524296208 0.0005 24
1646524315490 0.0005 25
1646524334779 0.0005 26
1646524354066 0.0005 27
1646524373354 0.0005 28
1646524392651 0.0005 29
1646524411942 0.0005 30
1646524431229 0.0005 31
1646524450515 0.0005 32
1646524469801 0.0005 33
1646524489086 0.0005 34
1646524508375 0.0005 35
1646524527661 0.0005 36
1646524546949 0.0005 37
1646524566234 0.0005 38
1646524585520 0.0005 39
1646524604807 0.00025 40
1646524624098 0.00025 41
1646524643385 0.00025 42
1646524663002 0.00025 43
1646524682287 0.00025 44
1646524701568 0.00025 45
1646524720849 0.00025 46
1646524740133 0.00025 47
1646524759422 0.00025 48
1646524778703 0.00025 49
1646524797995 0.00025 50
1646524817282 0.00025 51
1646524836567 0.00025 52
1646524855845 0.00025 53
1646524875117 0.00025 54
1646524894395 0.00025 55
1646524913679 0.00025 56
1646524932964 0.00025 57
1646524952247 0.00025 58
1646524971534 0.00025 59
1646524990823 0.000125 60
1646525010134 0.000125 61
1646525029418 0.000125 62
1646525049881 0.000125 63
1646525069160 0.000125 64
1646525088438 0.000125 65
1646525107711 0.000125 66
1646525126988 0.000125 67
1646525146264 0.000125 68
1646525165540 0.000125 69
1646525184812 0.000125 70
1646525204565 0.000125 71
1646525223839 0.000125 72
1646525243114 0.000125 73
1646525263842 0.000125 74
1646525283105 0.000125 75
1646525302371 0.000125 76
1646525322152 0.000125 77
1646525341428 0.000125 78
1646525360716 0.000125 79
1646525379999 6.25e-05 80
1646525399275 6.25e-05 81
1646525418876 6.25e-05 82
1646525438159 6.25e-05 83
1646525457444 6.25e-05 84
1646525476730 6.25e-05 85
1646525496009 6.25e-05 86
1646525515285 6.25e-05 87
1646525534558 6.25e-05 88
1646525553836 6.25e-05 89
1646525573110 6.25e-05 90
1646525592382 6.25e-05 91
1646525611654 6.25e-05 92
1646525630936 6.25e-05 93
1646525650218 6.25e-05 94
1646525669499 6.25e-05 95
1646525688783 6.25e-05 96
1646525708066 6.25e-05 97
1646525727358 6.25e-05 98
1646525746634 6.25e-05 99
