1646523824961 5.429763197898865 0
1646523844984 2.2614790753081992 1
1646523865105 1.8060481327551383 2
1646523885321 1.5641049985532407 3
1646523905521 1.4125726068461384 4
1646523926100 1.2845392977749859 5
1646523946369 1.1726873693642792 6
1646523966613 1.0747715808727123 7
1646523985849 0.9929040780773869 8
1646524005090 0.9117196069823371 9
1646524025355 0.825614356332355 10
1646524045615 0.7754217088222504 11
1646524064868 0.6931175302576136 12
1646524084121 0.6527312773245352 13
1646524103379 0.58762395326738 14
1646524122656 0.544422346132773 15
1646524141941 0.50032739341259 16
1646524161224 0.4426372752145485 17
1646524180506 0.42396085185033305 18
1646524199785 0.38036124463434573 19
1646524219065 0.29754444184126677 20
1646524238353 0.2604634783886097 21
1646524257636 0.24078526430659825 22
1646524276923 0.22687341217641477 23
1646524296210 0.20507160629387255 24
1646524315493 0.19312225433963318 25
1646524334782 0.18426835040251413 26
1646524354069 0.1790056254852701 27
1646524373357 0.16455016105815215 28
1646524392654 0.155463642820164 29
1646524411944 0.1511939816452839 30
1646524431232 0.14373865447662496 31
1646524450518 0.13272741616324144 32
1646524469804 0.12084480595809442 33
1646524489090 0.1290755990754675 34
1646524508378 0.1182733665185946 35
1646524527664 0.103225854811845 36
1646524546952 0.10389941578937902 37
1646524566238 0.10221508717923253 38
1646524585523 0.09016054068450574 39
1646524604810 0.06446447106147254 40
1646524624101 0.05809735579209195 41
1646524643389 0.054851153692989436 42
1646524663005 0.05294928240969225 43
1646524682290 0.04970016927216892 44
1646524701572 0.05061755898512072 45
1646524720852 0.04794131205589683 46
1646524740136 0.043450004766108816 47
1646524759425 0.04126126467491741 48
1646524778706 0.0369879432298519 49
1646524797999 0.038308646357445804 50
1646524817285 0.036988689891856025 51
1646524836570 0.03641445434617775 52
1646524855849 0.038750768087252425 53
1646524875121 0.033585668093076455 54
1646524894398 0.033180783606237836 55
1646524913682 0.035869581486891816 56
1646524932967 0.03949624258610937 57
1646524952250 0.03985064097300724 58
1646524971537 0.04670294208659066 59
1646524990826 0.030664415633374895 60
1646525010138 0.024959345882827486 61
1646525029422 0.02342514148740857 62
1646525049884 0.02065617339340625 63
1646525069163 0.021682003633705555 64
1646525088441 0.02156051305226154 65
1646525107715 0.02082416953312026 66
1646525126991 0.021220032177451584 67
1646525146267 0.017126919270527584 68
1646525165543 0.018437216437801166 69
1646525184815 0.02330221221954734 70
1646525204568 0.020244338894607843 71
1646525223842 0.01824286197208696 72
1646525243117 0.017556411317653127 73
1646525263845 0.017564553853676276 74
1646525283108 0.01874837710487622 75
1646525302374 0.022029253102287098 76
1646525322154 0.01975215297123348 77
1646525341430 0.01894440488130958 78
1646525360719 0.020600630436092615 79
1646525380002 0.017727241471961693 80
1646525399277 0.014527250012313878 81
1646525418879 0.013433135735491911 82
1646525438162 0.016709899124516932 83
1646525457447 0.013367001415678748 84
1646525476733 0.012685191179453223 85
1646525496012 0.01211894434635286 86
1646525515288 0.012342844960383244 87
1646525534561 0.013657630723038758 88
1646525553838 0.014110226977478576 89
1646525573114 0.012477829388377291 90
1646525592385 0.012846127928545078 91
1646525611657 0.014985224128597312 92
1646525630939 0.011597539996728301 93
1646525650222 0.011817558789280829 94
1646525669502 0.013080225265757353 95
1646525688786 0.012503157913063964 96
1646525708068 0.012593504213900477 97
1646525727361 0.013447945532216518 98
1646525746636 0.010075219639542478 99
