1646523824966 23.582175925925927 0
1646523844989 44.96527777777778 1
1646523865109 53.42881944444444 2
1646523885326 57.85590277777778 3
1646523905526 61.48726851851852 4
1646523926144 64.13483796296296 5
1646523946374 66.65219907407408 6
1646523966617 69.71932870370371 7
1646523985853 70.90567129629629 8
1646524005094 73.37962962962963 9
1646524025359 76.30208333333333 10
1646524045619 77.57523148148148 11
1646524064872 79.80324074074075 12
1646524084126 80.70023148148148 13
1646524103383 83.42013888888889 14
1646524122660 84.28819444444444 15
1646524141945 85.85069444444444 16
1646524161228 87.64467592592592 17
1646524180510 88.12210648148148 18
1646524199790 89.32291666666667 19
1646524219070 92.75173611111111 20
1646524238358 93.90914351851852 21
1646524257640 94.40104166666667 22
1646524276928 94.82060185185185 23
1646524296214 95.42824074074075 24
1646524315498 95.74652777777777 25
1646524334786 95.90567129629629 26
1646524354074 96.16608796296296 27
1646524373362 96.55671296296296 28
1646524392659 96.84606481481481 29
1646524411948 96.64351851851852 30
1646524431237 97.03414351851852 31
1646524450523 97.29456018518519 32
1646524469809 97.6707175925926 33
1646524489095 97.10648148148148 34
1646524508384 97.6707175925926 35
1646524527669 97.94560185185185 36
1646524546956 98.13368055555556 37
1646524566242 97.87326388888889 38
1646524585528 98.29282407407408 39
1646524604814 98.94386574074075 40
1646524624105 99.00173611111111 41
1646524643394 99.2332175925926 42
1646524663010 99.26215277777777 43
1646524682295 99.27662037037037 44
1646524701577 99.14641203703704 45
1646524720857 99.24768518518519 46
1646524740142 99.36342592592592 47
1646524759431 99.47916666666667 48
1646524778712 99.53703703703704 49
1646524798004 99.50810185185185 50
1646524817290 99.53703703703704 51
1646524836575 99.49363425925925 52
1646524855854 99.43576388888889 53
1646524875126 99.52256944444444 54
1646524894403 99.55150462962963 55
1646524913688 99.43576388888889 56
1646524932973 99.42129629629629 57
1646524952255 99.30555555555556 58
1646524971542 99.10300925925925 59
1646524990831 99.65277777777777 60
1646525010143 99.6238425925926 61
1646525029427 99.69618055555556 62
1646525049890 99.81192129629629 63
1646525069168 99.75405092592592 64
1646525088446 99.72511574074075 65
1646525107719 99.82638888888889 66
1646525126997 99.69618055555556 67
1646525146273 99.95659722222223 68
1646525165548 99.88425925925925 69
1646525184819 99.72511574074075 70
1646525204572 99.76851851851852 71
1646525223846 99.72511574074075 72
1646525243121 99.82638888888889 73
1646525263849 99.79745370370371 74
1646525283113 99.79745370370371 75
1646525302378 99.66724537037037 76
1646525322159 99.75405092592592 77
1646525341435 99.75405092592592 78
1646525360724 99.75405092592592 79
1646525380007 99.72511574074075 80
1646525399282 99.89872685185185 81
1646525418883 99.85532407407408 82
1646525438167 99.73958333333333 83
1646525457452 99.86979166666667 84
1646525476737 99.86979166666667 85
1646525496016 99.91319444444444 86
1646525515292 99.89872685185185 87
1646525534566 99.82638888888889 88
1646525553843 99.84085648148148 89
1646525573118 99.91319444444444 90
1646525592390 99.84085648148148 91
1646525611661 99.76851851851852 92
1646525630943 99.88425925925925 93
1646525650226 99.86979166666667 94
1646525669507 99.82638888888889 95
1646525688791 99.86979166666667 96
1646525708072 99.82638888888889 97
1646525727365 99.85532407407408 98
1646525746640 99.94212962962963 99
