1646515627973 0 0
1646515645994 16.859879032258064 1
1646515664102 27.242943548387096 2
1646515682224 35.332661290322584 3
1646515699419 42.76713709677419 4
1646515716459 46.74899193548387 5
1646515733510 50.50403225806452 6
1646515749186 50.50403225806452 7
1646515766394 52.46975806451613 8
1646515782084 52.46975806451613 9
1646515797786 52.46975806451613 10
1646515813491 52.46975806451613 11
1646515830563 52.82258064516129 12
1646515846267 52.82258064516129 13
1646515864088 53.528225806451616 14
1646515881150 53.931451612903224 15
1646515896849 53.931451612903224 16
1646515912553 53.931451612903224 17
1646515928256 53.931451612903224 18
1646515944130 53.931451612903224 19
1646515959834 53.931451612903224 20
1646515975546 53.931451612903224 21
1646515991253 53.931451612903224 22
1646516006961 53.931451612903224 23
1646516022669 53.931451612903224 24
1646516038377 53.931451612903224 25
1646516054086 53.931451612903224 26
1646516069793 53.931451612903224 27
1646516085499 53.931451612903224 28
1646516101215 53.931451612903224 29
1646516116930 53.931451612903224 30
1646516132644 53.931451612903224 31
1646516148357 53.931451612903224 32
1646516164074 53.931451612903224 33
1646516179786 53.931451612903224 34
1646516195500 53.931451612903224 35
1646516211208 53.931451612903224 36
1646516226926 53.931451612903224 37
1646516242636 53.931451612903224 38
1646516258342 53.931451612903224 39
1646516274046 53.931451612903224 40
1646516289747 53.931451612903224 41
1646516305450 53.931451612903224 42
1646516321158 53.931451612903224 43
1646516336864 53.931451612903224 44
1646516352571 53.931451612903224 45
1646516368278 53.931451612903224 46
1646516383990 53.931451612903224 47
1646516399698 53.931451612903224 48
1646516415411 53.931451612903224 49
1646516431119 53.931451612903224 50
1646516446834 53.931451612903224 51
1646516462546 53.931451612903224 52
1646516478262 53.931451612903224 53
1646516493976 53.931451612903224 54
1646516509694 53.931451612903224 55
1646516525409 53.931451612903224 56
1646516541119 53.931451612903224 57
1646516556831 53.931451612903224 58
1646516572546 53.931451612903224 59
1646516588260 53.931451612903224 60
1646516603977 53.931451612903224 61
1646516619686 53.931451612903224 62
1646516635405 53.931451612903224 63
1646516651121 53.931451612903224 64
1646516666834 53.931451612903224 65
1646516682547 53.931451612903224 66
1646516698249 53.931451612903224 67
1646516713965 53.931451612903224 68
1646516729677 53.931451612903224 69
1646516745387 53.931451612903224 70
1646516761098 53.931451612903224 71
1646516776814 53.931451612903224 72
1646516792536 53.931451612903224 73
1646516808253 53.931451612903224 74
1646516823962 53.931451612903224 75
1646516839674 53.931451612903224 76
1646516855384 53.931451612903224 77
1646516871090 53.931451612903224 78
1646516886900 53.931451612903224 79
1646516902609 53.931451612903224 80
1646516918318 53.931451612903224 81
1646516934026 53.931451612903224 82
1646516949731 53.931451612903224 83
1646516965441 53.931451612903224 84
1646516981153 53.931451612903224 85
1646516996864 53.931451612903224 86
1646517012574 53.931451612903224 87
1646517028284 53.931451612903224 88
1646517043997 53.931451612903224 89
1646517059705 53.931451612903224 90
1646517075417 53.931451612903224 91
1646517091127 53.931451612903224 92
1646517106837 53.931451612903224 93
1646517122546 53.931451612903224 94
1646517138257 53.931451612903224 95
1646517153966 53.931451612903224 96
1646517169683 53.931451612903224 97
1646517185389 53.931451612903224 98
1646517201101 53.931451612903224 99
