1646515627433 0.001 0
1646515645982 0.001 1
1646515664090 0.001 2
1646515682212 0.001 3
1646515699230 0.001 4
1646515716448 0.001 5
1646515733496 0.001 6
1646515749175 0.001 7
1646515766279 0.001 8
1646515782072 0.001 9
1646515797776 0.001 10
1646515813480 0.001 11
1646515830553 0.001 12
1646515846255 0.001 13
1646515864076 0.001 14
1646515881140 0.001 15
1646515896840 0.001 16
1646515912544 0.001 17
1646515928245 0.001 18
1646515943953 0.001 19
1646515959823 0.0005 20
1646515975533 0.0005 21
1646515991241 0.0005 22
1646516006948 0.0005 23
1646516022655 0.0005 24
1646516038364 0.0005 25
1646516054074 0.0005 26
1646516069781 0.0005 27
1646516085489 0.0005 28
1646516101203 0.0005 29
1646516116917 0.0005 30
1646516132632 0.0005 31
1646516148346 0.0005 32
1646516164063 0.0005 33
1646516179775 0.0005 34
1646516195486 0.0005 35
1646516211196 0.0005 36
1646516226913 0.0005 37
1646516242626 0.0005 38
1646516258331 0.0005 39
1646516274035 0.00025 40
1646516289736 0.00025 41
1646516305439 0.00025 42
1646516321146 0.00025 43
1646516336853 0.00025 44
1646516352561 0.00025 45
1646516368266 0.00025 46
1646516383978 0.00025 47
1646516399687 0.00025 48
1646516415399 0.00025 49
1646516431109 0.00025 50
1646516446823 0.00025 51
1646516462534 0.00025 52
1646516478249 0.00025 53
1646516493965 0.00025 54
1646516509680 0.00025 55
1646516525395 0.00025 56
1646516541105 0.00025 57
1646516556817 0.00025 58
1646516572533 0.00025 59
1646516588247 0.000125 60
1646516603962 0.000125 61
1646516619674 0.000125 62
1646516635392 0.000125 63
1646516651107 0.000125 64
1646516666820 0.000125 65
1646516682534 0.000125 66
1646516698235 0.000125 67
1646516713951 0.000125 68
1646516729664 0.000125 69
1646516745374 0.000125 70
1646516761083 0.000125 71
1646516776800 0.000125 72
1646516792522 0.000125 73
1646516808240 0.000125 74
1646516823949 0.000125 75
1646516839661 0.000125 76
1646516855371 0.000125 77
1646516871076 0.000125 78
1646516886787 0.000125 79
1646516902596 6.25e-05 80
1646516918304 6.25e-05 81
1646516934013 6.25e-05 82
1646516949718 6.25e-05 83
1646516965428 6.25e-05 84
1646516981141 6.25e-05 85
1646516996852 6.25e-05 86
1646517012561 6.25e-05 87
1646517028272 6.25e-05 88
1646517043983 6.25e-05 89
1646517059693 6.25e-05 90
1646517075404 6.25e-05 91
1646517091113 6.25e-05 92
1646517106824 6.25e-05 93
1646517122533 6.25e-05 94
1646517138245 6.25e-05 95
1646517153954 6.25e-05 96
1646517169672 6.25e-05 97
1646517185376 6.25e-05 98
1646517201088 6.25e-05 99
