1646515627968 21.064814814814813 0
1646515645989 36.25578703703704 1
1646515664097 46.99074074074074 2
1646515682220 55.30960648148148 3
1646515699415 60.9375 4
1646515716455 65.6394675925926 5
1646515733505 68.04108796296296 6
1646515749182 71.81712962962963 7
1646515766389 74.95659722222223 8
1646515782080 77.99479166666667 9
1646515797783 79.07986111111111 10
1646515813487 81.77083333333333 11
1646515830560 83.94097222222223 12
1646515846263 85.60474537037037 13
1646515864084 86.19791666666667 14
1646515881146 88.19444444444444 15
1646515896846 88.39699074074075 16
1646515912550 89.69907407407408 17
1646515928252 90.625 18
1646515944125 91.85474537037037 19
1646515959830 94.64699074074075 20
1646515975541 95.89120370370371 21
1646515991249 96.64351851851852 22
1646516006956 96.8605324074074 23
1646516022663 96.99074074074075 24
1646516038373 97.35243055555556 25
1646516054081 97.72858796296296 26
1646516069788 97.6707175925926 27
1646516085495 97.6707175925926 28
1646516101210 97.39583333333333 29
1646516116925 98.00347222222223 30
1646516132640 98.32175925925925 31
1646516148353 98.11921296296296 32
1646516164070 97.78645833333333 33
1646516179782 97.62731481481481 34
1646516195494 98.20601851851852 35
1646516211204 97.51157407407408 36
1646516226921 97.93113425925925 37
1646516242633 98.00347222222223 38
1646516258338 98.35069444444444 39
1646516274042 98.59664351851852 40
1646516289743 99.45023148148148 41
1646516305446 99.27662037037037 42
1646516321154 99.43576388888889 43
1646516336860 99.21875 44
1646516352568 99.52256944444444 45
1646516368273 99.42129629629629 46
1646516383986 99.53703703703704 47
1646516399694 99.46469907407408 48
1646516415407 99.52256944444444 49
1646516431116 99.52256944444444 50
1646516446830 99.29108796296296 51
1646516462541 99.42129629629629 52
1646516478257 99.52256944444444 53
1646516493972 99.45023148148148 54
1646516509689 99.73958333333333 55
1646516525404 99.6238425925926 56
1646516541113 99.50810185185185 57
1646516556826 99.53703703703704 58
1646516572541 99.40682870370371 59
1646516588256 99.58043981481481 60
1646516603970 99.65277777777777 61
1646516619682 99.69618055555556 62
1646516635401 99.72511574074075 63
1646516651115 99.75405092592592 64
1646516666829 99.82638888888889 65
1646516682542 99.63831018518519 66
1646516698244 99.84085648148148 67
1646516713959 99.79745370370371 68
1646516729673 99.89872685185185 69
1646516745382 99.68171296296296 70
1646516761093 99.76851851851852 71
1646516776809 99.86979166666667 72
1646516792530 99.81192129629629 73
1646516808248 99.81192129629629 74
1646516823957 99.82638888888889 75
1646516839669 99.81192129629629 76
1646516855379 99.71064814814815 77
1646516871085 99.84085648148148 78
1646516886895 99.85532407407408 79
1646516902604 99.82638888888889 80
1646516918312 99.86979166666667 81
1646516934021 99.89872685185185 82
1646516949726 99.88425925925925 83
1646516965436 99.82638888888889 84
1646516981149 99.82638888888889 85
1646516996860 99.85532407407408 86
1646517012569 99.86979166666667 87
1646517028280 99.86979166666667 88
1646517043991 99.91319444444444 89
1646517059701 99.91319444444444 90
1646517075412 99.86979166666667 91
1646517091122 99.88425925925925 92
1646517106832 99.86979166666667 93
1646517122541 99.86979166666667 94
1646517138253 99.85532407407408 95
1646517153961 99.85532407407408 96
1646517169679 99.82638888888889 97
1646517185384 99.91319444444444 98
1646517201096 99.85532407407408 99
