1646515627881 8.491586989826626 0
1646515645985 2.345411596474824 1
1646515664092 1.873426576455434 2
1646515682215 1.5430605676439073 3
1646515699410 1.314730906928027 4
1646515716451 1.1476028153189906 5
1646515733500 1.0362369385030534 6
1646515749178 0.917767153845893 7
1646515766384 0.8213070001867082 8
1646515782075 0.7191272366929937 9
1646515797779 0.6590196771754159 10
1646515813483 0.5678906082003204 11
1646515830556 0.5247978154155943 12
1646515846259 0.463759473628468 13
1646515864079 0.4297870154734011 14
1646515881143 0.37082798227115915 15
1646515896842 0.3569806494094707 16
1646515912546 0.3198587444645387 17
1646515928248 0.29423592543160476 18
1646515944119 0.25812019104207 19
1646515959826 0.18274004384875298 20
1646515975536 0.14467053460302176 21
1646515991244 0.12217328283521864 22
1646516006951 0.11060501766149644 23
1646516022658 0.10461511387041321 24
1646516038368 0.09654261799598182 25
1646516054077 0.08765429920620388 26
1646516069784 0.08452003849325357 27
1646516085491 0.0829155627914049 28
1646516101206 0.08936323059929742 29
1646516116921 0.07454527417818706 30
1646516132635 0.0666244443230055 31
1646516148349 0.07337101293658768 32
1646516164066 0.07874729304953858 33
1646516179778 0.08226194556940485 34
1646516195490 0.06685001582459167 35
1646516211200 0.0827939113671029 36
1646516226916 0.07328038241852212 37
1646516242629 0.06710869739590972 38
1646516258334 0.05965009811161845 39
1646516274038 0.0488248857566052 40
1646516289738 0.0263610420472644 41
1646516305442 0.02795986477630558 42
1646516321149 0.024961193316374666 43
1646516336856 0.026085765195872496 44
1646516352564 0.02305376512446889 45
1646516368269 0.02390118727150063 46
1646516383981 0.021222656058078562 47
1646516399690 0.023801667434680793 48
1646516415402 0.02090918051975745 49
1646516431112 0.021394370511795085 50
1646516446826 0.02375042957633182 51
1646516462537 0.02532249974535295 52
1646516478252 0.023320435805039272 53
1646516493968 0.023154426624791488 54
1646516509683 0.017853391434376437 55
1646516525398 0.01876213133369607 56
1646516541109 0.01998116068231563 57
1646516556821 0.018687906933741436 58
1646516572536 0.023617954571145 59
1646516588250 0.019330218511944015 60
1646516603965 0.014258393871218519 61
1646516619677 0.014377102221327799 62
1646516635395 0.012211619035547806 63
1646516651110 0.009879167631475462 64
1646516666824 0.010117541476911693 65
1646516682537 0.014693561587827626 66
1646516698239 0.011225929395381914 67
1646516713954 0.011286744050233177 68
1646516729668 0.008533797028509003 69
1646516745377 0.011380070018478565 70
1646516761087 0.01016711384161479 71
1646516776804 0.008630614744982234 72
1646516792525 0.008646538422908634 73
1646516808243 0.00917495693580282 74
1646516823952 0.009917678634843064 75
1646516839664 0.01075245525377492 76
1646516855374 0.01132751607629298 77
1646516871079 0.008461215654043135 78
1646516886888 0.008556092752971582 79
1646516902599 0.008609364593953447 80
1646516918307 0.006772534777324095 81
1646516934016 0.005714949101847769 82
1646516949721 0.006546932783546961 83
1646516965431 0.007492813950025097 84
1646516981144 0.007467711316335395 85
1646516996855 0.007412598226909284 86
1646517012565 0.006658697104150498 87
1646517028275 0.0069082650933759635 88
1646517043986 0.0057147466879407015 89
1646517059696 0.005613366146227 90
1646517075407 0.006863543420978304 91
1646517091117 0.005411677702795714 92
1646517106827 0.005690981885116479 93
1646517122536 0.006546446505968494 94
1646517138248 0.007542819185699854 95
1646517153957 0.006617038935440144 96
1646517169675 0.006456171617308563 97
1646517185379 0.004733711071484895 98
1646517201091 0.007372672324655233 99
