1646515627180 0 0
1646515646205 24.697580645161292 1
1646515664590 34.07258064516129 2
1646515682993 40.524193548387096 3
1646515701402 43.95161290322581 4
1646515719805 46.270161290322584 5
1646515738208 51.738911290322584 6
1646515755599 51.738911290322584 7
1646515772998 51.738911290322584 8
1646515790400 51.738911290322584 9
1646515808862 52.721774193548384 10
1646515826265 52.721774193548384 11
1646515843663 52.721774193548384 12
1646515861064 52.721774193548384 13
1646515878469 52.721774193548384 14
1646515895874 52.721774193548384 15
1646515913279 52.721774193548384 16
1646515930683 52.721774193548384 17
1646515948090 52.721774193548384 18
1646515965497 52.721774193548384 19
1646515982902 52.721774193548384 20
1646516000309 52.721774193548384 21
1646516018741 53.04939516129032 22
1646516036157 53.04939516129032 23
1646516053568 53.04939516129032 24
1646516070974 53.04939516129032 25
1646516088383 53.04939516129032 26
1646516105920 53.04939516129032 27
1646516123327 53.04939516129032 28
1646516140733 53.04939516129032 29
1646516158138 53.04939516129032 30
1646516175538 53.04939516129032 31
1646516192944 53.04939516129032 32
1646516210348 53.04939516129032 33
1646516228156 53.04939516129032 34
1646516245560 53.04939516129032 35
1646516262962 53.04939516129032 36
1646516280369 53.04939516129032 37
1646516297774 53.04939516129032 38
1646516315180 53.04939516129032 39
1646516332582 53.04939516129032 40
1646516349987 53.04939516129032 41
1646516367394 53.04939516129032 42
1646516384806 53.04939516129032 43
1646516402218 53.04939516129032 44
1646516419628 53.04939516129032 45
1646516437042 53.04939516129032 46
1646516454450 53.04939516129032 47
1646516471863 53.04939516129032 48
1646516489273 53.04939516129032 49
1646516506689 53.04939516129032 50
1646516524105 53.04939516129032 51
1646516541516 53.04939516129032 52
1646516558932 53.04939516129032 53
1646516576342 53.04939516129032 54
1646516593758 53.04939516129032 55
1646516611170 53.04939516129032 56
1646516628583 53.04939516129032 57
1646516645997 53.04939516129032 58
1646516663411 53.04939516129032 59
1646516680827 53.04939516129032 60
1646516698240 53.04939516129032 61
1646516715661 53.04939516129032 62
1646516733082 53.04939516129032 63
1646516750504 53.04939516129032 64
1646516767923 53.04939516129032 65
1646516785346 53.04939516129032 66
1646516802763 53.04939516129032 67
1646516820178 53.04939516129032 68
1646516837595 53.04939516129032 69
1646516855009 53.04939516129032 70
1646516872424 53.04939516129032 71
1646516889841 53.04939516129032 72
1646516907257 53.04939516129032 73
1646516924675 53.04939516129032 74
1646516942090 53.04939516129032 75
1646516959510 53.04939516129032 76
1646516976925 53.04939516129032 77
1646516994340 53.04939516129032 78
1646517011761 53.04939516129032 79
1646517029167 53.04939516129032 80
1646517046583 53.04939516129032 81
1646517064003 53.04939516129032 82
1646517081414 53.04939516129032 83
1646517098834 53.04939516129032 84
1646517116250 53.04939516129032 85
1646517133662 53.04939516129032 86
1646517151075 53.04939516129032 87
1646517168667 53.04939516129032 88
1646517186076 53.04939516129032 89
1646517203481 53.04939516129032 90
1646517220890 53.04939516129032 91
1646517238302 53.04939516129032 92
1646517255708 53.04939516129032 93
1646517273120 53.04939516129032 94
1646517290531 53.04939516129032 95
1646517307937 53.04939516129032 96
1646517325348 53.04939516129032 97
1646517342764 53.04939516129032 98
1646517360172 53.04939516129032 99
