1646515626759 0.001 0
1646515646195 0.001 1
1646515664577 0.001 2
1646515682980 0.001 3
1646515701388 0.001 4
1646515719793 0.001 5
1646515738195 0.001 6
1646515755589 0.001 7
1646515772985 0.001 8
1646515790387 0.001 9
1646515808850 0.001 10
1646515826251 0.001 11
1646515843652 0.001 12
1646515861053 0.001 13
1646515878458 0.001 14
1646515895862 0.001 15
1646515913266 0.001 16
1646515930671 0.001 17
1646515948076 0.001 18
1646515965485 0.001 19
1646515982889 0.0005 20
1646516000296 0.0005 21
1646516018728 0.0005 22
1646516036145 0.0005 23
1646516053555 0.0005 24
1646516070961 0.0005 25
1646516088370 0.0005 26
1646516105907 0.0005 27
1646516123315 0.0005 28
1646516140719 0.0005 29
1646516158125 0.0005 30
1646516175525 0.0005 31
1646516192932 0.0005 32
1646516210335 0.0005 33
1646516228143 0.0005 34
1646516245547 0.0005 35
1646516262951 0.0005 36
1646516280357 0.0005 37
1646516297762 0.0005 38
1646516315167 0.0005 39
1646516332570 0.00025 40
1646516349975 0.00025 41
1646516367380 0.00025 42
1646516384790 0.00025 43
1646516402205 0.00025 44
1646516419616 0.00025 45
1646516437030 0.00025 46
1646516454437 0.00025 47
1646516471851 0.00025 48
1646516489261 0.00025 49
1646516506676 0.00025 50
1646516524093 0.00025 51
1646516541507 0.00025 52
1646516558920 0.00025 53
1646516576330 0.00025 54
1646516593746 0.00025 55
1646516611157 0.00025 56
1646516628570 0.00025 57
1646516645986 0.00025 58
1646516663399 0.00025 59
1646516680814 0.000125 60
1646516698227 0.000125 61
1646516715647 0.000125 62
1646516733069 0.000125 63
1646516750492 0.000125 64
1646516767911 0.000125 65
1646516785333 0.000125 66
1646516802749 0.000125 67
1646516820164 0.000125 68
1646516837582 0.000125 69
1646516854997 0.000125 70
1646516872412 0.000125 71
1646516889828 0.000125 72
1646516907244 0.000125 73
1646516924662 0.000125 74
1646516942077 0.000125 75
1646516959494 0.000125 76
1646516976912 0.000125 77
1646516994326 0.000125 78
1646517011750 0.000125 79
1646517029155 6.25e-05 80
1646517046571 6.25e-05 81
1646517063989 6.25e-05 82
1646517081401 6.25e-05 83
1646517098821 6.25e-05 84
1646517116238 6.25e-05 85
1646517133649 6.25e-05 86
1646517151063 6.25e-05 87
1646517168477 6.25e-05 88
1646517186064 6.25e-05 89
1646517203470 6.25e-05 90
1646517220878 6.25e-05 91
1646517238289 6.25e-05 92
1646517255695 6.25e-05 93
1646517273107 6.25e-05 94
1646517290520 6.25e-05 95
1646517307924 6.25e-05 96
1646517325335 6.25e-05 97
1646517342751 6.25e-05 98
1646517360160 6.25e-05 99
