1646515627168 6.372137723145662 0
1646515646197 2.096218608043812 1
1646515664581 1.639364293328038 2
1646515682983 1.3890090474375971 3
1646515701392 1.2015757163365681 4
1646515719796 1.040869703999272 5
1646515738199 0.9282128932299437 6
1646515755591 0.8178021212418874 7
1646515772988 0.7402097152339088 8
1646515790391 0.6613839042407496 9
1646515808853 0.5937628243808393 10
1646515826254 0.5297202699714236 11
1646515843655 0.48653072449896073 12
1646515861056 0.4447951830095715 13
1646515878461 0.41061625050173867 14
1646515895865 0.3640249923423485 15
1646515913269 0.32996946462878474 16
1646515930674 0.2973077484854945 17
1646515948079 0.2882008099997485 18
1646515965488 0.26302363557948005 19
1646515982892 0.18691365669171014 20
1646516000299 0.13194120675325394 21
1646516018732 0.11615740383664767 22
1646516036148 0.10979462497764164 23
1646516053558 0.10623188261632566 24
1646516070964 0.09637910189727943 25
1646516088373 0.09374241116974089 26
1646516105910 0.08704072747517515 27
1646516123318 0.09071145641307037 28
1646516140723 0.0791091115248424 29
1646516158128 0.07120453028215303 30
1646516175528 0.07141226178242101 31
1646516192935 0.08159097339268084 32
1646516210338 0.06890280196374213 33
1646516228146 0.08066042440219058 34
1646516245551 0.07043110710327272 35
1646516262954 0.0716835344210267 36
1646516280360 0.07079824922537362 37
1646516297765 0.06769741975046971 38
1646516315171 0.06642630582468377 39
1646516332573 0.04481848574208992 40
1646516349978 0.028728446112600742 41
1646516367383 0.02601758520015412 42
1646516384794 0.02462039198036547 43
1646516402208 0.025726054674359383 44
1646516419619 0.02036763098159874 45
1646516437033 0.021210792784889538 46
1646516454440 0.023875248652917368 47
1646516471854 0.021716452962546436 48
1646516489264 0.02145726894269939 49
1646516506679 0.018844659517829616 50
1646516524096 0.019252854718447284 51
1646516541509 0.019973419313491496 52
1646516558923 0.015609098839815016 53
1646516576333 0.017855045437398884 54
1646516593749 0.023113575850233988 55
1646516611160 0.02188524240800352 56
1646516628573 0.0270340991275454 57
1646516645988 0.02887646986723498 58
1646516663402 0.023384604102897423 59
1646516680817 0.01709602793885602 60
1646516698230 0.012752350902667752 61
1646516715650 0.011268784611106471 62
1646516733072 0.010643363973401763 63
1646516750495 0.009387648095273309 64
1646516767914 0.011225049884093029 65
1646516785336 0.010102810665827107 66
1646516802753 0.010380198549548234 67
1646516820167 0.010458114518163105 68
1646516837585 0.01031790364154235 69
1646516855000 0.010092319657646672 70
1646516872415 0.01109688306072106 71
1646516889831 0.00986396941287374 72
1646516907247 0.008790365484957065 73
1646516924665 0.012296972817879307 74
1646516942080 0.01090536388154659 75
1646516959498 0.010729151984883679 76
1646516976916 0.00955202881919427 77
1646516994329 0.011811969185213524 78
1646517011753 0.008719447991569285 79
1646517029158 0.007687272719555983 80
1646517046574 0.006676991720235458 81
1646517063993 0.00805300819101157 82
1646517081404 0.0063991924032086025 83
1646517098824 0.006684983065093143 84
1646517116241 0.006416900320564983 85
1646517133652 0.00597593095584738 86
1646517151065 0.006860806106555241 87
1646517168480 0.007874104427173734 88
1646517186067 0.006258763566923638 89
1646517203473 0.0066366579978623325 90
1646517220881 0.0060587452371018355 91
1646517238293 0.006795124512993627 92
1646517255699 0.006554941793351814 93
1646517273111 0.0058752100535289006 94
1646517290523 0.006899776070861629 95
1646517307927 0.006782716239319631 96
1646517325338 0.00727142017610647 97
1646517342755 0.007639674525880428 98
1646517360163 0.006550550139595375 99
