1646515627175 20.65972222222222 0
1646515646201 40.682870370370374 1
1646515664585 51.7650462962963 2
1646515682988 58.66608796296296 3
1646515701396 64.36631944444444 4
1646515719801 68.64872685185185 5
1646515738203 72.01967592592592 6
1646515755595 74.609375 7
1646515772993 76.99652777777777 8
1646515790396 79.19560185185185 9
1646515808858 81.2644675925926 10
1646515826260 83.85416666666667 11
1646515843659 85.51793981481481 12
1646515861060 86.80555555555556 13
1646515878465 87.77488425925925 14
1646515895869 89.09143518518519 15
1646515913275 90.14756944444444 16
1646515930679 90.69733796296296 17
1646515948084 91.55092592592592 18
1646515965493 92.24537037037037 19
1646515982897 95.16782407407408 20
1646516000304 96.65798611111111 21
1646516018737 97.45370370370371 22
1646516036153 97.61284722222223 23
1646516053564 97.45370370370371 24
1646516070969 97.69965277777777 25
1646516088379 97.78645833333333 26
1646516105915 98.01793981481481 27
1646516123322 97.77199074074075 28
1646516140729 98.30729166666667 29
1646516158134 98.4519675925926 30
1646516175534 98.46643518518519 31
1646516192940 98.046875 32
1646516210344 98.55324074074075 33
1646516228151 98.10474537037037 34
1646516245555 98.30729166666667 35
1646516262959 98.36516203703704 36
1646516280365 98.23495370370371 37
1646516297770 98.29282407407408 38
1646516315175 98.50983796296296 39
1646516332578 98.97280092592592 40
1646516349983 99.5949074074074 41
1646516367388 99.609375 42
1646516384800 99.58043981481481 43
1646516402213 99.5949074074074 44
1646516419624 99.75405092592592 45
1646516437037 99.6238425925926 46
1646516454445 99.49363425925925 47
1646516471859 99.68171296296296 48
1646516489268 99.65277777777777 49
1646516506683 99.75405092592592 50
1646516524101 99.76851851851852 51
1646516541513 99.71064814814815 52
1646516558928 99.79745370370371 53
1646516576337 99.69618055555556 54
1646516593753 99.50810185185185 55
1646516611165 99.56597222222223 56
1646516628578 99.39236111111111 57
1646516645993 99.40682870370371 58
1646516663407 99.609375 59
1646516680823 99.69618055555556 60
1646516698235 99.79745370370371 61
1646516715655 99.88425925925925 62
1646516733077 99.86979166666667 63
1646516750500 99.86979166666667 64
1646516767918 99.85532407407408 65
1646516785341 99.92766203703704 66
1646516802757 99.82638888888889 67
1646516820172 99.88425925925925 68
1646516837590 99.82638888888889 69
1646516855004 99.84085648148148 70
1646516872420 99.81192129629629 71
1646516889836 99.82638888888889 72
1646516907252 99.84085648148148 73
1646516924671 99.79745370370371 74
1646516942085 99.75405092592592 75
1646516959504 99.82638888888889 76
1646516976921 99.89872685185185 77
1646516994335 99.78298611111111 78
1646517011757 99.94212962962963 79
1646517029163 99.89872685185185 80
1646517046579 99.94212962962963 81
1646517063998 99.94212962962963 82
1646517081410 99.95659722222223 83
1646517098829 99.95659722222223 84
1646517116246 99.95659722222223 85
1646517133657 99.92766203703704 86
1646517151071 99.91319444444444 87
1646517168485 99.88425925925925 88
1646517186071 99.94212962962963 89
1646517203477 99.88425925925925 90
1646517220886 99.91319444444444 91
1646517238298 99.92766203703704 92
1646517255703 99.88425925925925 93
1646517273115 99.92766203703704 94
1646517290528 99.92766203703704 95
1646517307933 99.92766203703704 96
1646517325343 99.85532407407408 97
1646517342759 99.91319444444444 98
1646517360168 99.94212962962963 99
