1646519570484 0 0
1646519592692 32.96535326086956 1
1646519614824 38.53600543478261 2
1646519636968 38.63790760869565 3
1646519659116 42.10258152173913 4
1646519679905 42.10258152173913 5
1646519700696 42.10258152173913 6
1646519721486 42.10258152173913 7
1646519742267 42.10258152173913 8
1646519763050 42.10258152173913 9
1646519783834 42.10258152173913 10
1646519804616 42.10258152173913 11
1646519825398 42.10258152173913 12
1646519846171 42.10258152173913 13
1646519866948 42.10258152173913 14
1646519887729 42.10258152173913 15
1646519908510 42.10258152173913 16
1646519929287 42.10258152173913 17
1646519950067 42.10258152173913 18
1646519970843 42.10258152173913 19
1646519991630 42.10258152173913 20
1646520012413 42.10258152173913 21
1646520033191 42.10258152173913 22
1646520053976 42.10258152173913 23
1646520074753 42.10258152173913 24
1646520095532 42.10258152173913 25
1646520116309 42.10258152173913 26
1646520137096 42.10258152173913 27
1646520157872 42.10258152173913 28
1646520178650 42.10258152173913 29
1646520199426 42.10258152173913 30
1646520220203 42.10258152173913 31
1646520240989 42.10258152173913 32
1646520261766 42.10258152173913 33
1646520282539 42.10258152173913 34
1646520303325 42.10258152173913 35
1646520324111 42.10258152173913 36
1646520344894 42.10258152173913 37
1646520365672 42.10258152173913 38
1646520386454 42.10258152173913 39
1646520407234 42.10258152173913 40
1646520428007 42.10258152173913 41
1646520448790 42.10258152173913 42
1646520469574 42.10258152173913 43
1646520490356 42.10258152173913 44
1646520511139 42.10258152173913 45
1646520531922 42.10258152173913 46
1646520552704 42.10258152173913 47
1646520573493 42.10258152173913 48
1646520594273 42.10258152173913 49
1646520615055 42.10258152173913 50
1646520635842 42.10258152173913 51
1646520656627 42.10258152173913 52
1646520677402 42.10258152173913 53
1646520698183 42.10258152173913 54
1646520718964 42.10258152173913 55
1646520739751 42.10258152173913 56
1646520760532 42.10258152173913 57
1646520781324 42.10258152173913 58
1646520802102 42.10258152173913 59
1646520822891 42.10258152173913 60
1646520843663 42.10258152173913 61
1646520864448 42.10258152173913 62
1646520885235 42.10258152173913 63
1646520906011 42.10258152173913 64
1646520926796 42.10258152173913 65
1646520947576 42.10258152173913 66
1646520968364 42.10258152173913 67
1646520989149 42.10258152173913 68
1646521009936 42.10258152173913 69
1646521030724 42.10258152173913 70
1646521051507 42.10258152173913 71
1646521072287 42.10258152173913 72
1646521093070 42.10258152173913 73
1646521113855 42.10258152173913 74
1646521134627 42.10258152173913 75
1646521155399 42.10258152173913 76
1646521176172 42.10258152173913 77
1646521196941 42.10258152173913 78
1646521217924 42.10258152173913 79
1646521238698 42.10258152173913 80
1646521260124 42.10258152173913 81
1646521280903 42.10258152173913 82
1646521301688 42.10258152173913 83
1646521322467 42.10258152173913 84
1646521343252 42.10258152173913 85
1646521364036 42.10258152173913 86
1646521384822 42.10258152173913 87
1646521405598 42.10258152173913 88
1646521426380 42.10258152173913 89
1646521447153 42.10258152173913 90
1646521467936 42.10258152173913 91
1646521488978 42.10258152173913 92
1646521509758 42.10258152173913 93
1646521530547 42.10258152173913 94
1646521551334 42.10258152173913 95
1646521572112 42.10258152173913 96
1646521592900 42.10258152173913 97
1646521613685 42.10258152173913 98
1646521634462 42.10258152173913 99
