1646519568431 0.001 0
1646519592683 0.001 1
1646519614814 0.001 2
1646519636957 0.001 3
1646519659106 0.001 4
1646519679896 0.001 5
1646519700686 0.001 6
1646519721475 0.001 7
1646519742256 0.001 8
1646519763039 0.001 9
1646519783822 0.001 10
1646519804605 0.001 11
1646519825388 0.001 12
1646519846158 0.001 13
1646519866937 0.001 14
1646519887718 0.001 15
1646519908501 0.001 16
1646519929276 0.001 17
1646519950055 0.001 18
1646519970832 0.001 19
1646519991619 0.0005 20
1646520012401 0.0005 21
1646520033178 0.0005 22
1646520053965 0.0005 23
1646520074740 0.0005 24
1646520095520 0.0005 25
1646520116297 0.0005 26
1646520137083 0.0005 27
1646520157861 0.0005 28
1646520178639 0.0005 29
1646520199415 0.0005 30
1646520220191 0.0005 31
1646520240978 0.0005 32
1646520261755 0.0005 33
1646520282528 0.0005 34
1646520303314 0.0005 35
1646520324098 0.0005 36
1646520344882 0.0005 37
1646520365661 0.0005 38
1646520386443 0.0005 39
1646520407223 0.00025 40
1646520427996 0.00025 41
1646520448778 0.00025 42
1646520469562 0.00025 43
1646520490344 0.00025 44
1646520511128 0.00025 45
1646520531911 0.00025 46
1646520552693 0.00025 47
1646520573481 0.00025 48
1646520594261 0.00025 49
1646520615043 0.00025 50
1646520635830 0.00025 51
1646520656615 0.00025 52
1646520677391 0.00025 53
1646520698172 0.00025 54
1646520718951 0.00025 55
1646520739738 0.00025 56
1646520760520 0.00025 57
1646520781309 0.00025 58
1646520802088 0.00025 59
1646520822877 0.000125 60
1646520843649 0.000125 61
1646520864434 0.000125 62
1646520885221 0.000125 63
1646520905997 0.000125 64
1646520926784 0.000125 65
1646520947562 0.000125 66
1646520968350 0.000125 67
1646520989136 0.000125 68
1646521009922 0.000125 69
1646521030712 0.000125 70
1646521051495 0.000125 71
1646521072274 0.000125 72
1646521093058 0.000125 73
1646521113841 0.000125 74
1646521134614 0.000125 75
1646521155387 0.000125 76
1646521176160 0.000125 77
1646521196929 0.000125 78
1646521217912 0.000125 79
1646521238686 6.25e-05 80
1646521260109 6.25e-05 81
1646521280891 6.25e-05 82
1646521301675 6.25e-05 83
1646521322454 6.25e-05 84
1646521343240 6.25e-05 85
1646521364025 6.25e-05 86
1646521384809 6.25e-05 87
1646521405586 6.25e-05 88
1646521426368 6.25e-05 89
1646521447141 6.25e-05 90
1646521467924 6.25e-05 91
1646521488966 6.25e-05 92
1646521509745 6.25e-05 93
1646521530536 6.25e-05 94
1646521551322 6.25e-05 95
1646521572100 6.25e-05 96
1646521592888 6.25e-05 97
1646521613673 6.25e-05 98
1646521634448 6.25e-05 99
