1646519568869 3.3939724233415394 0
1646519592685 1.299533329628132 1
1646519614817 1.0297797995584983 2
1646519636960 0.8869087795416514 3
1646519659108 0.7352766118667744 4
1646519679898 0.6107554993143788 5
1646519700689 0.5389507490175741 6
1646519721478 0.44940907039024214 7
1646519742259 1.358463872913961 8
1646519763042 4.526648751011601 9
1646519783825 2.5269276830885143 10
1646519804608 2.3064911078523704 11
1646519825391 2.1355000734329224 12
1646519846161 1.9660751709231623 13
1646519866940 1.8545632848033198 14
1646519887720 1.7203712242620963 15
1646519908503 1.5877403087086148 16
1646519929279 1.4793179211793122 17
1646519950058 1.3727995400075559 18
1646519970835 1.2857559279159263 19
1646519991622 1.1474098298284743 20
1646520012403 1.096530356892833 21
1646520033181 1.0272846950425043 22
1646520053968 0.9897783199946085 23
1646520074744 0.9266494534633778 24
1646520095523 0.8816678799964763 25
1646520116300 0.8334921973722952 26
1646520137086 0.7825067407555051 27
1646520157864 0.7438963673732899 28
1646520178642 0.6945552743143506 29
1646520199418 0.6549407889445623 30
1646520220194 0.6325503273142709 31
1646520240981 0.5919530204048863 32
1646520261758 0.5428910073306825 33
1646520282531 0.5185964493839829 34
1646520303317 0.47104554485391686 35
1646520324101 0.4407703600547932 36
1646520344885 0.4153476241562102 37
1646520365664 0.4017351628453643 38
1646520386446 0.36019904138865294 39
1646520407226 0.3015252161357138 40
1646520427999 0.28487400379445815 41
1646520448781 0.26081443219273176 42
1646520469565 0.2445854326641118 43
1646520490347 0.23964631805817285 44
1646520511131 0.22795775449938244 45
1646520531914 0.2230218935895849 46
1646520552696 0.20692630415713345 47
1646520573483 0.2142040130716783 48
1646520594264 0.2016370255086157 49
1646520615046 0.18859016039857157 50
1646520635833 0.186316114746862 51
1646520656617 0.17598423817091519 52
1646520677394 0.1708600496252378 53
1646520698175 0.16668986404935518 54
1646520718954 0.16486874705663435 55
1646520739741 0.16420762130507716 56
1646520760523 0.1563893941541513 57
1646520781313 0.1567708594655549 58
1646520802092 0.13826069042638497 59
1646520822880 0.1257858459872228 60
1646520843653 0.11721402799917592 61
1646520864437 0.10663781577238331 62
1646520885224 0.10148700064531078 63
1646520906000 0.09982279736410689 64
1646520926787 0.10312531302096667 65
1646520947565 0.09242999595072535 66
1646520968354 0.09908855244241378 67
1646520989139 0.10090332091958434 68
1646521009925 0.09828427937571649 69
1646521030715 0.085923930561101 70
1646521051498 0.08610136917343846 71
1646521072277 0.08425734688838322 72
1646521093062 0.08442084760301644 73
1646521113844 0.07941619713825208 74
1646521134617 0.07758649907730243 75
1646521155390 0.07955161144060117 76
1646521176163 0.08051648059928859 77
1646521196932 0.07651617660842559 78
1646521217915 0.07639425441070839 79
1646521238689 0.06444507699321818 80
1646521260113 0.06643894145748129 81
1646521280894 0.06063116452208272 82
1646521301678 0.0629424689406598 83
1646521322457 0.06060455649815224 84
1646521343242 0.06185577371744094 85
1646521364028 0.05359927012964531 86
1646521384813 0.06055249956746896 87
1646521405589 0.05873429447550465 88
1646521426371 0.058668876308257935 89
1646521447144 0.05902480699673847 90
1646521467927 0.05900302160255335 91
1646521488969 0.05294156329775298 92
1646521509748 0.05532534492926465 93
1646521530539 0.05400355850104933 94
1646521551325 0.05428086493716196 95
1646521572103 0.05318216489696944 96
1646521592891 0.05105317673749394 97
1646521613675 0.05313027170659215 98
1646521634452 0.048270307308821765 99
