1646519569677 38.78761574074074 0
1646519592689 62.369791666666664 1
1646519614821 68.50405092592592 2
1646519636964 72.00520833333333 3
1646519659112 76.28761574074075 4
1646519679902 79.6730324074074 5
1646519700693 82.23379629629629 6
1646519721483 84.98263888888889 7
1646519742263 85.37326388888889 8
1646519763046 23.59664351851852 9
1646519783829 37.282986111111114 10
1646519804612 40.755208333333336 11
1646519825395 45.5150462962963 12
1646519846165 47.74305555555556 13
1646519866945 50.998263888888886 14
1646519887725 52.792245370370374 15
1646519908507 56.032986111111114 16
1646519929282 58.4056712962963 17
1646519950062 60.489004629629626 18
1646519970839 62.08043981481482 19
1646519991626 66.07349537037037 20
1646520012408 67.08622685185185 21
1646520033187 68.67766203703704 22
1646520053972 69.9074074074074 23
1646520074748 71.65798611111111 24
1646520095528 72.75752314814815 25
1646520116305 74.14641203703704 26
1646520137091 75.81018518518519 27
1646520157868 77.05439814814815 28
1646520178647 78.44328703703704 29
1646520199422 79.71643518518519 30
1646520220199 80.03472222222223 31
1646520240985 81.58275462962963 32
1646520261762 83.17418981481481 33
1646520282535 83.91203703703704 34
1646520303321 85.30092592592592 35
1646520324106 86.14004629629629 36
1646520344889 87.52893518518519 37
1646520365668 87.890625 38
1646520386450 88.90335648148148 39
1646520407230 91.40625 40
1646520428003 91.7824074074074 41
1646520448785 92.80960648148148 42
1646520469569 93.60532407407408 43
1646520490351 93.20023148148148 44
1646520511135 93.95254629629629 45
1646520531918 93.53298611111111 46
1646520552700 94.44444444444444 47
1646520573488 94.41550925925925 48
1646520594269 94.28530092592592 49
1646520615051 94.99421296296296 50
1646520635838 95.18229166666667 51
1646520656622 95.44270833333333 52
1646520677399 95.60185185185185 53
1646520698179 95.54398148148148 54
1646520718959 95.76099537037037 55
1646520739746 95.42824074074075 56
1646520760528 95.80439814814815 57
1646520781318 95.48611111111111 58
1646520802097 96.16608796296296 59
1646520822886 96.67245370370371 60
1646520843659 97.03414351851852 61
1646520864443 97.62731481481481 62
1646520885229 97.6417824074074 63
1646520906005 97.55497685185185 64
1646520926792 97.54050925925925 65
1646520947570 97.84432870370371 66
1646520968359 97.51157407407408 67
1646520989145 97.6417824074074 68
1646521009930 97.6417824074074 69
1646521030720 98.046875 70
1646521051503 97.75752314814815 71
1646521072283 97.71412037037037 72
1646521093066 98.01793981481481 73
1646521113849 98.19155092592592 74
1646521134622 98.17708333333333 75
1646521155395 97.97453703703704 76
1646521176168 98.01793981481481 77
1646521196936 98.14814814814815 78
1646521217920 98.13368055555556 79
1646521238694 98.39409722222223 80
1646521260118 98.55324074074075 81
1646521280899 98.61111111111111 82
1646521301683 98.4375 83
1646521322462 98.55324074074075 84
1646521343248 98.58217592592592 85
1646521364032 98.88599537037037 86
1646521384817 98.50983796296296 87
1646521405594 98.52430555555556 88
1646521426376 98.79918981481481 89
1646521447149 98.61111111111111 90
1646521467932 98.68344907407408 91
1646521488974 98.77025462962963 92
1646521509753 98.77025462962963 93
1646521530543 98.88599537037037 94
1646521551329 98.8136574074074 95
1646521572108 98.85706018518519 96
1646521592896 98.91493055555556 97
1646521613680 98.64004629629629 98
1646521634457 99.04513888888889 99
