1646517470641 0 0
1646517490710 30.128205128205128 1
1646517510797 40.08413461538461 2
1646517530898 42.00721153846154 3
1646517551016 46.794871794871796 4
1646517571149 47.41586538461539 5
1646517589944 47.41586538461539 6
1646517608740 47.41586538461539 7
1646517627815 47.41586538461539 8
1646517646610 47.41586538461539 9
1646517668669 47.43589743589744 10
1646517688799 47.79647435897436 11
1646517707593 47.79647435897436 12
1646517726389 47.79647435897436 13
1646517745190 47.79647435897436 14
1646517765757 47.79647435897436 15
1646517784557 47.79647435897436 16
1646517803352 47.79647435897436 17
1646517822150 47.79647435897436 18
1646517840950 47.79647435897436 19
1646517859753 47.79647435897436 20
1646517879890 48.05689102564103 21
1646517898681 48.05689102564103 22
1646517917480 48.05689102564103 23
1646517936278 48.05689102564103 24
1646517955081 48.05689102564103 25
1646517973882 48.05689102564103 26
1646517992670 48.05689102564103 27
1646518011466 48.05689102564103 28
1646518030261 48.05689102564103 29
1646518049054 48.05689102564103 30
1646518067859 48.05689102564103 31
1646518086659 48.05689102564103 32
1646518105458 48.05689102564103 33
1646518124265 48.05689102564103 34
1646518143066 48.05689102564103 35
1646518161864 48.05689102564103 36
1646518180666 48.05689102564103 37
1646518199465 48.05689102564103 38
1646518218266 48.05689102564103 39
1646518237066 48.05689102564103 40
1646518255874 48.05689102564103 41
1646518274678 48.05689102564103 42
1646518293483 48.05689102564103 43
1646518312286 48.05689102564103 44
1646518331086 48.05689102564103 45
1646518349886 48.05689102564103 46
1646518368688 48.05689102564103 47
1646518387492 48.05689102564103 48
1646518406289 48.05689102564103 49
1646518425091 48.05689102564103 50
1646518443895 48.05689102564103 51
1646518462699 48.05689102564103 52
1646518481508 48.05689102564103 53
1646518500314 48.05689102564103 54
1646518519118 48.05689102564103 55
1646518537925 48.05689102564103 56
1646518556731 48.05689102564103 57
1646518575557 48.05689102564103 58
1646518594367 48.05689102564103 59
1646518613175 48.05689102564103 60
1646518631982 48.05689102564103 61
1646518650789 48.05689102564103 62
1646518669599 48.05689102564103 63
1646518688407 48.05689102564103 64
1646518707215 48.05689102564103 65
1646518726030 48.05689102564103 66
1646518744839 48.05689102564103 67
1646518763653 48.05689102564103 68
1646518782471 48.05689102564103 69
1646518801293 48.05689102564103 70
1646518820116 48.05689102564103 71
1646518838926 48.05689102564103 72
1646518857736 48.05689102564103 73
1646518876550 48.05689102564103 74
1646518895361 48.05689102564103 75
1646518914176 48.05689102564103 76
1646518932995 48.05689102564103 77
1646518951809 48.05689102564103 78
1646518970617 48.05689102564103 79
1646518989422 48.05689102564103 80
1646519008227 48.05689102564103 81
1646519027041 48.05689102564103 82
1646519045845 48.05689102564103 83
1646519064650 48.05689102564103 84
1646519083455 48.05689102564103 85
1646519102261 48.05689102564103 86
1646519121071 48.05689102564103 87
1646519139887 48.05689102564103 88
1646519158703 48.05689102564103 89
1646519177518 48.05689102564103 90
1646519196326 48.05689102564103 91
1646519215131 48.05689102564103 92
1646519233943 48.05689102564103 93
1646519252744 48.05689102564103 94
1646519271549 48.05689102564103 95
1646519290355 48.05689102564103 96
1646519309163 48.05689102564103 97
1646519327966 48.05689102564103 98
1646519346772 48.05689102564103 99
