1646517470628 0.001 0
1646517490697 0.001 1
1646517510783 0.001 2
1646517530887 0.001 3
1646517551006 0.001 4
1646517571138 0.001 5
1646517589934 0.001 6
1646517608729 0.001 7
1646517627525 0.001 8
1646517646600 0.001 9
1646517668657 0.001 10
1646517688787 0.001 11
1646517707582 0.001 12
1646517726380 0.001 13
1646517745180 0.001 14
1646517765746 0.001 15
1646517784546 0.001 16
1646517803343 0.001 17
1646517822141 0.001 18
1646517840938 0.001 19
1646517859740 0.0005 20
1646517879880 0.0005 21
1646517898671 0.0005 22
1646517917469 0.0005 23
1646517936267 0.0005 24
1646517955070 0.0005 25
1646517973870 0.0005 26
1646517992659 0.0005 27
1646518011454 0.0005 28
1646518030249 0.0005 29
1646518049043 0.0005 30
1646518067846 0.0005 31
1646518086645 0.0005 32
1646518105448 0.0005 33
1646518124252 0.0005 34
1646518143053 0.0005 35
1646518161852 0.0005 36
1646518180651 0.0005 37
1646518199452 0.0005 38
1646518218252 0.0005 39
1646518237053 0.00025 40
1646518255861 0.00025 41
1646518274664 0.00025 42
1646518293469 0.00025 43
1646518312273 0.00025 44
1646518331073 0.00025 45
1646518349873 0.00025 46
1646518368676 0.00025 47
1646518387479 0.00025 48
1646518406276 0.00025 49
1646518425079 0.00025 50
1646518443881 0.00025 51
1646518462686 0.00025 52
1646518481495 0.00025 53
1646518500299 0.00025 54
1646518519104 0.00025 55
1646518537912 0.00025 56
1646518556718 0.00025 57
1646518575524 0.00025 58
1646518594356 0.00025 59
1646518613163 0.000125 60
1646518631969 0.000125 61
1646518650776 0.000125 62
1646518669586 0.000125 63
1646518688396 0.000125 64
1646518707203 0.000125 65
1646518726018 0.000125 66
1646518744827 0.000125 67
1646518763642 0.000125 68
1646518782459 0.000125 69
1646518801280 0.000125 70
1646518820104 0.000125 71
1646518838914 0.000125 72
1646518857725 0.000125 73
1646518876537 0.000125 74
1646518895351 0.000125 75
1646518914166 0.000125 76
1646518932984 0.000125 77
1646518951798 0.000125 78
1646518970607 0.000125 79
1646518989410 6.25e-05 80
1646519008217 6.25e-05 81
1646519027030 6.25e-05 82
1646519045834 6.25e-05 83
1646519064640 6.25e-05 84
1646519083442 6.25e-05 85
1646519102250 6.25e-05 86
1646519121058 6.25e-05 87
1646519139876 6.25e-05 88
1646519158689 6.25e-05 89
1646519177505 6.25e-05 90
1646519196313 6.25e-05 91
1646519215118 6.25e-05 92
1646519233931 6.25e-05 93
1646519252729 6.25e-05 94
1646519271537 6.25e-05 95
1646519290341 6.25e-05 96
1646519309149 6.25e-05 97
1646519327951 6.25e-05 98
1646519346759 6.25e-05 99
