1646517470632 4.3231749004787865 0
1646517490701 1.5719679483660944 1
1646517510786 1.2222158677048154 2
1646517530890 1.0487968833358199 3
1646517551008 0.921860811886964 4
1646517571141 0.8067564114376351 5
1646517589937 0.7176206156059548 6
1646517608732 0.6470547936580799 7
1646517627805 0.575299428568946 8
1646517646602 0.504453996265376 9
1646517668660 0.4475408063994514 10
1646517688790 0.39572262874356023 11
1646517707585 0.3501393488711781 12
1646517726382 0.3124438916091566 13
1646517745183 0.27452846616506577 14
1646517765749 0.2582817750948447 15
1646517784548 0.23746455571165792 16
1646517803345 0.22299933530114316 17
1646517822143 0.2157648971511258 18
1646517840941 0.17464103880855772 19
1646517859744 0.12431191970352773 20
1646517879883 0.08407135707912622 21
1646517898674 0.07555857618097905 22
1646517917473 0.07396566240047966 23
1646517936270 0.06544931350206887 24
1646517955073 0.05488657716799666 25
1646517973873 0.06248708124513979 26
1646517992662 0.059894311172818696 27
1646518011457 0.05665782197482056 28
1646518030252 0.0523095873736397 29
1646518049046 0.05587063978115717 30
1646518067849 0.04746578333692418 31
1646518086648 0.04629711815397496 32
1646518105450 0.04577719937596056 33
1646518124255 0.057960244826972485 34
1646518143056 0.05318208300956973 35
1646518161855 0.05699540622946289 36
1646518180654 0.04315541117210631 37
1646518199455 0.045616870228615075 38
1646518218256 0.041935851624994365 39
1646518237056 0.026024034298542473 40
1646518255864 0.020015149049598863 41
1646518274667 0.024166167955155724 42
1646518293472 0.02091641817241907 43
1646518312276 0.014518105511174158 44
1646518331076 0.016488399718784623 45
1646518349876 0.01743992396492373 46
1646518368679 0.01612974139344361 47
1646518387483 0.017169473985968915 48
1646518406280 0.014069362414172955 49
1646518425082 0.01543703732184238 50
1646518443884 0.014265015850671463 51
1646518462689 0.016804834970066115 52
1646518481498 0.01739618002385315 53
1646518500303 0.016709831258695986 54
1646518519107 0.01684918927235736 55
1646518537916 0.018726805164651188 56
1646518556721 0.01711171270451612 57
1646518575530 0.013722053763491136 58
1646518594359 0.015825329331198224 59
1646518613166 0.011328232397014895 60
1646518631972 0.011260641083397247 61
1646518650780 0.008725207521045511 62
1646518669589 0.008396388104840837 63
1646518688398 0.009277534153726365 64
1646518707206 0.010216646913990931 65
1646518726021 0.007941398109930256 66
1646518744830 0.0060334903817554865 67
1646518763645 0.007057047714220567 68
1646518782462 0.0069827987571005464 69
1646518801283 0.007807166035356069 70
1646518820107 0.008618956737875662 71
1646518838917 0.007102979842952832 72
1646518857728 0.007397095452890628 73
1646518876540 0.008218662757254034 74
1646518895354 0.009032722974316803 75
1646518914169 0.007108405698090792 76
1646518932987 0.006880516733939725 77
1646518951800 0.008529763341087985 78
1646518970609 0.008434859837439877 79
1646518989413 0.00688177525686721 80
1646519008219 0.005942594921820004 81
1646519027033 0.004532778749880554 82
1646519045837 0.005219436951274811 83
1646519064643 0.004034424916392675 84
1646519083445 0.004607774330199593 85
1646519102253 0.005554574826318357 86
1646519121061 0.004761388583574444 87
1646519139879 0.004725869809691276 88
1646519158692 0.004256771217721204 89
1646519177508 0.00403021556040686 90
1646519196316 0.004740009099434785 91
1646519215121 0.005761957067685823 92
1646519233934 0.004884692986875221 93
1646519252733 0.003877578370048906 94
1646519271540 0.0038735728271098602 95
1646519290344 0.004340677343188199 96
1646519309152 0.004659849311725271 97
1646519327955 0.005972358896138353 98
1646519346762 0.0042301747814269255 99
