1646517470636 31.91550925925926 0
1646517490705 55.94618055555556 1
1646517510792 64.58333333333333 2
1646517530894 68.83680555555556 3
1646517551012 72.38136574074075 4
1646517571145 75.63657407407408 5
1646517589940 78.18287037037037 6
1646517608736 79.7019675925926 7
1646517627810 82.69675925925925 8
1646517646606 84.79456018518519 9
1646517668665 86.67534722222223 10
1646517688794 88.23784722222223 11
1646517707589 89.61226851851852 12
1646517726386 90.98668981481481 13
1646517745187 92.39004629629629 14
1646517765752 92.88194444444444 15
1646517784553 92.99768518518519 16
1646517803348 93.22916666666667 17
1646517822147 93.93807870370371 18
1646517840945 95.06655092592592 19
1646517859748 96.96180555555556 20
1646517879887 97.94560185185185 21
1646517898677 98.40856481481481 22
1646517917476 98.4375 23
1646517936274 98.71238425925925 24
1646517955077 98.828125 25
1646517973877 98.58217592592592 26
1646517992666 98.71238425925925 27
1646518011462 98.69791666666667 28
1646518030257 98.8425925925926 29
1646518049051 98.66898148148148 30
1646518067854 99.01620370370371 31
1646518086652 99.01620370370371 32
1646518105454 98.94386574074075 33
1646518124260 98.56770833333333 34
1646518143062 98.66898148148148 35
1646518161860 98.40856481481481 36
1646518180660 99.04513888888889 37
1646518199461 98.90046296296296 38
1646518218261 99.05960648148148 39
1646518237061 99.47916666666667 40
1646518255869 99.6238425925926 41
1646518274672 99.52256944444444 42
1646518293477 99.53703703703704 43
1646518312282 99.81192129629629 44
1646518331081 99.66724537037037 45
1646518349881 99.65277777777777 46
1646518368684 99.66724537037037 47
1646518387487 99.71064814814815 48
1646518406284 99.69618055555556 49
1646518425087 99.68171296296296 50
1646518443889 99.75405092592592 51
1646518462694 99.66724537037037 52
1646518481503 99.63831018518519 53
1646518500308 99.609375 54
1646518519113 99.66724537037037 55
1646518537921 99.5949074074074 56
1646518556725 99.6238425925926 57
1646518575542 99.75405092592592 58
1646518594363 99.73958333333333 59
1646518613170 99.86979166666667 60
1646518631977 99.76851851851852 61
1646518650784 99.88425925925925 62
1646518669594 99.86979166666667 63
1646518688403 99.79745370370371 64
1646518707211 99.82638888888889 65
1646518726025 99.84085648148148 66
1646518744835 99.92766203703704 67
1646518763649 99.92766203703704 68
1646518782466 99.86979166666667 69
1646518801288 99.85532407407408 70
1646518820112 99.82638888888889 71
1646518838921 99.86979166666667 72
1646518857731 99.88425925925925 73
1646518876544 99.88425925925925 74
1646518895358 99.82638888888889 75
1646518914173 99.88425925925925 76
1646518932991 99.86979166666667 77
1646518951804 99.79745370370371 78
1646518970613 99.84085648148148 79
1646518989417 99.85532407407408 80
1646519008223 99.92766203703704 81
1646519027037 99.95659722222223 82
1646519045841 99.88425925925925 83
1646519064647 99.95659722222223 84
1646519083450 99.92766203703704 85
1646519102257 99.92766203703704 86
1646519121065 99.92766203703704 87
1646519139883 99.94212962962963 88
1646519158697 99.97106481481481 89
1646519177513 99.95659722222223 90
1646519196322 99.92766203703704 91
1646519215126 99.86979166666667 92
1646519233938 99.94212962962963 93
1646519252738 99.92766203703704 94
1646519271545 99.97106481481481 95
1646519290349 99.91319444444444 96
1646519309158 99.95659722222223 97
1646519327960 99.89872685185185 98
1646519346768 99.92766203703704 99
