1646512012129 0 0
1646512029587 17.083333333333332 1
1646512045928 23.958333333333332 2
1646512062312 34.791666666666664 3
1646512079032 37.708333333333336 4
1646512095750 42.760416666666664 5
1646512112184 49.0625 6
1646512128599 52.552083333333336 7
1646512145017 55.729166666666664 8
1646512161440 60.208333333333336 9
1646512176508 60.208333333333336 10
1646512191580 60.208333333333336 11
1646512208008 60.9375 12
1646512224440 62.34375 13
1646512240858 64.32291666666667 14
1646512255925 64.32291666666667 15
1646512272353 65.3125 16
1646512287422 65.3125 17
1646512302497 65.3125 18
1646512318940 66.09375 19
1646512334029 66.09375 20
1646512350460 67.23958333333333 21
1646512366906 68.125 22
1646512381977 68.125 23
1646512398408 68.33333333333333 24
1646512413491 68.33333333333333 25
1646512429911 69.27083333333333 26
1646512444995 69.27083333333333 27
1646512460080 69.27083333333333 28
1646512476523 70.10416666666667 29
1646512491611 70.10416666666667 30
1646512508032 70.15625 31
1646512523094 70.15625 32
1646512538196 70.15625 33
1646512553290 70.15625 34
1646512568388 70.15625 35
1646512583499 70.15625 36
1646512598601 70.15625 37
1646512613706 70.15625 38
1646512628812 70.15625 39
1646512643916 70.15625 40
1646512659020 70.15625 41
1646512675520 70.26041666666667 42
1646512690622 70.26041666666667 43
1646512705703 70.26041666666667 44
1646512720797 70.26041666666667 45
1646512735889 70.26041666666667 46
1646512750983 70.26041666666667 47
1646512766073 70.26041666666667 48
1646512782504 70.3125 49
1646512797593 70.3125 50
1646512813919 70.98958333333333 51
1646512829003 70.98958333333333 52
1646512844091 70.98958333333333 53
1646512859178 70.98958333333333 54
1646512874266 70.98958333333333 55
1646512889356 70.98958333333333 56
1646512904449 70.98958333333333 57
1646512919538 70.98958333333333 58
1646512934623 70.98958333333333 59
1646512949706 70.98958333333333 60
1646512964792 70.98958333333333 61
1646512979888 70.98958333333333 62
1646512994987 70.98958333333333 63
1646513010090 70.98958333333333 64
1646513025186 70.98958333333333 65
1646513040280 70.98958333333333 66
1646513055371 70.98958333333333 67
1646513070461 70.98958333333333 68
1646513085557 70.98958333333333 69
1646513100644 70.98958333333333 70
1646513115740 70.98958333333333 71
1646513130833 70.98958333333333 72
1646513145928 70.98958333333333 73
1646513161023 70.98958333333333 74
1646513176117 70.98958333333333 75
1646513191203 70.98958333333333 76
1646513206302 70.98958333333333 77
1646513221380 70.98958333333333 78
1646513236468 70.98958333333333 79
1646513251548 70.98958333333333 80
1646513266637 70.98958333333333 81
1646513281724 70.98958333333333 82
1646513296811 70.98958333333333 83
1646513311900 70.98958333333333 84
1646513326996 70.98958333333333 85
1646513342086 70.98958333333333 86
1646513357175 70.98958333333333 87
1646513372263 70.98958333333333 88
1646513387352 70.98958333333333 89
1646513402444 70.98958333333333 90
1646513417534 70.98958333333333 91
1646513432625 70.98958333333333 92
1646513447715 70.98958333333333 93
1646513462808 70.98958333333333 94
1646513477904 70.98958333333333 95
1646513492991 70.98958333333333 96
1646513508092 70.98958333333333 97
1646513523188 70.98958333333333 98
1646513538279 70.98958333333333 99
