1646512010388 0.001 0
1646512029574 0.001 1
1646512045917 0.001 2
1646512062299 0.001 3
1646512078713 0.001 4
1646512095448 0.001 5
1646512112172 0.001 6
1646512128585 0.001 7
1646512145005 0.001 8
1646512161428 0.001 9
1646512176495 0.001 10
1646512191569 0.001 11
1646512207996 0.001 12
1646512224427 0.001 13
1646512240845 0.001 14
1646512255912 0.001 15
1646512272340 0.001 16
1646512287410 0.001 17
1646512302485 0.001 18
1646512318926 0.001 19
1646512334016 0.0005 20
1646512350448 0.0005 21
1646512366894 0.0005 22
1646512381968 0.0005 23
1646512398393 0.0005 24
1646512413481 0.0005 25
1646512429901 0.0005 26
1646512444984 0.0005 27
1646512460069 0.0005 28
1646512476514 0.0005 29
1646512491601 0.0005 30
1646512508022 0.0005 31
1646512523082 0.0005 32
1646512538184 0.0005 33
1646512553280 0.0005 34
1646512568376 0.0005 35
1646512583488 0.0005 36
1646512598587 0.0005 37
1646512613692 0.0005 38
1646512628798 0.0005 39
1646512643904 0.00025 40
1646512659006 0.00025 41
1646512675507 0.00025 42
1646512690609 0.00025 43
1646512705691 0.00025 44
1646512720785 0.00025 45
1646512735876 0.00025 46
1646512750971 0.00025 47
1646512766061 0.00025 48
1646512782491 0.00025 49
1646512797580 0.00025 50
1646512813908 0.00025 51
1646512828991 0.00025 52
1646512844078 0.00025 53
1646512859166 0.00025 54
1646512874253 0.00025 55
1646512889342 0.00025 56
1646512904436 0.00025 57
1646512919526 0.00025 58
1646512934610 0.00025 59
1646512949694 0.000125 60
1646512964781 0.000125 61
1646512979877 0.000125 62
1646512994974 0.000125 63
1646513010078 0.000125 64
1646513025174 0.000125 65
1646513040268 0.000125 66
1646513055359 0.000125 67
1646513070450 0.000125 68
1646513085546 0.000125 69
1646513100634 0.000125 70
1646513115729 0.000125 71
1646513130822 0.000125 72
1646513145916 0.000125 73
1646513161011 0.000125 74
1646513176106 0.000125 75
1646513191192 0.000125 76
1646513206286 0.000125 77
1646513221369 0.000125 78
1646513236456 0.000125 79
1646513251536 6.25e-05 80
1646513266625 6.25e-05 81
1646513281712 6.25e-05 82
1646513296801 6.25e-05 83
1646513311888 6.25e-05 84
1646513326984 6.25e-05 85
1646513342074 6.25e-05 86
1646513357164 6.25e-05 87
1646513372251 6.25e-05 88
1646513387340 6.25e-05 89
1646513402428 6.25e-05 90
1646513417522 6.25e-05 91
1646513432613 6.25e-05 92
1646513447702 6.25e-05 93
1646513462797 6.25e-05 94
1646513477893 6.25e-05 95
1646513492980 6.25e-05 96
1646513508080 6.25e-05 97
1646513523176 6.25e-05 98
1646513538267 6.25e-05 99
