1646512011630 10.633680555555555 0
1646512029583 18.40277777777778 1
1646512045924 26.34548611111111 2
1646512062307 34.129050925925924 3
1646512079027 39.93055555555556 4
1646512095744 47.670717592592595 5
1646512112180 52.719907407407405 6
1646512128594 58.50694444444444 7
1646512145013 61.472800925925924 8
1646512161436 66.04456018518519 9
1646512176503 67.9832175925926 10
1646512191576 70.21122685185185 11
1646512208004 72.91666666666667 12
1646512224436 73.87152777777777 13
1646512240854 75.73784722222223 14
1646512255921 77.79224537037037 15
1646512272348 79.22453703703704 16
1646512287417 80.61342592592592 17
1646512302493 81.59722222222223 18
1646512318935 82.63888888888889 19
1646512334025 86.93576388888889 20
1646512350456 89.61226851851852 21
1646512366902 90.43692129629629 22
1646512381973 91.37731481481481 23
1646512398402 91.18923611111111 24
1646512413488 92.23090277777777 25
1646512429908 91.21817129629629 26
1646512444991 91.89814814814815 27
1646512460076 92.39004629629629 28
1646512476520 93.04108796296296 29
1646512491608 93.17129629629629 30
1646512508028 92.69386574074075 31
1646512523089 92.9832175925926 32
1646512538192 93.72106481481481 33
1646512553287 94.38657407407408 34
1646512568383 93.82233796296296 35
1646512583495 94.27083333333333 36
1646512598594 94.70486111111111 37
1646512613701 94.41550925925925 38
1646512628807 94.1550925925926 39
1646512643912 96.75925925925925 40
1646512659015 97.51157407407408 41
1646512675515 98.48090277777777 42
1646512690618 98.36516203703704 43
1646512705699 98.33622685185185 44
1646512720792 98.77025462962963 45
1646512735885 98.49537037037037 46
1646512750979 98.29282407407408 47
1646512766069 98.66898148148148 48
1646512782500 98.50983796296296 49
1646512797589 98.61111111111111 50
1646512813915 98.828125 51
1646512828999 98.66898148148148 52
1646512844086 98.61111111111111 53
1646512859174 98.74131944444444 54
1646512874261 98.26388888888889 55
1646512889351 98.39409722222223 56
1646512904445 98.00347222222223 57
1646512919534 98.20601851851852 58
1646512934618 98.65451388888889 59
1646512949702 99.13194444444444 60
1646512964788 99.32002314814815 61
1646512979884 99.39236111111111 62
1646512994982 99.46469907407408 63
1646513010086 99.47916666666667 64
1646513025181 99.49363425925925 65
1646513040275 99.66724537037037 66
1646513055366 99.609375 67
1646513070457 99.50810185185185 68
1646513085553 99.42129629629629 69
1646513100641 99.53703703703704 70
1646513115736 99.40682870370371 71
1646513130829 99.52256944444444 72
1646513145923 99.56597222222223 73
1646513161019 99.40682870370371 74
1646513176113 99.37789351851852 75
1646513191199 99.39236111111111 76
1646513206297 99.49363425925925 77
1646513221376 99.5949074074074 78
1646513236464 99.47916666666667 79
1646513251544 99.68171296296296 80
1646513266633 99.68171296296296 81
1646513281720 99.69618055555556 82
1646513296807 99.69618055555556 83
1646513311896 99.68171296296296 84
1646513326992 99.86979166666667 85
1646513342082 99.75405092592592 86
1646513357171 99.82638888888889 87
1646513372258 99.72511574074075 88
1646513387347 99.84085648148148 89
1646513402438 99.75405092592592 90
1646513417530 99.65277777777777 91
1646513432620 99.89872685185185 92
1646513447711 99.6238425925926 93
1646513462804 99.68171296296296 94
1646513477900 99.76851851851852 95
1646513492987 99.73958333333333 96
1646513508088 99.76851851851852 97
1646513523184 99.75405092592592 98
1646513538275 99.85532407407408 99
