1646512010827 16.135957806198686 0
1646512029578 2.7619610362582736 1
1646512045921 2.329005894837556 2
1646512062304 2.046962919058623 3
1646512079021 1.8132932517263625 4
1646512095739 1.5844746585245486 5
1646512112175 1.3945834217248139 6
1646512128589 1.2533372066639088 7
1646512145008 1.1297221426610593 8
1646512161431 1.0145648508160203 9
1646512176499 0.9497641932081293 10
1646512191572 0.8697046218095003 11
1646512208000 0.7986507934552652 12
1646512224431 0.7725468984356633 13
1646512240848 0.7080119053522745 14
1646512255915 0.642436714635955 15
1646512272343 0.6099038245501341 16
1646512287413 0.5725425995058484 17
1646512302488 0.5387761228614383 18
1646512318930 0.5098443108576315 19
1646512334019 0.3708227425813675 20
1646512350451 0.31044852595638345 21
1646512366897 0.2860161386154316 22
1646512381970 0.25704532944493824 23
1646512398397 0.26013498891282966 24
1646512413484 0.2376834394203292 25
1646512429904 0.25312954739288046 26
1646512444987 0.24009034175563743 27
1646512460072 0.22305266048621247 28
1646512476517 0.2130206365276266 29
1646512491603 0.21158996431363952 30
1646512508025 0.20825639891403694 31
1646512523085 0.20023158096052981 32
1646512538187 0.1890366622419269 33
1646512553283 0.17192707817863534 34
1646512568379 0.17399007868435648 35
1646512583491 0.1739620453229657 36
1646512598590 0.15455515282573523 37
1646512613695 0.16215153376537342 38
1646512628802 0.16686596983560809 39
1646512643907 0.1029525840723956 40
1646512659010 0.07367100390709108 41
1646512675510 0.05834823689871916 42
1646512690613 0.05717098626687571 43
1646512705694 0.053004924242419225 44
1646512720788 0.04695619697924013 45
1646512735879 0.04886589618399739 46
1646512750974 0.05513340834942129 47
1646512766064 0.04687525354394758 48
1646512782494 0.04921394822843097 49
1646512797583 0.04430297165419216 50
1646512813910 0.042151050866340044 51
1646512828994 0.0429970466842254 52
1646512844081 0.04400242666748387 53
1646512859169 0.04313437595825504 54
1646512874256 0.05494028289319464 55
1646512889345 0.05295104195398313 56
1646512904439 0.059992736067484925 57
1646512919529 0.052259654806995834 58
1646512934614 0.04577962857567602 59
1646512949697 0.03411327632730482 60
1646512964784 0.025476407561520184 61
1646512979880 0.021945980394742003 62
1646512994977 0.021279477290119284 63
1646513010081 0.018329754915881763 64
1646513025177 0.020584729995957955 65
1646513040271 0.015134371260905432 66
1646513055362 0.015292645044003924 67
1646513070453 0.017457692155235068 68
1646513085549 0.01921922630733914 69
1646513100636 0.018906201865455066 70
1646513115732 0.020748038681361963 71
1646513130825 0.019367780678698585 72
1646513145920 0.016665522755054687 73
1646513161014 0.018366891011181805 74
1646513176109 0.020639087444309284 75
1646513191195 0.023718692159659608 76
1646513206290 0.020492677658761817 77
1646513221372 0.016134265051395806 78
1646513236459 0.018784247028330963 79
1646513251540 0.013040925548584372 80
1646513266628 0.012428822086399628 81
1646513281715 0.010417244522142466 82
1646513296803 0.011119370950230708 83
1646513311891 0.010431505308521015 84
1646513326987 0.007952471319758505 85
1646513342077 0.00872522674035281 86
1646513357167 0.008820911496446503 87
1646513372254 0.01130309509527352 88
1646513387342 0.007529779298541446 89
1646513402432 0.009566960933928689 90
1646513417525 0.010031606693734863 91
1646513432616 0.007612939303119977 92
1646513447706 0.01144136544920642 93
1646513462800 0.010759054577512736 94
1646513477896 0.00864557784775065 95
1646513492983 0.009695060671893534 96
1646513508084 0.008409739212193354 97
1646513523179 0.010899473697430006 98
1646513538270 0.008007690278140621 99
