1646519571186 0 0
1646519592492 37.41508152173913 1
1646519612936 40.57404891304348 2
1646519633511 42.68002717391305 3
1646519652942 42.68002717391305 4
1646519672401 42.68002717391305 5
1646519692977 43.90285326086956 6
1646519712457 43.90285326086956 7
1646519731953 43.90285326086956 8
1646519751459 43.90285326086956 9
1646519770985 43.90285326086956 10
1646519790482 43.90285326086956 11
1646519809994 43.90285326086956 12
1646519829502 43.90285326086956 13
1646519849020 43.90285326086956 14
1646519868531 43.90285326086956 15
1646519888051 43.90285326086956 16
1646519907579 43.90285326086956 17
1646519927104 43.90285326086956 18
1646519946624 43.90285326086956 19
1646519966142 43.90285326086956 20
1646519985654 43.90285326086956 21
1646520005177 43.90285326086956 22
1646520024711 43.90285326086956 23
1646520044240 43.90285326086956 24
1646520063770 43.90285326086956 25
1646520083297 43.90285326086956 26
1646520102821 43.90285326086956 27
1646520122362 43.90285326086956 28
1646520141898 43.90285326086956 29
1646520161420 43.90285326086956 30
1646520180937 43.90285326086956 31
1646520200457 43.90285326086956 32
1646520219968 43.90285326086956 33
1646520239479 43.90285326086956 34
1646520258999 43.90285326086956 35
1646520278516 43.90285326086956 36
1646520298037 43.90285326086956 37
1646520317553 43.90285326086956 38
1646520337076 43.90285326086956 39
1646520356601 43.90285326086956 40
1646520376122 43.90285326086956 41
1646520395650 43.90285326086956 42
1646520415166 43.90285326086956 43
1646520434687 43.90285326086956 44
1646520454199 43.90285326086956 45
1646520473714 43.90285326086956 46
1646520493223 43.90285326086956 47
1646520512726 43.90285326086956 48
1646520532236 43.90285326086956 49
1646520551746 43.90285326086956 50
1646520571261 43.90285326086956 51
1646520590769 43.90285326086956 52
1646520610272 43.90285326086956 53
1646520629793 43.90285326086956 54
1646520649305 43.90285326086956 55
1646520668815 43.90285326086956 56
1646520688333 43.90285326086956 57
1646520707847 43.90285326086956 58
1646520727359 43.90285326086956 59
1646520746866 43.90285326086956 60
1646520766377 43.90285326086956 61
1646520785894 43.90285326086956 62
1646520805412 43.90285326086956 63
1646520824931 43.90285326086956 64
1646520844441 43.90285326086956 65
1646520863959 43.90285326086956 66
1646520883466 43.90285326086956 67
1646520902975 43.90285326086956 68
1646520922480 43.90285326086956 69
1646520941990 43.90285326086956 70
1646520961497 43.90285326086956 71
1646520981005 43.90285326086956 72
1646521000522 43.90285326086956 73
1646521020034 43.90285326086956 74
1646521039544 43.90285326086956 75
1646521059049 43.90285326086956 76
1646521078549 43.90285326086956 77
1646521098057 43.90285326086956 78
1646521117556 43.90285326086956 79
1646521137061 43.90285326086956 80
1646521156566 43.90285326086956 81
1646521176075 43.90285326086956 82
1646521195584 43.90285326086956 83
1646521215097 43.90285326086956 84
1646521234604 43.90285326086956 85
1646521254108 43.90285326086956 86
1646521273619 43.90285326086956 87
1646521297010 43.90285326086956 88
1646521316505 43.90285326086956 89
1646521336010 43.90285326086956 90
1646521355522 43.90285326086956 91
1646521375043 43.90285326086956 92
1646521394557 43.90285326086956 93
1646521414079 43.90285326086956 94
1646521433593 43.90285326086956 95
1646521453099 43.90285326086956 96
1646521472608 43.90285326086956 97
1646521492117 43.90285326086956 98
1646521511613 43.90285326086956 99
