1646519570386 0.001 0
1646519592482 0.001 1
1646519612925 0.001 2
1646519633501 0.001 3
1646519652931 0.001 4
1646519672390 0.001 5
1646519692964 0.001 6
1646519712444 0.001 7
1646519731941 0.001 8
1646519751446 0.001 9
1646519770973 0.001 10
1646519790469 0.001 11
1646519809980 0.001 12
1646519829491 0.001 13
1646519849008 0.001 14
1646519868519 0.001 15
1646519888039 0.001 16
1646519907567 0.001 17
1646519927091 0.001 18
1646519946611 0.001 19
1646519966129 0.0005 20
1646519985646 0.0005 21
1646520005167 0.0005 22
1646520024701 0.0005 23
1646520044229 0.0005 24
1646520063759 0.0005 25
1646520083285 0.0005 26
1646520102811 0.0005 27
1646520122351 0.0005 28
1646520141887 0.0005 29
1646520161408 0.0005 30
1646520180926 0.0005 31
1646520200445 0.0005 32
1646520219958 0.0005 33
1646520239468 0.0005 34
1646520258988 0.0005 35
1646520278505 0.0005 36
1646520298024 0.0005 37
1646520317542 0.0005 38
1646520337065 0.0005 39
1646520356591 0.00025 40
1646520376112 0.00025 41
1646520395638 0.00025 42
1646520415157 0.00025 43
1646520434677 0.00025 44
1646520454189 0.00025 45
1646520473702 0.00025 46
1646520493212 0.00025 47
1646520512716 0.00025 48
1646520532227 0.00025 49
1646520551735 0.00025 50
1646520571250 0.00025 51
1646520590758 0.00025 52
1646520610262 0.00025 53
1646520629780 0.00025 54
1646520649293 0.00025 55
1646520668804 0.00025 56
1646520688322 0.00025 57
1646520707835 0.00025 58
1646520727348 0.00025 59
1646520746855 0.000125 60
1646520766365 0.000125 61
1646520785883 0.000125 62
1646520805398 0.000125 63
1646520824919 0.000125 64
1646520844428 0.000125 65
1646520863944 0.000125 66
1646520883453 0.000125 67
1646520902963 0.000125 68
1646520922467 0.000125 69
1646520941976 0.000125 70
1646520961484 0.000125 71
1646520980991 0.000125 72
1646521000509 0.000125 73
1646521020021 0.000125 74
1646521039531 0.000125 75
1646521059036 0.000125 76
1646521078536 0.000125 77
1646521098043 0.000125 78
1646521117542 0.000125 79
1646521137048 6.25e-05 80
1646521156553 6.25e-05 81
1646521176060 6.25e-05 82
1646521195568 6.25e-05 83
1646521215083 6.25e-05 84
1646521234591 6.25e-05 85
1646521254095 6.25e-05 86
1646521273605 6.25e-05 87
1646521296997 6.25e-05 88
1646521316491 6.25e-05 89
1646521335997 6.25e-05 90
1646521355506 6.25e-05 91
1646521375030 6.25e-05 92
1646521394544 6.25e-05 93
1646521414065 6.25e-05 94
1646521433577 6.25e-05 95
1646521453084 6.25e-05 96
1646521472595 6.25e-05 97
1646521492103 6.25e-05 98
1646521511599 6.25e-05 99
