1646519570840 3.163393183990761 0
1646519592485 1.2164499031172857 1
1646519612928 0.9991274078687032 2
1646519633504 0.8548835858150765 3
1646519652934 0.7040464933271762 4
1646519672393 0.5787005937761731 5
1646519692967 0.4982200579510795 6
1646519712448 0.4208274996942944 7
1646519731944 0.36529469352077554 8
1646519751449 0.35636236049510817 9
1646519770977 0.28710775463669386 10
1646519790473 4.3817156420813665 11
1646519809983 2.522784681231887 12
1646519829494 2.0875503619511924 13
1646519849012 1.8274352131066498 14
1646519868522 1.6370037264294095 15
1646519888042 1.4460343563998188 16
1646519907570 1.2949520040441442 17
1646519927094 1.1698876056406233 18
1646519946615 1.0465378485344075 19
1646519966133 0.8990487666041763 20
1646519985648 0.8289143156122278 21
1646520005169 0.7760631320653139 22
1646520024703 0.745331762013612 23
1646520044232 0.6898942082016556 24
1646520063762 0.6513793766498566 25
1646520083288 0.6101685988682287 26
1646520102814 0.5638945345525388 27
1646520122354 0.5277256805587698 28
1646520141890 0.49521539939774406 29
1646520161411 0.4590067361240034 30
1646520180929 0.4189787932016231 31
1646520200448 0.4053877034672984 32
1646520219960 0.37400068397875186 33
1646520239471 0.34500638864658495 34
1646520258990 0.3333797910147243 35
1646520278507 0.30563361666820665 36
1646520298027 0.2912401286540208 37
1646520317544 0.2703054318273509 38
1646520337068 0.2638451777122639 39
1646520356593 0.2039413203795751 40
1646520376114 0.20890605118539599 41
1646520395641 0.1970101015435325 42
1646520415160 0.18060821280987174 43
1646520434679 0.17287852490941683 44
1646520454191 0.1736761803428332 45
1646520473705 0.162514455202553 46
1646520493215 0.15510596417718464 47
1646520512719 0.15726705985488715 48
1646520532229 0.1452669432317769 49
1646520551738 0.14476808491680357 50
1646520571253 0.13933062180876732 51
1646520590761 0.1384638549277076 52
1646520610265 0.12991558422368985 53
1646520629782 0.1262001657375583 54
1646520649296 0.11514300963392964 55
1646520668807 0.12168845265275902 56
1646520688324 0.11888168572827622 57
1646520707838 0.11373524664452782 58
1646520727351 0.1165143640504943 59
1646520746857 0.10016024423142274 60
1646520766368 0.0969664575877013 61
1646520785885 0.08589182428463742 62
1646520805402 0.08949410708414184 63
1646520824922 0.08478762609539209 64
1646520844432 0.08374869064600379 65
1646520863947 0.08407385302362619 66
1646520883457 0.07732419924879516 67
1646520902966 0.08205578869415654 68
1646520922470 0.07914697199507996 69
1646520941980 0.08069153392204532 70
1646520961487 0.07388671480671123 71
1646520980994 0.07492189040338551 72
1646521000512 0.07417767163780001 73
1646521020024 0.07313038639862228 74
1646521039535 0.07134621266137671 75
1646521059039 0.07074987991816467 76
1646521078539 0.06879417825904158 77
1646521098046 0.06907022496064504 78
1646521117546 0.06135078216040576 79
1646521137051 0.06607367246653195 80
1646521156556 0.05693847765387208 81
1646521176064 0.05743668138704918 82
1646521195572 0.058314080626048426 83
1646521215086 0.05684515516515131 84
1646521234594 0.05181755925770159 85
1646521254098 0.05156498409255787 86
1646521273609 0.05274852937846272 87
1646521297000 0.049596411727920724 88
1646521316495 0.0504059913671679 89
1646521336000 0.055668403015092564 90
1646521355509 0.05554611604936697 91
1646521375032 0.05027254160355638 92
1646521394548 0.049068803140134724 93
1646521414069 0.052269653175716045 94
1646521433581 0.04720874223858118 95
1646521453088 0.04886940069910553 96
1646521472598 0.044446799628160616 97
1646521492106 0.04697801903993995 98
1646521511603 0.047142135393288404 99
