1646519571181 40.335648148148145 0
1646519592489 63.90335648148148 1
1646519612932 69.21296296296296 2
1646519633508 72.42476851851852 3
1646519652938 77.17013888888889 4
1646519672397 81.17766203703704 5
1646519692973 83.30439814814815 6
1646519712452 86.12557870370371 7
1646519731948 87.73148148148148 8
1646519751454 88.02083333333333 9
1646519770981 90.53819444444444 10
1646519790477 37.73148148148148 11
1646519809989 40.219907407407405 12
1646519829498 46.64351851851852 13
1646519849016 50.636574074074076 14
1646519868527 53.891782407407405 15
1646519888047 57.97164351851852 16
1646519907575 61.617476851851855 17
1646519927099 64.74247685185185 18
1646519946620 67.65046296296296 19
1646519966137 72.2800925925926 20
1646519985651 74.10300925925925 21
1646520005173 75.89699074074075 22
1646520024707 76.25868055555556 23
1646520044236 77.98032407407408 24
1646520063766 79.54282407407408 25
1646520083292 80.23726851851852 26
1646520102818 82.14699074074075 27
1646520122358 83.04398148148148 28
1646520141894 84.64988425925925 29
1646520161415 85.5613425925926 30
1646520180933 86.77662037037037 31
1646520200452 87.25405092592592 32
1646520219964 88.84548611111111 33
1646520239475 89.53993055555556 34
1646520258995 89.90162037037037 35
1646520278511 90.75520833333333 36
1646520298032 91.82581018518519 37
1646520317549 91.97048611111111 38
1646520337072 92.40451388888889 39
1646520356597 94.67592592592592 40
1646520376119 94.24189814814815 41
1646520395646 94.70486111111111 42
1646520415163 95.13888888888889 43
1646520434683 95.37037037037037 44
1646520454195 95.48611111111111 45
1646520473709 95.86226851851852 46
1646520493220 96.02141203703704 47
1646520512722 95.77546296296296 48
1646520532233 96.20949074074075 49
1646520551742 96.38310185185185 50
1646520571257 96.15162037037037 51
1646520590765 96.26736111111111 52
1646520610269 96.68692129629629 53
1646520629788 96.61458333333333 54
1646520649300 97.10648148148148 55
1646520668811 96.78819444444444 56
1646520688328 96.74479166666667 57
1646520707843 96.78819444444444 58
1646520727355 96.97627314814815 59
1646520746862 97.42476851851852 60
1646520766372 97.48263888888889 61
1646520785890 97.90219907407408 62
1646520805407 97.90219907407408 63
1646520824926 98.09027777777777 64
1646520844437 97.96006944444444 65
1646520863953 97.71412037037037 66
1646520883461 98.24942129629629 67
1646520902971 97.88773148148148 68
1646520922475 97.94560185185185 69
1646520941985 98.01793981481481 70
1646520961492 98.14814814814815 71
1646520981000 98.19155092592592 72
1646521000517 98.16261574074075 73
1646521020029 98.16261574074075 74
1646521039539 98.30729166666667 75
1646521059045 98.29282407407408 76
1646521078544 98.32175925925925 77
1646521098052 98.26388888888889 78
1646521117551 98.46643518518519 79
1646521137056 98.39409722222223 80
1646521156562 98.69791666666667 81
1646521176070 98.56770833333333 82
1646521195579 98.66898148148148 83
1646521215092 98.71238425925925 84
1646521234600 98.77025462962963 85
1646521254103 98.78472222222223 86
1646521273614 98.72685185185185 87
1646521297005 98.98726851851852 88
1646521316500 98.828125 89
1646521336005 98.61111111111111 90
1646521355514 98.62557870370371 91
1646521375038 98.79918981481481 92
1646521394553 98.87152777777777 93
1646521414074 98.79918981481481 94
1646521433587 98.92939814814815 95
1646521453093 98.88599537037037 96
1646521472603 98.85706018518519 97
1646521492112 98.87152777777777 98
1646521511608 98.92939814814815 99
