1646517472109 0 0
1646517495891 25.721153846153847 1
1646517518999 35.87740384615385 2
1646517540486 40.06410256410256 3
1646517561968 43.68990384615385 4
1646517583454 44.29086538461539 5
1646517604939 45.15224358974359 6
1646517626440 45.61298076923077 7
1646517647951 47.65625 8
1646517670010 47.65625 9
1646517690140 47.65625 10
1646517710270 47.65625 11
1646517731770 48.55769230769231 12
1646517753928 48.55769230769231 13
1646517774055 48.55769230769231 14
1646517794184 48.55769230769231 15
1646517814317 48.55769230769231 16
1646517834471 48.55769230769231 17
1646517854629 48.55769230769231 18
1646517874788 48.55769230769231 19
1646517894949 48.55769230769231 20
1646517915107 48.55769230769231 21
1646517935257 48.55769230769231 22
1646517955411 48.55769230769231 23
1646517975568 48.55769230769231 24
1646517995721 48.55769230769231 25
1646518015884 48.55769230769231 26
1646518036041 48.55769230769231 27
1646518056210 48.55769230769231 28
1646518076367 48.55769230769231 29
1646518096523 48.55769230769231 30
1646518116681 48.55769230769231 31
1646518136843 48.55769230769231 32
1646518156999 48.55769230769231 33
1646518177158 48.55769230769231 34
1646518197324 48.55769230769231 35
1646518217484 48.55769230769231 36
1646518237644 48.55769230769231 37
1646518257802 48.55769230769231 38
1646518277959 48.55769230769231 39
1646518298116 48.55769230769231 40
1646518318282 48.55769230769231 41
1646518338448 48.55769230769231 42
1646518358607 48.55769230769231 43
1646518378772 48.55769230769231 44
1646518398932 48.55769230769231 45
1646518419095 48.55769230769231 46
1646518439257 48.55769230769231 47
1646518459420 48.55769230769231 48
1646518479580 48.55769230769231 49
1646518499745 48.55769230769231 50
1646518519903 48.55769230769231 51
1646518540062 48.55769230769231 52
1646518560218 48.55769230769231 53
1646518580375 48.55769230769231 54
1646518600534 48.55769230769231 55
1646518620695 48.55769230769231 56
1646518640857 48.55769230769231 57
1646518661010 48.55769230769231 58
1646518681165 48.55769230769231 59
1646518701319 48.55769230769231 60
1646518721476 48.55769230769231 61
1646518741629 48.55769230769231 62
1646518761770 48.55769230769231 63
1646518781923 48.55769230769231 64
1646518802075 48.55769230769231 65
1646518822226 48.55769230769231 66
1646518842378 48.55769230769231 67
1646518862530 48.55769230769231 68
1646518882682 48.55769230769231 69
1646518902832 48.55769230769231 70
1646518922977 48.55769230769231 71
1646518943123 48.55769230769231 72
1646518963266 48.55769230769231 73
1646518983416 48.55769230769231 74
1646519003568 48.55769230769231 75
1646519023720 48.55769230769231 76
1646519043875 48.55769230769231 77
1646519064023 48.55769230769231 78
1646519084174 48.55769230769231 79
1646519104321 48.55769230769231 80
1646519124468 48.55769230769231 81
1646519144614 48.55769230769231 82
1646519164758 48.55769230769231 83
1646519184906 48.55769230769231 84
1646519205058 48.55769230769231 85
1646519225219 48.55769230769231 86
1646519245371 48.55769230769231 87
1646519265519 48.55769230769231 88
1646519285674 48.55769230769231 89
1646519305829 48.55769230769231 90
1646519325983 48.55769230769231 91
1646519346136 48.55769230769231 92
1646519366290 48.55769230769231 93
1646519386441 48.55769230769231 94
1646519406593 48.55769230769231 95
1646519426756 48.55769230769231 96
1646519446900 48.55769230769231 97
1646519467039 48.55769230769231 98
1646519487160 48.55769230769231 99
