1646517472096 0.001 0
1646517495639 0.001 1
1646517518407 0.001 2
1646517540474 0.001 3
1646517561958 0.001 4
1646517583445 0.001 5
1646517604929 0.001 6
1646517626430 0.001 7
1646517647929 0.001 8
1646517669719 0.001 9
1646517690129 0.001 10
1646517710258 0.001 11
1646517731760 0.001 12
1646517753915 0.001 13
1646517774045 0.001 14
1646517794173 0.001 15
1646517814307 0.001 16
1646517834459 0.001 17
1646517854618 0.001 18
1646517874777 0.001 19
1646517894939 0.0005 20
1646517915097 0.0005 21
1646517935246 0.0005 22
1646517955401 0.0005 23
1646517975557 0.0005 24
1646517995710 0.0005 25
1646518015871 0.0005 26
1646518036029 0.0005 27
1646518056198 0.0005 28
1646518076355 0.0005 29
1646518096511 0.0005 30
1646518116669 0.0005 31
1646518136829 0.0005 32
1646518156987 0.0005 33
1646518177145 0.0005 34
1646518197311 0.0005 35
1646518217471 0.0005 36
1646518237629 0.0005 37
1646518257790 0.0005 38
1646518277946 0.0005 39
1646518298102 0.00025 40
1646518318268 0.00025 41
1646518338434 0.00025 42
1646518358594 0.00025 43
1646518378758 0.00025 44
1646518398920 0.00025 45
1646518419080 0.00025 46
1646518439244 0.00025 47
1646518459406 0.00025 48
1646518479567 0.00025 49
1646518499731 0.00025 50
1646518519890 0.00025 51
1646518540050 0.00025 52
1646518560205 0.00025 53
1646518580364 0.00025 54
1646518600523 0.00025 55
1646518620684 0.00025 56
1646518640844 0.00025 57
1646518660998 0.00025 58
1646518681154 0.00025 59
1646518701307 0.000125 60
1646518721464 0.000125 61
1646518741617 0.000125 62
1646518761757 0.000125 63
1646518781911 0.000125 64
1646518802063 0.000125 65
1646518822215 0.000125 66
1646518842366 0.000125 67
1646518862519 0.000125 68
1646518882671 0.000125 69
1646518902822 0.000125 70
1646518922967 0.000125 71
1646518943112 0.000125 72
1646518963255 0.000125 73
1646518983406 0.000125 74
1646519003557 0.000125 75
1646519023709 0.000125 76
1646519043864 0.000125 77
1646519064012 0.000125 78
1646519084160 0.000125 79
1646519104309 6.25e-05 80
1646519124456 6.25e-05 81
1646519144601 6.25e-05 82
1646519164746 6.25e-05 83
1646519184893 6.25e-05 84
1646519205045 6.25e-05 85
1646519225205 6.25e-05 86
1646519245358 6.25e-05 87
1646519265507 6.25e-05 88
1646519285661 6.25e-05 89
1646519305815 6.25e-05 90
1646519325969 6.25e-05 91
1646519346123 6.25e-05 92
1646519366276 6.25e-05 93
1646519386428 6.25e-05 94
1646519406581 6.25e-05 95
1646519426742 6.25e-05 96
1646519446887 6.25e-05 97
1646519467025 6.25e-05 98
1646519487144 6.25e-05 99
