1646517472099 6.503425814487316 0
1646517495885 1.7567457733330902 1
1646517518796 1.361103907779411 2
1646517540477 1.1527713813163616 3
1646517561960 1.0095201344401747 4
1646517583448 0.8819997078842587 5
1646517604931 0.7989886160250064 6
1646517626432 0.6947067981516873 7
1646517647941 0.6251184162166383 8
1646517670000 0.5556267737238495 9
1646517690131 0.5031199670500226 10
1646517710261 0.4427541654419016 11
1646517731763 0.40372903920986036 12
1646517753918 0.3665543419343454 13
1646517774047 0.32028291484823934 14
1646517794176 0.2960982860790359 15
1646517814310 0.2702862780403208 16
1646517834462 0.2411197503959691 17
1646517854621 0.20749006089237002 18
1646517874780 0.19979930613879804 19
1646517894942 0.1334629642466704 20
1646517915100 0.09272668262322743 21
1646517935249 0.09056576665628839 22
1646517955404 0.07960939310767033 23
1646517975560 0.06969535254217961 24
1646517995713 0.07411374262085667 25
1646518015874 0.07392843460871114 26
1646518036032 0.06557706391645803 27
1646518056201 0.06418124448370051 28
1646518076359 0.06521687670438378 29
1646518096514 0.04806759522330982 30
1646518116672 0.05060453616358616 31
1646518136833 0.05241283615706144 32
1646518156990 0.04722096426067529 33
1646518177149 0.04660059518560215 34
1646518197314 0.054280365299847394 35
1646518217474 0.06099437542811588 36
1646518237633 0.054283023328968776 37
1646518257793 0.04976655894683467 38
1646518277949 0.04941108457192227 39
1646518298106 0.03325930030809508 40
1646518318272 0.021990896961479274 41
1646518338437 0.020799994106507964 42
1646518358598 0.019628944479067018 43
1646518378761 0.020137625849909253 44
1646518398923 0.015995627251902112 45
1646518419084 0.015134078786811896 46
1646518439247 0.018808714562544116 47
1646518459410 0.015611963363847247 48
1646518479570 0.022062831963584932 49
1646518499734 0.014961018244287482 50
1646518519893 0.016683603783517523 51
1646518540053 0.019183935097384232 52
1646518560208 0.014630357536521775 53
1646518580367 0.011770511175402336 54
1646518600526 0.01419161809435873 55
1646518620687 0.01608486541684855 56
1646518640847 0.01295108881054653 57
1646518661000 0.014137791771510685 58
1646518681157 0.015831631763527792 59
1646518701310 0.013080648146569729 60
1646518721467 0.011624237686326658 61
1646518741620 0.010307344616632219 62
1646518761760 0.008948633279134002 63
1646518781913 0.007844537591423702 64
1646518802066 0.007164885790121776 65
1646518822217 0.008909843922420233 66
1646518842369 0.011845020861882303 67
1646518862521 0.008547852471194885 68
1646518882674 0.007818774992807044 69
1646518902824 0.007610760353229664 70
1646518922970 0.007955217458031795 71
1646518943115 0.007838555650475124 72
1646518963258 0.005908425047959166 73
1646518983409 0.007556165400375094 74
1646519003560 0.007085123599541408 75
1646519023712 0.007364116906602349 76
1646519043867 0.006998203315392688 77
1646519064015 0.00838162030386566 78
1646519084164 0.008980359575987138 79
1646519104312 0.006329044854889314 80
1646519124459 0.006451780849602073 81
1646519144604 0.005595534220682802 82
1646519164749 0.00537552458613559 83
1646519184896 0.005008251647706385 84
1646519205048 0.0070148285659444 85
1646519225208 0.00665702572721919 86
1646519245362 0.007241226555952044 87
1646519265510 0.005290537835443737 88
1646519285664 0.005010222384481932 89
1646519305818 0.004812068920323832 90
1646519325972 0.006926578187159504 91
1646519346127 0.005737298209202924 92
1646519366280 0.004949144005809945 93
1646519386432 0.004777831648459175 94
1646519406584 0.006638288290964233 95
1646519426745 0.00501753276007043 96
1646519446890 0.005394725999967368 97
1646519467028 0.0044464770126742895 98
1646519487148 0.004295220160943076 99
