1646517472104 29.557291666666668 0
1646517495888 52.401620370370374 1
1646517518995 61.5306712962963 2
1646517540482 66.69560185185185 3
1646517561964 69.95081018518519 4
1646517583451 73.62557870370371 5
1646517604935 76.01273148148148 6
1646517626436 78.87731481481481 7
1646517647946 80.83043981481481 8
1646517670006 82.97164351851852 9
1646517690136 84.86689814814815 10
1646517710266 86.57407407407408 11
1646517731767 87.99189814814815 12
1646517753924 89.26504629629629 13
1646517774051 90.95775462962963 14
1646517794180 91.53645833333333 15
1646517814313 91.796875 16
1646517834466 93.24363425925925 17
1646517854625 94.5167824074074 18
1646517874784 94.32870370370371 19
1646517894945 96.57118055555556 20
1646517915103 97.93113425925925 21
1646517935253 97.90219907407408 22
1646517955408 98.27835648148148 23
1646517975564 98.53877314814815 24
1646517995717 98.33622685185185 25
1646518015878 98.40856481481481 26
1646518036036 98.68344907407408 27
1646518056205 98.62557870370371 28
1646518076363 98.59664351851852 29
1646518096519 99.13194444444444 30
1646518116676 98.94386574074075 31
1646518136837 98.92939814814815 32
1646518156995 98.98726851851852 33
1646518177154 99.04513888888889 34
1646518197319 98.79918981481481 35
1646518217479 98.50983796296296 36
1646518237638 98.65451388888889 37
1646518257798 98.85706018518519 38
1646518277954 98.828125 39
1646518298111 99.37789351851852 40
1646518318276 99.58043981481481 41
1646518338442 99.71064814814815 42
1646518358602 99.68171296296296 43
1646518378767 99.65277777777777 44
1646518398928 99.78298611111111 45
1646518419089 99.82638888888889 46
1646518439252 99.5949074074074 47
1646518459415 99.75405092592592 48
1646518479576 99.52256944444444 49
1646518499739 99.75405092592592 50
1646518519898 99.68171296296296 51
1646518540058 99.65277777777777 52
1646518560212 99.72511574074075 53
1646518580371 99.89872685185185 54
1646518600530 99.73958333333333 55
1646518620691 99.71064814814815 56
1646518640852 99.85532407407408 57
1646518661005 99.78298611111111 58
1646518681161 99.65277777777777 59
1646518701315 99.78298611111111 60
1646518721472 99.81192129629629 61
1646518741625 99.85532407407408 62
1646518761765 99.84085648148148 63
1646518781918 99.91319444444444 64
1646518802070 99.88425925925925 65
1646518822222 99.78298611111111 66
1646518842374 99.81192129629629 67
1646518862526 99.88425925925925 68
1646518882677 99.86979166666667 69
1646518902828 99.85532407407408 70
1646518922973 99.85532407407408 71
1646518943119 99.86979166666667 72
1646518963262 99.94212962962963 73
1646518983412 99.85532407407408 74
1646519003564 99.94212962962963 75
1646519023715 99.92766203703704 76
1646519043871 99.92766203703704 77
1646519064019 99.82638888888889 78
1646519084169 99.86979166666667 79
1646519104316 99.94212962962963 80
1646519124464 99.89872685185185 81
1646519144609 99.91319444444444 82
1646519164754 99.92766203703704 83
1646519184902 99.94212962962963 84
1646519205054 99.89872685185185 85
1646519225213 99.89872685185185 86
1646519245366 99.86979166666667 87
1646519265515 99.94212962962963 88
1646519285669 99.94212962962963 89
1646519305824 99.95659722222223 90
1646519325977 99.86979166666667 91
1646519346132 99.92766203703704 92
1646519366285 99.95659722222223 93
1646519386436 99.94212962962963 94
1646519406589 99.85532407407408 95
1646519426751 99.94212962962963 96
1646519446895 99.89872685185185 97
1646519467033 99.9855324074074 98
1646519487155 99.95659722222223 99
