1646513686139 0 0
1646513703981 42.96875 1
1646513721912 53.974184782608695 2
1646513739856 57.13315217391305 3
1646513757838 58.62771739130435 4
1646513775831 59.10326086956522 5
1646513792911 59.10326086956522 6
1646513811606 60.56385869565217 7
1646513828712 60.56385869565217 8
1646513845819 60.56385869565217 9
1646513864323 61.005434782608695 10
1646513881432 61.005434782608695 11
1646513898549 61.005434782608695 12
1646513915662 61.005434782608695 13
1646513932781 61.005434782608695 14
1646513949897 61.005434782608695 15
1646513967017 61.005434782608695 16
1646513984149 61.005434782608695 17
1646514001293 61.005434782608695 18
1646514019350 62.46603260869565 19
1646514036496 62.46603260869565 20
1646514053643 62.46603260869565 21
1646514070788 62.46603260869565 22
1646514087934 62.46603260869565 23
1646514105139 62.46603260869565 24
1646514122265 62.46603260869565 25
1646514139389 62.46603260869565 26
1646514156522 62.46603260869565 27
1646514173647 62.46603260869565 28
1646514190777 62.46603260869565 29
1646514207901 62.46603260869565 30
1646514225030 62.46603260869565 31
1646514242159 62.46603260869565 32
1646514259288 62.46603260869565 33
1646514276421 62.46603260869565 34
1646514293556 62.46603260869565 35
1646514310701 62.46603260869565 36
1646514327848 62.46603260869565 37
1646514344998 62.46603260869565 38
1646514362141 62.46603260869565 39
1646514379291 62.46603260869565 40
1646514396437 62.46603260869565 41
1646514413582 62.46603260869565 42
1646514430721 62.46603260869565 43
1646514447862 62.46603260869565 44
1646514465011 62.46603260869565 45
1646514482155 62.46603260869565 46
1646514499288 62.46603260869565 47
1646514516436 62.46603260869565 48
1646514533583 62.46603260869565 49
1646514550726 62.46603260869565 50
1646514567868 62.46603260869565 51
1646514585016 62.46603260869565 52
1646514602159 62.46603260869565 53
1646514619302 62.46603260869565 54
1646514636445 62.46603260869565 55
1646514653585 62.46603260869565 56
1646514670727 62.46603260869565 57
1646514687864 62.46603260869565 58
1646514705003 62.46603260869565 59
1646514722138 62.46603260869565 60
1646514739277 62.46603260869565 61
1646514756420 62.46603260869565 62
1646514773566 62.46603260869565 63
1646514790701 62.46603260869565 64
1646514808516 62.46603260869565 65
1646514825645 62.46603260869565 66
1646514842772 62.46603260869565 67
1646514859899 62.46603260869565 68
1646514877031 62.46603260869565 69
1646514894154 62.46603260869565 70
1646514911280 62.46603260869565 71
1646514928408 62.46603260869565 72
1646514945538 62.46603260869565 73
1646514962664 62.46603260869565 74
1646514979791 62.46603260869565 75
1646514996916 62.46603260869565 76
1646515014046 62.46603260869565 77
1646515031178 62.46603260869565 78
1646515048320 62.46603260869565 79
1646515065463 62.46603260869565 80
1646515082608 62.46603260869565 81
1646515099746 62.46603260869565 82
1646515116889 62.46603260869565 83
1646515134029 62.46603260869565 84
1646515151171 62.46603260869565 85
1646515168310 62.46603260869565 86
1646515185450 62.46603260869565 87
1646515202592 62.46603260869565 88
1646515219732 62.46603260869565 89
1646515236873 62.46603260869565 90
1646515254010 62.46603260869565 91
1646515271157 62.46603260869565 92
1646515288308 62.46603260869565 93
1646515305451 62.46603260869565 94
1646515322600 62.46603260869565 95
1646515339750 62.46603260869565 96
1646515356896 62.46603260869565 97
1646515374046 62.46603260869565 98
1646515391193 62.46603260869565 99
