1646513686127 0.001 0
1646513703970 0.001 1
1646513721899 0.001 2
1646513739844 0.001 3
1646513757825 0.001 4
1646513775820 0.001 5
1646513792898 0.001 6
1646513810908 0.001 7
1646513828696 0.001 8
1646513845808 0.001 9
1646513863832 0.001 10
1646513881421 0.001 11
1646513898535 0.001 12
1646513915649 0.001 13
1646513932769 0.001 14
1646513949884 0.001 15
1646513967004 0.001 16
1646513984136 0.001 17
1646514001280 0.001 18
1646514019337 0.001 19
1646514036482 0.0005 20
1646514053630 0.0005 21
1646514070774 0.0005 22
1646514087919 0.0005 23
1646514105045 0.0005 24
1646514122252 0.0005 25
1646514139378 0.0005 26
1646514156510 0.0005 27
1646514173634 0.0005 28
1646514190764 0.0005 29
1646514207888 0.0005 30
1646514225017 0.0005 31
1646514242147 0.0005 32
1646514259275 0.0005 33
1646514276409 0.0005 34
1646514293542 0.0005 35
1646514310687 0.0005 36
1646514327836 0.0005 37
1646514344986 0.0005 38
1646514362129 0.0005 39
1646514379278 0.00025 40
1646514396424 0.00025 41
1646514413570 0.00025 42
1646514430708 0.00025 43
1646514447851 0.00025 44
1646514465000 0.00025 45
1646514482144 0.00025 46
1646514499279 0.00025 47
1646514516423 0.00025 48
1646514533570 0.00025 49
1646514550714 0.00025 50
1646514567856 0.00025 51
1646514585004 0.00025 52
1646514602147 0.00025 53
1646514619290 0.00025 54
1646514636433 0.00025 55
1646514653573 0.00025 56
1646514670714 0.00025 57
1646514687852 0.00025 58
1646514704991 0.00025 59
1646514722129 0.000125 60
1646514739264 0.000125 61
1646514756407 0.000125 62
1646514773554 0.000125 63
1646514790690 0.000125 64
1646514807826 0.000125 65
1646514825633 0.000125 66
1646514842760 0.000125 67
1646514859887 0.000125 68
1646514877020 0.000125 69
1646514894143 0.000125 70
1646514911268 0.000125 71
1646514928396 0.000125 72
1646514945526 0.000125 73
1646514962652 0.000125 74
1646514979779 0.000125 75
1646514996904 0.000125 76
1646515014035 0.000125 77
1646515031167 0.000125 78
1646515048309 0.000125 79
1646515065451 6.25e-05 80
1646515082596 6.25e-05 81
1646515099734 6.25e-05 82
1646515116877 6.25e-05 83
1646515134016 6.25e-05 84
1646515151158 6.25e-05 85
1646515168295 6.25e-05 86
1646515185437 6.25e-05 87
1646515202579 6.25e-05 88
1646515219718 6.25e-05 89
1646515236858 6.25e-05 90
1646515253997 6.25e-05 91
1646515271144 6.25e-05 92
1646515288294 6.25e-05 93
1646515305438 6.25e-05 94
1646515322586 6.25e-05 95
1646515339737 6.25e-05 96
1646515356883 6.25e-05 97
1646515374033 6.25e-05 98
1646515391179 6.25e-05 99
