1646513686130 4.759267188884594 0
1646513703973 1.537721437436563 1
1646513721902 1.1369531883133783 2
1646513739847 0.9278135829501681 3
1646513757829 0.7882572522869816 4
1646513775823 0.681244507431984 5
1646513792902 0.5933781498008304 6
1646513811298 0.5239788133788992 7
1646513828700 0.491417262841154 8
1646513845811 0.4242569724166835 9
1646513864186 0.3938210904598236 10
1646513881424 0.37284415518796005 11
1646513898539 0.34010151746096434 12
1646513915653 0.3101584486387394 13
1646513932772 0.2952231066646399 14
1646513949888 0.29227569699287415 15
1646513967007 0.2617785088993885 16
1646513984140 0.22809481813951774 17
1646514001283 0.22471040818426344 18
1646514019340 0.22012484653128517 19
1646514036485 0.13996075286909385 20
1646514053634 0.10048205715914567 21
1646514070778 0.09855806620584594 22
1646514087923 0.09602173355718453 23
1646514105129 0.08526969225042397 24
1646514122256 0.07687365463762372 25
1646514139381 0.07061873679911648 26
1646514156513 0.07330497688855286 27
1646514173637 0.06907858313233764 28
1646514190768 0.06281079731329724 29
1646514207891 0.06794172670278284 30
1646514225021 0.06240109850962957 31
1646514242150 0.0642106513734217 32
1646514259279 0.06115661823639163 33
1646514276413 0.06221889411271722 34
1646514293546 0.05613242486422813 35
1646514310690 0.057779425479195734 36
1646514327839 0.06433974972201718 37
1646514344989 0.06106219899461225 38
1646514362132 0.06794550911419922 39
1646514379281 0.04093400466566285 40
1646514396427 0.028646451714276162 41
1646514413573 0.022498988822378493 42
1646514430712 0.025414320631642586 43
1646514447854 0.021818753055952215 44
1646514465003 0.017978995408931817 45
1646514482146 0.018068412525786295 46
1646514499281 0.019405855348816625 47
1646514516426 0.018201774477751717 48
1646514533573 0.020220144203415624 49
1646514550717 0.02022522642208194 50
1646514567859 0.0176580593386596 51
1646514585006 0.018347466123048908 52
1646514602150 0.019140590094374837 53
1646514619293 0.0193560642828406 54
1646514636437 0.01858302721477769 55
1646514653576 0.021224808525639 56
1646514670717 0.01976857333513046 57
1646514687855 0.020854521171983192 58
1646514704994 0.018476357338605105 59
1646514722131 0.013588552104516162 60
1646514739268 0.01112492280770783 61
1646514756410 0.010550609966567545 62
1646514773557 0.010716618275856253 63
1646514790693 0.0098849882380347 64
1646514808215 0.00926025515784406 65
1646514825636 0.009361949805342764 66
1646514842763 0.008068862750574394 67
1646514859890 0.007665600093012607 68
1646514877022 0.007329440744662726 69
1646514894146 0.006910172804189777 70
1646514911272 0.006969691017056229 71
1646514928399 0.00946503729749195 72
1646514945529 0.007808385520345635 73
1646514962655 0.008733527389941391 74
1646514979782 0.008480102712012551 75
1646514996907 0.007320965226325724 76
1646515014038 0.007677449937478674 77
1646515031170 0.007670357685398172 78
1646515048312 0.007716763747373113 79
1646515065454 0.008485726744833368 80
1646515082599 0.006283688630598287 81
1646515099737 0.0057969951950427555 82
1646515116879 0.006484619018414782 83
1646515134019 0.005702562996669224 84
1646515151161 0.005847915205069714 85
1646515168299 0.005696409151251255 86
1646515185440 0.0058955574058927596 87
1646515202582 0.005153278046270349 88
1646515219722 0.005930181558209437 89
1646515236862 0.0048420712593253016 90
1646515254001 0.004211546991158415 91
1646515271147 0.004721237538399658 92
1646515288297 0.005886421368578104 93
1646515305441 0.00391764583117846 94
1646515322590 0.004851004596006263 95
1646515339740 0.00576314647656141 96
1646515356887 0.005681440995195536 97
1646515374037 0.005400776272398178 98
1646515391183 0.004975834376333903 99
