1646513686135 26.96759259259259 0
1646513703977 54.26793981481482 1
1646513721908 65.11863425925925 2
1646513739851 70.41377314814815 3
1646513757834 74.43576388888889 4
1646513775828 78.19733796296296 5
1646513792907 80.78703703703704 6
1646513811601 83.04398148148148 7
1646513828706 83.81076388888889 8
1646513845816 86.38599537037037 9
1646513864318 87.5 10
1646513881428 87.890625 11
1646513898544 88.70081018518519 12
1646513915658 90.08969907407408 13
1646513932777 90.45138888888889 14
1646513949892 90.71180555555556 15
1646513967013 91.40625 16
1646513984144 92.88194444444444 17
1646514001287 92.78067129629629 18
1646514019345 92.93981481481481 19
1646514036490 95.63078703703704 20
1646514053638 97.29456018518519 21
1646514070783 97.32349537037037 22
1646514087930 97.14988425925925 23
1646514105134 97.45370370370371 24
1646514122260 97.78645833333333 25
1646514139385 98.23495370370371 26
1646514156519 97.98900462962963 27
1646514173642 98.13368055555556 28
1646514190773 98.56770833333333 29
1646514207896 98.16261574074075 30
1646514225025 98.29282407407408 31
1646514242155 98.22048611111111 32
1646514259284 98.30729166666667 33
1646514276417 98.27835648148148 34
1646514293550 98.52430555555556 35
1646514310696 98.36516203703704 36
1646514327844 98.36516203703704 37
1646514344993 98.23495370370371 38
1646514362136 97.97453703703704 39
1646514379286 99.00173611111111 40
1646514396432 99.34895833333333 41
1646514413578 99.58043981481481 42
1646514430717 99.37789351851852 43
1646514447858 99.6238425925926 44
1646514465007 99.71064814814815 45
1646514482151 99.72511574074075 46
1646514499285 99.56597222222223 47
1646514516431 99.6238425925926 48
1646514533578 99.56597222222223 49
1646514550722 99.68171296296296 50
1646514567864 99.66724537037037 51
1646514585011 99.56597222222223 52
1646514602155 99.58043981481481 53
1646514619298 99.58043981481481 54
1646514636440 99.58043981481481 55
1646514653581 99.42129629629629 56
1646514670722 99.6238425925926 57
1646514687860 99.49363425925925 58
1646514704998 99.56597222222223 59
1646514722135 99.79745370370371 60
1646514739272 99.84085648148148 61
1646514756415 99.76851851851852 62
1646514773561 99.82638888888889 63
1646514790697 99.88425925925925 64
1646514808511 99.85532407407408 65
1646514825641 99.88425925925925 66
1646514842768 99.88425925925925 67
1646514859895 99.92766203703704 68
1646514877027 99.89872685185185 69
1646514894150 99.88425925925925 70
1646514911276 99.88425925925925 71
1646514928404 99.86979166666667 72
1646514945534 99.86979166666667 73
1646514962660 99.81192129629629 74
1646514979786 99.82638888888889 75
1646514996912 99.92766203703704 76
1646515014042 99.92766203703704 77
1646515031174 99.85532407407408 78
1646515048316 99.88425925925925 79
1646515065459 99.81192129629629 80
1646515082604 99.94212962962963 81
1646515099742 99.92766203703704 82
1646515116885 99.88425925925925 83
1646515134025 99.92766203703704 84
1646515151166 99.89872685185185 85
1646515168304 99.94212962962963 86
1646515185445 99.91319444444444 87
1646515202588 99.92766203703704 88
1646515219727 99.89872685185185 89
1646515236867 99.95659722222223 90
1646515254006 100.0 91
1646515271152 99.95659722222223 92
1646515288303 99.85532407407408 93
1646515305446 100.0 94
1646515322595 99.92766203703704 95
1646515339745 99.89872685185185 96
1646515356892 99.89872685185185 97
1646515374042 99.91319444444444 98
1646515391188 99.94212962962963 99
