1646528503054 0 0
1646528524747 25.310496794871796 1
1646528546474 28.14503205128205 2
1646528568566 28.155048076923077 3
1646528590323 29.427083333333332 4
1646528612077 29.637419871794872 5
1646528633841 30.30849358974359 6
1646528655611 30.498798076923077 7
1646528676358 30.498798076923077 8
1646528697159 30.498798076923077 9
1646528718479 30.498798076923077 10
1646528739224 30.498798076923077 11
1646528759971 30.498798076923077 12
1646528780724 30.498798076923077 13
1646528801476 30.498798076923077 14
1646528822227 30.498798076923077 15
1646528842980 30.498798076923077 16
1646528863735 30.498798076923077 17
1646528884491 30.498798076923077 18
1646528905241 30.498798076923077 19
1646528925994 30.498798076923077 20
1646528946749 30.498798076923077 21
1646528967500 30.498798076923077 22
1646528988255 30.498798076923077 23
1646529009008 30.498798076923077 24
1646529030750 30.739182692307693 25
1646529051498 30.739182692307693 26
1646529072248 30.739182692307693 27
1646529093004 30.739182692307693 28
1646529113799 30.739182692307693 29
1646529134551 30.739182692307693 30
1646529155305 30.739182692307693 31
1646529176054 30.739182692307693 32
1646529196798 30.739182692307693 33
1646529217541 30.739182692307693 34
1646529238282 30.739182692307693 35
1646529259028 30.739182692307693 36
1646529279781 30.739182692307693 37
1646529300530 30.739182692307693 38
1646529321273 30.739182692307693 39
1646529342018 30.739182692307693 40
1646529362768 30.739182692307693 41
1646529383520 30.739182692307693 42
1646529404268 30.739182692307693 43
1646529425019 30.739182692307693 44
1646529445766 30.739182692307693 45
1646529466516 30.739182692307693 46
1646529487264 30.739182692307693 47
1646529509609 30.739182692307693 48
1646529530348 30.739182692307693 49
1646529551093 30.739182692307693 50
1646529571839 30.739182692307693 51
1646529592595 30.739182692307693 52
1646529613343 30.739182692307693 53
1646529634091 30.739182692307693 54
1646529654841 30.739182692307693 55
1646529675597 30.739182692307693 56
1646529696352 30.739182692307693 57
1646529717096 30.739182692307693 58
1646529737844 30.739182692307693 59
1646529758589 30.739182692307693 60
1646529779343 30.739182692307693 61
1646529800089 30.739182692307693 62
1646529820839 30.739182692307693 63
1646529841593 30.739182692307693 64
1646529862384 30.739182692307693 65
1646529883129 30.739182692307693 66
1646529903877 30.739182692307693 67
1646529924632 30.739182692307693 68
1646529945384 30.739182692307693 69
1646529966123 30.739182692307693 70
1646529986869 30.739182692307693 71
1646530007615 30.739182692307693 72
1646530028362 30.739182692307693 73
1646530049111 30.739182692307693 74
1646530069859 30.739182692307693 75
1646530090607 30.739182692307693 76
1646530111356 30.739182692307693 77
1646530132109 30.739182692307693 78
1646530152858 30.739182692307693 79
1646530173610 30.739182692307693 80
1646530194360 30.739182692307693 81
1646530215113 30.739182692307693 82
1646530235861 30.739182692307693 83
1646530256607 30.739182692307693 84
1646530277361 30.739182692307693 85
1646530298107 30.739182692307693 86
1646530318862 30.739182692307693 87
1646530339616 30.739182692307693 88
1646530360366 30.739182692307693 89
1646530381124 30.739182692307693 90
1646530401880 30.739182692307693 91
1646530422627 30.739182692307693 92
1646530443381 30.739182692307693 93
1646530464133 30.739182692307693 94
1646530484887 30.739182692307693 95
1646530505639 30.739182692307693 96
1646530526387 30.739182692307693 97
1646530547139 30.739182692307693 98
1646530567881 30.739182692307693 99
