1646528503037 0.001 0
1646528524733 0.001 1
1646528546462 0.001 2
1646528568556 0.001 3
1646528590310 0.001 4
1646528612065 0.001 5
1646528633829 0.001 6
1646528655599 0.001 7
1646528676346 0.001 8
1646528697150 0.001 9
1646528717889 0.001 10
1646528739213 0.001 11
1646528759960 0.001 12
1646528780713 0.001 13
1646528801465 0.001 14
1646528822215 0.001 15
1646528842968 0.001 16
1646528863724 0.001 17
1646528884478 0.001 18
1646528905228 0.001 19
1646528925980 0.0005 20
1646528946739 0.0005 21
1646528967488 0.0005 22
1646528988242 0.0005 23
1646529008996 0.0005 24
1646529030737 0.0005 25
1646529051485 0.0005 26
1646529072236 0.0005 27
1646529092991 0.0005 28
1646529113788 0.0005 29
1646529134538 0.0005 30
1646529155289 0.0005 31
1646529176042 0.0005 32
1646529196784 0.0005 33
1646529217527 0.0005 34
1646529238267 0.0005 35
1646529259014 0.0005 36
1646529279769 0.0005 37
1646529300518 0.0005 38
1646529321260 0.0005 39
1646529342005 0.00025 40
1646529362753 0.00025 41
1646529383506 0.00025 42
1646529404254 0.00025 43
1646529425007 0.00025 44
1646529445753 0.00025 45
1646529466502 0.00025 46
1646529487252 0.00025 47
1646529509596 0.00025 48
1646529530335 0.00025 49
1646529551079 0.00025 50
1646529571826 0.00025 51
1646529592582 0.00025 52
1646529613329 0.00025 53
1646529634077 0.00025 54
1646529654828 0.00025 55
1646529675583 0.00025 56
1646529696337 0.00025 57
1646529717086 0.00025 58
1646529737831 0.00025 59
1646529758577 0.000125 60
1646529779329 0.000125 61
1646529800075 0.000125 62
1646529820827 0.000125 63
1646529841582 0.000125 64
1646529862371 0.000125 65
1646529883116 0.000125 66
1646529903862 0.000125 67
1646529924618 0.000125 68
1646529945371 0.000125 69
1646529966110 0.000125 70
1646529986854 0.000125 71
1646530007601 0.000125 72
1646530028348 0.000125 73
1646530049096 0.000125 74
1646530069847 0.000125 75
1646530090594 0.000125 76
1646530111346 0.000125 77
1646530132097 0.000125 78
1646530152844 0.000125 79
1646530173597 6.25e-05 80
1646530194347 6.25e-05 81
1646530215099 6.25e-05 82
1646530235849 6.25e-05 83
1646530256595 6.25e-05 84
1646530277348 6.25e-05 85
1646530298096 6.25e-05 86
1646530318850 6.25e-05 87
1646530339603 6.25e-05 88
1646530360355 6.25e-05 89
1646530381112 6.25e-05 90
1646530401868 6.25e-05 91
1646530422613 6.25e-05 92
1646530443367 6.25e-05 93
1646530464120 6.25e-05 94
1646530484874 6.25e-05 95
1646530505627 6.25e-05 96
1646530526375 6.25e-05 97
1646530547127 6.25e-05 98
1646530567868 6.25e-05 99
