1646528503043 3.0958594150013394 0
1646528524737 1.3243561022811465 1
1646528546465 1.0900697851622547 2
1646528568559 0.9193200579396 3
1646528590314 0.7901901635858748 4
1646528612068 0.6641063668109752 5
1646528633832 0.557119404828107 6
1646528655602 0.48236332999335396 7
1646528676349 1.9819994502597384 8
1646528697153 2.6703126629193625 9
1646528718243 2.1127080542069896 10
1646528739216 1.8115869848816484 11
1646528759963 1.5807951026492648 12
1646528780716 1.413090882477937 13
1646528801468 1.2651458360530712 14
1646528822218 1.1389832430415683 15
1646528842971 1.0522238303113867 16
1646528863727 0.9514906583008943 17
1646528884482 0.8649974917923963 18
1646528905231 0.7984395523866018 19
1646528925984 0.6934037572807736 20
1646528946742 0.6562184719023881 21
1646528967491 0.6302278262597544 22
1646528988246 0.5976616210407681 23
1646529009000 0.5656910224093331 24
1646529030740 0.5423959261841245 25
1646529051488 0.5009523668774852 26
1646529072239 0.48603420511439993 27
1646529092995 0.45644402669535744 28
1646529113791 0.4365134929065351 29
1646529134541 0.411249989160785 30
1646529155293 0.3913260212651006 31
1646529176045 0.3680836817732564 32
1646529196788 0.35580483189335577 33
1646529217531 0.3413174017160027 34
1646529238271 0.3166358520587285 35
1646529259018 0.29445847786135143 36
1646529279772 0.2821183381257234 37
1646529300521 0.26993842560935905 38
1646529321264 0.24632762124141058 39
1646529342008 0.21911028965755744 40
1646529362756 0.21172959688636991 41
1646529383510 0.19772634572452968 42
1646529404257 0.18302732112782974 43
1646529425010 0.19093251559469435 44
1646529445756 0.17596997748370524 45
1646529466506 0.16730428473265083 46
1646529487255 0.17644381164400666 47
1646529509600 0.15720010755790603 48
1646529530338 0.15570607684828616 49
1646529551083 0.15749015065806884 50
1646529571830 0.1495779113913024 51
1646529592586 0.14295255075450297 52
1646529613332 0.13607806629604763 53
1646529634080 0.1436272118654516 54
1646529654831 0.12713602902712645 55
1646529675586 0.12659593050678572 56
1646529696341 0.12511939624393428 57
1646529717088 0.12198873919745286 58
1646529737834 0.10900236942149975 59
1646529758580 0.10534908043013679 60
1646529779332 0.09753401508485829 61
1646529800079 0.09314371307414991 62
1646529820830 0.08765596592867816 63
1646529841584 0.089568257400835 64
1646529862375 0.08720978480522279 65
1646529883119 0.08758385079326453 66
1646529903866 0.08549819569344874 67
1646529924621 0.08230282545641616 68
1646529945374 0.08558763811985652 69
1646529966113 0.08248739613703003 70
1646529986858 0.07883234425551361 71
1646530007604 0.07847858641158652 72
1646530028351 0.07933791271514362 73
1646530049100 0.081576114796378 74
1646530069850 0.0788003479441007 75
1646530090597 0.07635668658271984 76
1646530111348 0.06932394013360695 77
1646530132100 0.06875650757164867 78
1646530152847 0.07233995102621892 79
1646530173600 0.06722642177784885 80
1646530194350 0.06493503420993134 81
1646530215102 0.06132405389238287 82
1646530235852 0.06234808466224759 83
1646530256598 0.05925024752677591 84
1646530277351 0.05647229268732998 85
1646530298099 0.0571491921113597 86
1646530318853 0.056778721787311415 87
1646530339607 0.05617393173829273 88
1646530360358 0.050191856644771715 89
1646530381115 0.050782200811361825 90
1646530401871 0.05523327230993244 91
1646530422617 0.05321408097666723 92
1646530443371 0.05195195020900832 93
1646530464123 0.052969068150829385 94
1646530484877 0.05430109892040491 95
1646530505630 0.051736777337888874 96
1646530526378 0.05322089680918941 97
1646530547130 0.05124776762116839 98
1646530567871 0.04718369445591061 99
