1646528503049 45.963541666666664 0
1646528524742 65.52372685185185 1
1646528546470 70.25462962962963 2
1646528568563 74.08854166666667 3
1646528590319 76.51909722222223 4
1646528612073 80.28067129629629 5
1646528633836 83.203125 6
1646528655607 84.80902777777777 7
1646528676354 64.62673611111111 8
1646528697156 41.464120370370374 9
1646528718474 50.73784722222222 10
1646528739220 55.54108796296296 11
1646528759967 59.85243055555556 12
1646528780720 62.52893518518518 13
1646528801472 65.95775462962963 14
1646528822223 68.57638888888889 15
1646528842976 70.08101851851852 16
1646528863731 72.41030092592592 17
1646528884487 74.39236111111111 18
1646528905235 76.37442129629629 19
1646528925988 80.19386574074075 20
1646528946746 80.91724537037037 21
1646528967496 81.51041666666667 22
1646528988251 82.92824074074075 23
1646529009004 83.34780092592592 24
1646529030745 84.40393518518519 25
1646529051493 85.77835648148148 26
1646529072243 86.08217592592592 27
1646529093000 86.74768518518519 28
1646529113795 87.58680555555556 29
1646529134546 88.51273148148148 30
1646529155300 89.14930555555556 31
1646529176050 89.74247685185185 32
1646529196792 90.58159722222223 33
1646529217536 90.98668981481481 34
1646529238276 91.7824074074074 35
1646529259024 92.5636574074074 36
1646529279776 92.9542824074074 37
1646529300526 93.08449074074075 38
1646529321269 94.24189814814815 39
1646529342013 95.18229166666667 40
1646529362761 95.63078703703704 41
1646529383515 95.78993055555556 42
1646529404262 96.16608796296296 43
1646529425015 96.16608796296296 44
1646529445761 96.60011574074075 45
1646529466512 96.68692129629629 46
1646529487260 96.44097222222223 47
1646529509605 97.10648148148148 48
1646529530343 97.20775462962963 49
1646529551088 97.06307870370371 50
1646529571835 97.2800925925926 51
1646529592590 97.2511574074074 52
1646529613337 97.78645833333333 53
1646529634085 97.06307870370371 54
1646529654836 97.78645833333333 55
1646529675592 97.82986111111111 56
1646529696346 97.90219907407408 57
1646529717092 97.98900462962963 58
1646529737839 98.24942129629629 59
1646529758585 98.16261574074075 60
1646529779337 98.53877314814815 61
1646529800084 98.49537037037037 62
1646529820835 98.65451388888889 63
1646529841588 98.69791666666667 64
1646529862380 98.77025462962963 65
1646529883124 98.52430555555556 66
1646529903871 98.78472222222223 67
1646529924627 98.64004629629629 68
1646529945379 98.62557870370371 69
1646529966118 98.88599537037037 70
1646529986864 98.92939814814815 71
1646530007609 98.64004629629629 72
1646530028357 98.77025462962963 73
1646530049105 98.74131944444444 74
1646530069855 98.8136574074074 75
1646530090602 98.72685185185185 76
1646530111351 99.05960648148148 77
1646530132105 98.87152777777777 78
1646530152853 99.03067129629629 79
1646530173605 99.08854166666667 80
1646530194355 99.04513888888889 81
1646530215107 99.00173611111111 82
1646530235857 99.18981481481481 83
1646530256603 99.17534722222223 84
1646530277356 99.2332175925926 85
1646530298103 99.2332175925926 86
1646530318858 99.32002314814815 87
1646530339612 99.2332175925926 88
1646530360362 99.36342592592592 89
1646530381119 99.34895833333333 90
1646530401876 99.21875 91
1646530422622 99.39236111111111 92
1646530443375 99.39236111111111 93
1646530464128 99.27662037037037 94
1646530484882 99.33449074074075 95
1646530505635 99.39236111111111 96
1646530526383 99.21875 97
1646530547134 99.24768518518519 98
1646530567876 99.52256944444444 99
