1646517471463 0 0
1646517492608 25.060096153846153 1
1646517513791 36.49839743589744 2
1646517535019 41.28605769230769 3
1646517556281 42.40785256410256 4
1646517577576 46.33413461538461 5
1646517598883 46.354166666666664 6
1646517620233 47.65625 7
1646517641590 48.19711538461539 8
1646517662966 49.55929487179487 9
1646517683027 49.55929487179487 10
1646517703138 49.55929487179487 11
1646517723274 49.55929487179487 12
1646517743414 49.55929487179487 13
1646517764955 49.919871794871796 14
1646517785142 49.919871794871796 15
1646517805383 49.919871794871796 16
1646517825601 49.919871794871796 17
1646517845864 49.919871794871796 18
1646517866096 49.919871794871796 19
1646517886369 49.919871794871796 20
1646517906638 49.919871794871796 21
1646517926920 49.919871794871796 22
1646517947200 49.919871794871796 23
1646517967467 49.919871794871796 24
1646517987774 49.919871794871796 25
1646518008077 49.919871794871796 26
1646518028359 49.919871794871796 27
1646518048677 49.919871794871796 28
1646518068981 49.919871794871796 29
1646518089277 49.919871794871796 30
1646518109591 49.919871794871796 31
1646518129869 49.919871794871796 32
1646518150193 49.919871794871796 33
1646518170490 49.919871794871796 34
1646518190762 49.919871794871796 35
1646518211068 49.919871794871796 36
1646518231375 49.919871794871796 37
1646518251658 49.919871794871796 38
1646518271985 49.919871794871796 39
1646518292278 49.919871794871796 40
1646518312595 49.919871794871796 41
1646518332891 49.919871794871796 42
1646518353164 49.919871794871796 43
1646518373495 49.919871794871796 44
1646518393783 49.919871794871796 45
1646518414061 49.919871794871796 46
1646518434377 49.919871794871796 47
1646518454681 49.919871794871796 48
1646518474962 49.919871794871796 49
1646518495269 49.919871794871796 50
1646518515561 49.919871794871796 51
1646518535843 49.919871794871796 52
1646518556125 49.919871794871796 53
1646518576402 49.919871794871796 54
1646518596684 49.919871794871796 55
1646518616969 49.919871794871796 56
1646518637278 49.919871794871796 57
1646518657569 49.919871794871796 58
1646518677845 49.919871794871796 59
1646518698153 49.919871794871796 60
1646518718453 49.919871794871796 61
1646518738736 49.919871794871796 62
1646518759057 49.919871794871796 63
1646518779349 49.919871794871796 64
1646518799623 49.919871794871796 65
1646518819899 49.919871794871796 66
1646518840235 49.919871794871796 67
1646518860520 49.919871794871796 68
1646518880856 49.919871794871796 69
1646518901186 49.919871794871796 70
1646518921504 49.919871794871796 71
1646518941821 49.919871794871796 72
1646518962113 49.919871794871796 73
1646518982436 49.919871794871796 74
1646519002757 49.919871794871796 75
1646519023057 49.919871794871796 76
1646519043329 49.919871794871796 77
1646519063604 49.919871794871796 78
1646519083935 49.919871794871796 79
1646519104230 49.919871794871796 80
1646519124524 49.919871794871796 81
1646519144818 49.919871794871796 82
1646519165122 49.919871794871796 83
1646519185390 49.919871794871796 84
1646519205712 49.919871794871796 85
1646519226011 49.919871794871796 86
1646519246284 49.919871794871796 87
1646519266618 49.919871794871796 88
1646519286903 49.919871794871796 89
1646519307156 49.919871794871796 90
1646519327364 49.919871794871796 91
1646519347531 49.919871794871796 92
1646519367654 49.919871794871796 93
1646519387703 49.919871794871796 94
1646519407723 49.919871794871796 95
1646519427725 49.919871794871796 96
1646519447709 49.919871794871796 97
1646519467673 49.919871794871796 98
1646519487623 49.919871794871796 99
