1646517471061 0.001 0
1646517492599 0.001 1
1646517513779 0.001 2
1646517535007 0.001 3
1646517556269 0.001 4
1646517577565 0.001 5
1646517598872 0.001 6
1646517620222 0.001 7
1646517641578 0.001 8
1646517662955 0.001 9
1646517683015 0.001 10
1646517703127 0.001 11
1646517723263 0.001 12
1646517743401 0.001 13
1646517764943 0.001 14
1646517785132 0.001 15
1646517805373 0.001 16
1646517825589 0.001 17
1646517845851 0.001 18
1646517866083 0.001 19
1646517886358 0.0005 20
1646517906625 0.0005 21
1646517926908 0.0005 22
1646517947186 0.0005 23
1646517967454 0.0005 24
1646517987760 0.0005 25
1646518008064 0.0005 26
1646518028347 0.0005 27
1646518048665 0.0005 28
1646518068968 0.0005 29
1646518089261 0.0005 30
1646518109578 0.0005 31
1646518129856 0.0005 32
1646518150181 0.0005 33
1646518170479 0.0005 34
1646518190750 0.0005 35
1646518211056 0.0005 36
1646518231364 0.0005 37
1646518251647 0.0005 38
1646518271975 0.0005 39
1646518292266 0.00025 40
1646518312583 0.00025 41
1646518332880 0.00025 42
1646518353151 0.00025 43
1646518373482 0.00025 44
1646518393771 0.00025 45
1646518414048 0.00025 46
1646518434364 0.00025 47
1646518454668 0.00025 48
1646518474948 0.00025 49
1646518495255 0.00025 50
1646518515548 0.00025 51
1646518535830 0.00025 52
1646518556112 0.00025 53
1646518576389 0.00025 54
1646518596671 0.00025 55
1646518616957 0.00025 56
1646518637265 0.00025 57
1646518657553 0.00025 58
1646518677833 0.00025 59
1646518698137 0.000125 60
1646518718440 0.000125 61
1646518738724 0.000125 62
1646518759044 0.000125 63
1646518779335 0.000125 64
1646518799610 0.000125 65
1646518819887 0.000125 66
1646518840223 0.000125 67
1646518860508 0.000125 68
1646518880843 0.000125 69
1646518901173 0.000125 70
1646518921491 0.000125 71
1646518941808 0.000125 72
1646518962099 0.000125 73
1646518982423 0.000125 74
1646519002744 0.000125 75
1646519023044 0.000125 76
1646519043317 0.000125 77
1646519063592 0.000125 78
1646519083925 0.000125 79
1646519104217 6.25e-05 80
1646519124511 6.25e-05 81
1646519144804 6.25e-05 82
1646519165110 6.25e-05 83
1646519185378 6.25e-05 84
1646519205699 6.25e-05 85
1646519226000 6.25e-05 86
1646519246272 6.25e-05 87
1646519266606 6.25e-05 88
1646519286892 6.25e-05 89
1646519307144 6.25e-05 90
1646519327351 6.25e-05 91
1646519347517 6.25e-05 92
1646519367641 6.25e-05 93
1646519387690 6.25e-05 94
1646519407710 6.25e-05 95
1646519427711 6.25e-05 96
1646519447697 6.25e-05 97
1646519467660 6.25e-05 98
1646519487609 6.25e-05 99
