1646517471450 5.074031176390471 0
1646517492602 1.7260692693569042 1
1646517513783 1.3433642652299669 2
1646517535011 1.1435699396663241 3
1646517556272 0.9798273499365207 4
1646517577568 0.8681240744060941 5
1646517598875 0.794843829340405 6
1646517620224 0.6829368433466664 7
1646517641581 0.6109525760014852 8
1646517662958 0.5393250700500276 9
1646517683019 0.49578478932380676 10
1646517703129 0.41325883125817336 11
1646517723266 0.3737395289871428 12
1646517743404 0.3412780339519183 13
1646517764946 0.30453693370024365 14
1646517785134 0.27618873450491166 15
1646517805376 0.264491429483449 16
1646517825593 0.2110376624321496 17
1646517845855 0.20557179191598185 18
1646517866086 0.1856524664218779 19
1646517886361 0.1157676922502341 20
1646517906628 0.08474774148177218 21
1646517926912 0.08099649405037915 22
1646517947189 0.06840573803142265 23
1646517967457 0.06270857810698173 24
1646517987763 0.07092054333123896 25
1646518008067 0.06068235580567961 26
1646518028350 0.05670533332697771 27
1646518048668 0.04796447767013753 28
1646518068971 0.047142011354918835 29
1646518089266 0.0516673729720491 30
1646518109581 0.05202615278324595 31
1646518129859 0.05540319011305218 32
1646518150184 0.057715737260878086 33
1646518170481 0.04671427416097787 34
1646518190753 0.04486947047903582 35
1646518211059 0.046009900945204275 36
1646518231366 0.045826021995809346 37
1646518251649 0.05184126405597285 38
1646518271978 0.040251931468783704 39
1646518292269 0.028790644249292435 40
1646518312586 0.021998948296876968 41
1646518332883 0.022372953541990783 42
1646518353155 0.018795950924632727 43
1646518373485 0.015899278016553983 44
1646518393775 0.01731472007964772 45
1646518414051 0.014533846915044167 46
1646518434367 0.017862784314072795 47
1646518454671 0.01600775254579882 48
1646518474952 0.01715065725147724 49
1646518495258 0.01795363600400311 50
1646518515552 0.0180546088333897 51
1646518535833 0.01931448884446312 52
1646518556115 0.019310740624657936 53
1646518576392 0.018668878754531895 54
1646518596674 0.016540994143320456 55
1646518616960 0.015145186727211156 56
1646518637269 0.013771274523740565 57
1646518657560 0.02022479904850048 58
1646518677836 0.021816158779310407 59
1646518698142 0.017040185466477717 60
1646518718443 0.012230291113222914 61
1646518738727 0.010854625651888826 62
1646518759048 0.009483268122292228 63
1646518779339 0.008172465479691271 64
1646518799613 0.008163262995097923 65
1646518819890 0.008787662101288637 66
1646518840226 0.009309329036450773 67
1646518860511 0.00823713200494509 68
1646518880846 0.008031024369066235 69
1646518901176 0.007968998313622756 70
1646518921494 0.00616019969392154 71
1646518941811 0.007069615832598949 72
1646518962102 0.006802359669193349 73
1646518982426 0.008810692074432693 74
1646519002747 0.0066086305219128175 75
1646519023047 0.0065317727340799235 76
1646519043320 0.006775663130813175 77
1646519063595 0.006385216614472921 78
1646519083928 0.0073250692932763034 79
1646519104220 0.006340542704694801 80
1646519124514 0.007048589186053033 81
1646519144807 0.006053934813718553 82
1646519165113 0.005499524064362049 83
1646519185382 0.0049465737581529 84
1646519205703 0.00426203944435757 85
1646519226002 0.0033962930513856313 86
1646519246276 0.006148391054011881 87
1646519266609 0.004593200791903116 88
1646519286895 0.004577999909761948 89
1646519307148 0.004567789804207644 90
1646519327354 0.0038168425197471624 91
1646519347521 0.005046513563246225 92
1646519367645 0.00514760876669445 93
1646519387694 0.00470833406412836 94
1646519407713 0.003651403852186545 95
1646519427714 0.003464163485828235 96
1646519447701 0.0032213272535483593 97
1646519467663 0.004050791921111307 98
1646519487613 0.003434425224205134 99
