1646517471458 28.92071759259259 0
1646517492605 52.61863425925926 1
1646517513787 61.63194444444444 2
1646517535015 67.08622685185185 3
1646517556277 70.81886574074075 4
1646517577572 73.77025462962963 5
1646517598879 76.11400462962963 6
1646517620228 79.32581018518519 7
1646517641586 81.78530092592592 8
1646517662962 84.31712962962963 9
1646517683023 85.11284722222223 10
1646517703134 87.9050925925926 11
1646517723270 89.4386574074074 12
1646517743408 90.01736111111111 13
1646517764950 92.05729166666667 14
1646517785138 92.47685185185185 15
1646517805379 92.14409722222223 16
1646517825596 94.28530092592592 17
1646517845859 94.28530092592592 18
1646517866091 95.00868055555556 19
1646517886365 97.35243055555556 20
1646517906633 98.32175925925925 21
1646517926916 97.98900462962963 22
1646517947194 98.66898148148148 23
1646517967462 98.74131944444444 24
1646517987768 98.40856481481481 25
1646518008072 98.71238425925925 26
1646518028354 98.78472222222223 27
1646518048673 98.97280092592592 28
1646518068976 99.03067129629629 29
1646518089272 98.94386574074075 30
1646518109585 98.97280092592592 31
1646518129864 98.75578703703704 32
1646518150188 98.69791666666667 33
1646518170486 99.05960648148148 34
1646518190758 99.14641203703704 35
1646518211063 98.95833333333333 36
1646518231371 98.87152777777777 37
1646518251654 98.92939814814815 38
1646518271982 99.18981481481481 39
1646518292273 99.39236111111111 40
1646518312590 99.66724537037037 41
1646518332887 99.50810185185185 42
1646518353159 99.66724537037037 43
1646518373491 99.76851851851852 44
1646518393779 99.71064814814815 45
1646518414057 99.82638888888889 46
1646518434372 99.66724537037037 47
1646518454677 99.69618055555556 48
1646518474957 99.609375 49
1646518495263 99.63831018518519 50
1646518515556 99.65277777777777 51
1646518535838 99.58043981481481 52
1646518556121 99.63831018518519 53
1646518576397 99.63831018518519 54
1646518596679 99.65277777777777 55
1646518616965 99.66724537037037 56
1646518637273 99.76851851851852 57
1646518657565 99.47916666666667 58
1646518677841 99.58043981481481 59
1646518698148 99.63831018518519 60
1646518718449 99.76851851851852 61
1646518738732 99.84085648148148 62
1646518759053 99.85532407407408 63
1646518779344 99.89872685185185 64
1646518799619 99.92766203703704 65
1646518819894 99.84085648148148 66
1646518840231 99.85532407407408 67
1646518860516 99.88425925925925 68
1646518880851 99.88425925925925 69
1646518901181 99.88425925925925 70
1646518921499 99.92766203703704 71
1646518941817 99.86979166666667 72
1646518962108 99.86979166666667 73
1646518982431 99.79745370370371 74
1646519002752 99.88425925925925 75
1646519023052 99.86979166666667 76
1646519043325 99.88425925925925 77
1646519063600 99.91319444444444 78
1646519083932 99.91319444444444 79
1646519104225 99.91319444444444 80
1646519124520 99.88425925925925 81
1646519144813 99.91319444444444 82
1646519165118 99.95659722222223 83
1646519185386 99.94212962962963 84
1646519205707 99.95659722222223 85
1646519226007 99.9855324074074 86
1646519246280 99.91319444444444 87
1646519266613 99.95659722222223 88
1646519286900 99.92766203703704 89
1646519307152 99.95659722222223 90
1646519327359 99.9855324074074 91
1646519347526 99.89872685185185 92
1646519367650 99.91319444444444 93
1646519387699 99.92766203703704 94
1646519407718 99.97106481481481 95
1646519427720 100.0 96
1646519447705 99.97106481481481 97
1646519467669 99.9855324074074 98
1646519487618 99.95659722222223 99
