1646511438353 0 0
1646511447891 35.267857142857146 1
1646511457489 42.075892857142854 2
1646511462148 42.075892857142854 3
1646511469376 46.54017857142857 4
1646511476553 55.245535714285715 5
1646511484895 62.16517857142857 6
1646511489568 62.16517857142857 7
1646511496821 65.95982142857143 8
1646511501502 65.95982142857143 9
1646511507023 65.95982142857143 10
1646511511709 65.95982142857143 11
1646511518986 68.63839285714286 12
1646511525065 71.31696428571429 13
1646511529799 71.31696428571429 14
1646511534500 71.31696428571429 15
1646511541732 72.43303571428571 16
1646511547802 75.22321428571429 17
1646511553882 78.90625 18
1646511558579 78.90625 19
1646511563278 78.90625 20
1646511570516 81.91964285714286 21
1646511575222 81.91964285714286 22
1646511582465 83.14732142857143 23
1646511587176 83.14732142857143 24
1646511593285 84.04017857142857 25
1646511597995 84.04017857142857 26
1646511602704 84.04017857142857 27
1646511607417 84.04017857142857 28
1646511612128 84.04017857142857 29
1646511616843 84.04017857142857 30
1646511621556 84.04017857142857 31
1646511626270 84.04017857142857 32
1646511630986 84.04017857142857 33
1646511637084 84.26339285714286 34
1646511641799 84.26339285714286 35
1646511646560 84.26339285714286 36
1646511651279 84.26339285714286 37
1646511655993 84.26339285714286 38
1646511660710 84.26339285714286 39
1646511665428 84.26339285714286 40
1646511672678 85.71428571428571 41
1646511677400 85.71428571428571 42
1646511683501 86.27232142857143 43
1646511689603 87.83482142857143 44
1646511694380 87.83482142857143 45
1646511699096 87.83482142857143 46
1646511703815 87.83482142857143 47
1646511708533 87.83482142857143 48
1646511713255 87.83482142857143 49
1646511717976 87.83482142857143 50
1646511722696 87.83482142857143 51
1646511727917 87.83482142857143 52
1646511732637 87.83482142857143 53
1646511737358 87.83482142857143 54
1646511742080 87.83482142857143 55
1646511746803 87.83482142857143 56
1646511751526 87.83482142857143 57
1646511756245 87.83482142857143 58
1646511760968 87.83482142857143 59
1646511765692 87.83482142857143 60
1646511770416 87.83482142857143 61
1646511777712 88.28125 62
1646511783816 88.95089285714286 63
1646511788684 88.95089285714286 64
1646511793404 88.95089285714286 65
1646511798127 88.95089285714286 66
1646511802850 88.95089285714286 67
1646511807575 88.95089285714286 68
1646511812302 88.95089285714286 69
1646511817031 88.95089285714286 70
1646511821759 88.95089285714286 71
1646511826486 88.95089285714286 72
1646511831209 88.95089285714286 73
1646511835936 88.95089285714286 74
1646511840660 88.95089285714286 75
1646511845384 88.95089285714286 76
1646511850108 88.95089285714286 77
1646511854832 88.95089285714286 78
1646511859556 88.95089285714286 79
1646511864279 88.95089285714286 80
1646511869005 88.95089285714286 81
1646511873729 88.95089285714286 82
1646511878453 88.95089285714286 83
1646511883180 88.95089285714286 84
1646511887906 88.95089285714286 85
1646511892633 88.95089285714286 86
1646511897360 88.95089285714286 87
1646511902090 88.95089285714286 88
1646511906816 88.95089285714286 89
1646511911545 88.95089285714286 90
1646511916272 88.95089285714286 91
1646511921004 88.95089285714286 92
1646511925731 88.95089285714286 93
1646511930460 88.95089285714286 94
1646511935189 88.95089285714286 95
1646511939916 88.95089285714286 96
1646511944642 88.95089285714286 97
1646511949370 88.95089285714286 98
1646511954108 88.95089285714286 99
