1646511438342 0.001 0
1646511447882 0.001 1
1646511457481 0.001 2
1646511462138 0.001 3
1646511469366 0.001 4
1646511476544 0.001 5
1646511484885 0.001 6
1646511489558 0.001 7
1646511496811 0.001 8
1646511501492 0.001 9
1646511506186 0.001 10
1646511511698 0.001 11
1646511518973 0.001 12
1646511525056 0.001 13
1646511529790 0.001 14
1646511534489 0.001 15
1646511541724 0.001 16
1646511547793 0.001 17
1646511553874 0.001 18
1646511558570 0.001 19
1646511563269 0.0005 20
1646511570504 0.0005 21
1646511575210 0.0005 22
1646511582453 0.0005 23
1646511587162 0.0005 24
1646511593259 0.0005 25
1646511597985 0.0005 26
1646511602694 0.0005 27
1646511607407 0.0005 28
1646511612118 0.0005 29
1646511616834 0.0005 30
1646511621547 0.0005 31
1646511626262 0.0005 32
1646511630977 0.0005 33
1646511637073 0.0005 34
1646511641789 0.0005 35
1646511646507 0.0005 36
1646511651269 0.0005 37
1646511655984 0.0005 38
1646511660699 0.0005 39
1646511665418 0.00025 40
1646511672668 0.00025 41
1646511677388 0.00025 42
1646511683489 0.00025 43
1646511689588 0.00025 44
1646511694310 0.00025 45
1646511699084 0.00025 46
1646511703802 0.00025 47
1646511708521 0.00025 48
1646511713243 0.00025 49
1646511717965 0.00025 50
1646511722685 0.00025 51
1646511727406 0.00025 52
1646511732625 0.00025 53
1646511737345 0.00025 54
1646511742067 0.00025 55
1646511746792 0.00025 56
1646511751514 0.00025 57
1646511756236 0.00025 58
1646511760957 0.00025 59
1646511765680 0.000125 60
1646511770406 0.000125 61
1646511777698 0.000125 62
1646511783806 0.000125 63
1646511788528 0.000125 64
1646511793393 0.000125 65
1646511798113 0.000125 66
1646511802837 0.000125 67
1646511807562 0.000125 68
1646511812289 0.000125 69
1646511817018 0.000125 70
1646511821746 0.000125 71
1646511826472 0.000125 72
1646511831197 0.000125 73
1646511835922 0.000125 74
1646511840648 0.000125 75
1646511845372 0.000125 76
1646511850095 0.000125 77
1646511854820 0.000125 78
1646511859542 0.000125 79
1646511864266 6.25e-05 80
1646511868992 6.25e-05 81
1646511873715 6.25e-05 82
1646511878441 6.25e-05 83
1646511883167 6.25e-05 84
1646511887891 6.25e-05 85
1646511892621 6.25e-05 86
1646511897347 6.25e-05 87
1646511902075 6.25e-05 88
1646511906803 6.25e-05 89
1646511911532 6.25e-05 90
1646511916258 6.25e-05 91
1646511920991 6.25e-05 92
1646511925719 6.25e-05 93
1646511930447 6.25e-05 94
1646511935176 6.25e-05 95
1646511939902 6.25e-05 96
1646511944629 6.25e-05 97
1646511949357 6.25e-05 98
1646511954099 6.25e-05 99
