1646511438349 28.505608974358974 0
1646511447888 38.64182692307692 1
1646511457486 44.17067307692308 2
1646511462144 51.62259615384615 3
1646511469373 56.79086538461539 4
1646511476550 59.59535256410256 5
1646511484891 62.70032051282051 6
1646511489564 64.8036858974359 7
1646511496817 68.0889423076923 8
1646511501499 69.39102564102564 9
1646511507018 72.03525641025641 10
1646511511705 73.63782051282051 11
1646511518982 75.32051282051282 12
1646511525062 76.20192307692308 13
1646511529796 78.80608974358974 14
1646511534496 79.88782051282051 15
1646511541729 80.5889423076923 16
1646511547798 81.57051282051282 17
1646511553879 81.97115384615384 18
1646511558576 82.05128205128206 19
1646511563275 86.19791666666667 20
1646511570511 87.86057692307692 21
1646511575218 88.60176282051282 22
1646511582461 89.46314102564102 23
1646511587170 90.86538461538461 24
1646511593282 90.82532051282051 25
1646511597991 90.7451923076923 26
1646511602700 90.56490384615384 27
1646511607413 90.84535256410257 28
1646511612124 91.4863782051282 29
1646511616839 92.2275641025641 30
1646511621552 92.8485576923077 31
1646511626267 92.80849358974359 32
1646511630982 93.06891025641026 33
1646511637080 93.7099358974359 34
1646511641795 94.25080128205128 35
1646511646555 94.03044871794872 36
1646511651275 94.03044871794872 37
1646511655990 94.33092948717949 38
1646511660706 95.09214743589743 39
1646511665424 96.2139423076923 40
1646511672674 97.65625 41
1646511677396 97.13541666666667 42
1646511683496 97.83653846153847 43
1646511689598 97.5360576923077 44
1646511694376 97.47596153846153 45
1646511699092 98.01682692307692 46
1646511703811 98.13701923076923 47
1646511708529 98.21714743589743 48
1646511713250 98.05689102564102 49
1646511717972 98.53766025641026 50
1646511722692 98.5576923076923 51
1646511727911 98.71794871794872 52
1646511732632 98.3974358974359 53
1646511737353 98.41746794871794 54
1646511742075 97.89663461538461 55
1646511746799 98.25721153846153 56
1646511751521 98.81810897435898 57
1646511756242 98.75801282051282 58
1646511760964 98.69791666666667 59
1646511765687 98.93830128205128 60
1646511770413 99.45913461538461 61
1646511777706 99.2988782051282 62
1646511783812 99.59935897435898 63
1646511788678 99.57932692307692 64
1646511793400 99.57932692307692 65
1646511798122 99.67948717948718 66
1646511802845 99.47916666666667 67
1646511807570 99.69951923076923 68
1646511812298 99.71955128205128 69
1646511817026 99.63942307692308 70
1646511821754 99.63942307692308 71
1646511826481 99.45913461538461 72
1646511831204 99.31891025641026 73
1646511835930 99.39903846153847 74
1646511840656 99.61939102564102 75
1646511845379 99.57932692307692 76
1646511850104 99.53926282051282 77
1646511854828 99.61939102564102 78
1646511859551 99.43910256410257 79
1646511864274 99.57932692307692 80
1646511869001 99.81971153846153 81
1646511873723 99.8798076923077 82
1646511878449 99.69951923076923 83
1646511883175 99.81971153846153 84
1646511887900 99.77964743589743 85
1646511892629 99.73958333333333 86
1646511897356 99.79967948717949 87
1646511902085 99.81971153846153 88
1646511906812 99.79967948717949 89
1646511911540 99.85977564102564 90
1646511916268 99.81971153846153 91
1646511920999 99.8798076923077 92
1646511925727 99.81971153846153 93
1646511930455 99.83974358974359 94
1646511935185 99.77964743589743 95
1646511939911 99.85977564102564 96
1646511944638 99.89983974358974 97
1646511949365 99.79967948717949 98
1646511954104 99.85977564102564 99
