1646511438344 2.071367480815985 0
1646511447885 1.7667602178377984 1
1646511457483 1.630070420411917 2
1646511462140 1.4429500378095186 3
1646511469369 1.2533291822824724 4
1646511476547 1.1830724905698726 5
1646511484888 1.0934040928498292 6
1646511489561 1.047893137503893 7
1646511496813 0.9389480291268765 8
1646511501494 0.8963665763537089 9
1646511506542 0.8068668261552469 10
1646511511701 0.7632465454248282 11
1646511518977 0.7150039015672146 12
1646511525059 0.6837335717983735 13
1646511529792 0.6241320440402398 14
1646511534492 0.5965687900017469 15
1646511541726 0.5684490173290937 16
1646511547795 0.5414195045446738 17
1646511553876 0.5136490181470529 18
1646511558573 0.5043693016736935 19
1646511563271 0.4008825253217648 20
1646511570507 0.3472659484698222 21
1646511575213 0.3237218004770768 22
1646511582456 0.30531205045871246 23
1646511587166 0.27306389273741305 24
1646511593277 0.26648875020253354 25
1646511597987 0.27498456033376545 26
1646511602697 0.27023331133218914 27
1646511607409 0.2534357622647897 28
1646511612120 0.24960292340853277 29
1646511616836 0.22285664616486964 30
1646511621549 0.21711052457491556 31
1646511626263 0.2040589438417019 32
1646511630979 0.19846417487431794 33
1646511637076 0.18871963024139404 34
1646511641791 0.18467150876919428 35
1646511646550 0.17808289176378495 36
1646511651272 0.17661324315346205 37
1646511655986 0.16635725628107023 38
1646511660702 0.1459684240130278 39
1646511665421 0.11033812910318375 40
1646511672670 0.0826715992238277 41
1646511677391 0.082680821705323 42
1646511683492 0.07221893125619644 43
1646511689592 0.07698296244518879 44
1646511694370 0.07616091643770535 45
1646511699087 0.0645243130528774 46
1646511703805 0.057522535897218265 47
1646511708525 0.05897725851107866 48
1646511713246 0.05961813443364241 49
1646511717968 0.04785200198873495 50
1646511722688 0.048519432090987 51
1646511727751 0.04276846848332729 52
1646511732628 0.05051057542172762 53
1646511737348 0.05113287408573505 54
1646511742070 0.06002888016593762 55
1646511746794 0.05023092900713285 56
1646511751516 0.043970378091893136 57
1646511756238 0.04310849750748812 58
1646511760960 0.04003910546023876 59
1646511765682 0.037477418732566714 60
1646511770409 0.0235731157904061 61
1646511777701 0.026375057032475106 62
1646511783808 0.017789660308223505 63
1646511788673 0.019093777267978743 64
1646511793396 0.019184429162683394 65
1646511798117 0.017392589818113126 66
1646511802840 0.021193716400422346 67
1646511807565 0.017238607451033134 68
1646511812292 0.015126419319317509 69
1646511817021 0.015123361697754798 70
1646511821749 0.014713670544994947 71
1646511826475 0.018160095456271216 72
1646511831200 0.02157440589955793 73
1646511835925 0.01888630490224713 74
1646511840651 0.014291435712948442 75
1646511845374 0.016522447656219203 76
1646511850098 0.018154386741419632 77
1646511854823 0.015264283346298795 78
1646511859546 0.01742439619743098 79
1646511864269 0.013463620621806536 80
1646511868996 0.010659152797112862 81
1646511873718 0.00920837515224822 82
1646511878444 0.011629587048306488 83
1646511883170 0.009372461987181734 84
1646511887894 0.008904248625278855 85
1646511892624 0.00907284281670283 86
1646511897350 0.008834048920573715 87
1646511902079 0.008525352148960033 88
1646511906807 0.008482820632007834 89
1646511911536 0.007869384036614345 90
1646511916263 0.008172871419586815 91
1646511920994 0.007028541205307612 92
1646511925722 0.007960517642995676 93
1646511930450 0.007698257874625807 94
1646511935180 0.00909884265349366 95
1646511939906 0.006029561109757289 96
1646511944632 0.007066355525659254 97
1646511949360 0.008020386583386706 98
1646511954101 0.007743338418479722 99
