1646526139692 0 0
1646526161937 8.136160714285714 1
1646526184116 10.770089285714286 2
1646526206319 14.296875 3
1646526228547 16.339285714285715 4
1646526250782 19.453125 5
1646526273040 22.622767857142858 6
1646526295392 25.513392857142858 7
1646526317668 25.915178571428573 8
1646526339934 27.912946428571427 9
1646526362380 29.073660714285715 10
1646526384647 30.636160714285715 11
1646526406920 32.16517857142857 12
1646526429182 32.979910714285715 13
1646526450064 32.979910714285715 14
1646526472335 35.658482142857146 15
1646526494614 35.714285714285715 16
1646526515514 35.714285714285715 17
1646526537792 36.875 18
1646526558694 36.875 19
1646526579596 36.875 20
1646526600490 36.875 21
1646526622771 37.91294642857143 22
1646526643681 37.91294642857143 23
1646526664591 37.91294642857143 24
1646526685497 37.91294642857143 25
1646526706405 37.91294642857143 26
1646526728695 38.482142857142854 27
1646526750976 38.77232142857143 28
1646526771877 38.77232142857143 29
1646526792786 38.77232142857143 30
1646526813692 38.77232142857143 31
1646526834608 38.77232142857143 32
1646526855517 38.77232142857143 33
1646526876425 38.77232142857143 34
1646526897330 38.77232142857143 35
1646526918240 38.77232142857143 36
1646526939154 38.77232142857143 37
1646526960063 38.77232142857143 38
1646526981507 38.77232142857143 39
1646527002413 38.77232142857143 40
1646527023325 38.77232142857143 41
1646527044232 38.77232142857143 42
1646527065141 38.77232142857143 43
1646527086051 38.77232142857143 44
1646527106960 38.77232142857143 45
1646527127872 38.77232142857143 46
1646527148781 38.77232142857143 47
1646527169693 38.77232142857143 48
1646527190603 38.77232142857143 49
1646527211512 38.77232142857143 50
1646527232417 38.77232142857143 51
1646527253328 38.77232142857143 52
1646527274232 38.77232142857143 53
1646527295134 38.77232142857143 54
1646527316038 38.77232142857143 55
1646527336944 38.77232142857143 56
1646527357850 38.77232142857143 57
1646527378755 38.77232142857143 58
1646527399663 38.77232142857143 59
1646527420571 38.77232142857143 60
1646527441475 38.77232142857143 61
1646527462387 38.77232142857143 62
1646527483292 38.77232142857143 63
1646527504238 38.77232142857143 64
1646527525143 38.77232142857143 65
1646527546049 38.77232142857143 66
1646527566958 38.77232142857143 67
1646527587864 38.77232142857143 68
1646527608774 38.77232142857143 69
1646527629679 38.77232142857143 70
1646527650586 38.77232142857143 71
1646527671489 38.77232142857143 72
1646527692389 38.77232142857143 73
1646527713289 38.77232142857143 74
1646527734190 38.77232142857143 75
1646527755093 38.77232142857143 76
1646527775993 38.77232142857143 77
1646527796895 38.77232142857143 78
1646527817792 38.77232142857143 79
1646527838691 38.77232142857143 80
1646527860230 38.77232142857143 81
1646527881132 38.77232142857143 82
1646527902041 38.77232142857143 83
1646527922944 38.77232142857143 84
1646527943846 38.77232142857143 85
1646527964747 38.77232142857143 86
1646527985646 38.77232142857143 87
1646528006550 38.77232142857143 88
1646528027454 38.77232142857143 89
1646528048355 38.77232142857143 90
1646528069254 38.77232142857143 91
1646528090151 38.77232142857143 92
1646528111054 38.77232142857143 93
1646528131951 38.77232142857143 94
1646528152850 38.77232142857143 95
1646528173750 38.77232142857143 96
1646528194651 38.77232142857143 97
1646528215552 38.77232142857143 98
1646528236456 38.77232142857143 99
