1646526139036 0.001 0
1646526161928 0.001 1
1646526184105 0.001 2
1646526206308 0.001 3
1646526228534 0.001 4
1646526250769 0.001 5
1646526273026 0.001 6
1646526295381 0.001 7
1646526317656 0.001 8
1646526339921 0.001 9
1646526362188 0.001 10
1646526384633 0.001 11
1646526406907 0.001 12
1646526429169 0.001 13
1646526450051 0.001 14
1646526472322 0.001 15
1646526494601 0.001 16
1646526515501 0.001 17
1646526537780 0.001 18
1646526558683 0.001 19
1646526579587 0.0005 20
1646526600480 0.0005 21
1646526622761 0.0005 22
1646526643670 0.0005 23
1646526664579 0.0005 24
1646526685486 0.0005 25
1646526706393 0.0005 26
1646526728683 0.0005 27
1646526750964 0.0005 28
1646526771866 0.0005 29
1646526792773 0.0005 30
1646526813679 0.0005 31
1646526834596 0.0005 32
1646526855505 0.0005 33
1646526876415 0.0005 34
1646526897319 0.0005 35
1646526918226 0.0005 36
1646526939140 0.0005 37
1646526960051 0.0005 38
1646526981496 0.0005 39
1646527002404 0.00025 40
1646527023313 0.00025 41
1646527044221 0.00025 42
1646527065130 0.00025 43
1646527086037 0.00025 44
1646527106945 0.00025 45
1646527127858 0.00025 46
1646527148767 0.00025 47
1646527169680 0.00025 48
1646527190588 0.00025 49
1646527211499 0.00025 50
1646527232403 0.00025 51
1646527253313 0.00025 52
1646527274217 0.00025 53
1646527295121 0.00025 54
1646527316024 0.00025 55
1646527336931 0.00025 56
1646527357836 0.00025 57
1646527378741 0.00025 58
1646527399650 0.00025 59
1646527420558 0.000125 60
1646527441462 0.000125 61
1646527462374 0.000125 62
1646527483279 0.000125 63
1646527504226 0.000125 64
1646527525132 0.000125 65
1646527546036 0.000125 66
1646527566946 0.000125 67
1646527587852 0.000125 68
1646527608762 0.000125 69
1646527629668 0.000125 70
1646527650574 0.000125 71
1646527671476 0.000125 72
1646527692378 0.000125 73
1646527713277 0.000125 74
1646527734178 0.000125 75
1646527755080 0.000125 76
1646527775981 0.000125 77
1646527796882 0.000125 78
1646527817780 0.000125 79
1646527838679 6.25e-05 80
1646527860217 6.25e-05 81
1646527881120 6.25e-05 82
1646527902028 6.25e-05 83
1646527922932 6.25e-05 84
1646527943834 6.25e-05 85
1646527964735 6.25e-05 86
1646527985634 6.25e-05 87
1646528006538 6.25e-05 88
1646528027442 6.25e-05 89
1646528048343 6.25e-05 90
1646528069241 6.25e-05 91
1646528090139 6.25e-05 92
1646528111042 6.25e-05 93
1646528131938 6.25e-05 94
1646528152838 6.25e-05 95
1646528173735 6.25e-05 96
1646528194639 6.25e-05 97
1646528215537 6.25e-05 98
1646528236441 6.25e-05 99
