1646526139494 27.85893940925598 0
1646526161930 2.6355792902134083 1
1646526184108 2.3179961619553744 2
1646526206311 2.1142416154896773 3
1646526228537 1.9339351367067408 4
1646526250772 1.7851348055733576 5
1646526273029 1.6572981123571042 6
1646526295384 1.5548222153275102 7
1646526317659 1.4786979732690033 8
1646526339924 1.390930661448726 9
1646526362369 1.2993213832378387 10
1646526384636 1.2353713744216495 11
1646526406910 1.1753027979974393 12
1646526429172 1.1154140763812594 13
1646526450054 1.0753025809923809 14
1646526472325 1.004612938121513 15
1646526494604 0.9434891861897928 16
1646526515504 0.8842828053015249 17
1646526537783 0.8334159685505761 18
1646526558686 0.797617049128921 19
1646526579589 0.71793810305772 20
1646526600483 0.6904792498659205 21
1646526622764 0.6568743564464428 22
1646526643673 0.6309994288064815 23
1646526664583 0.6000732768464971 24
1646526685489 0.5838490067808716 25
1646526706396 0.5487443335630275 26
1646526728686 0.5289404469507711 27
1646526750967 0.5032164393751709 28
1646526771869 0.4719022302715867 29
1646526792777 0.452894350444829 30
1646526813683 0.43035725642133643 31
1646526834599 0.41092942903439206 32
1646526855508 0.3863475714568739 33
1646526876417 0.3649253210535756 34
1646526897322 0.34610779859401564 35
1646526918229 0.32728262769955174 36
1646526939143 0.30557314306497574 37
1646526960054 0.27839789870712495 38
1646526981499 0.26602865838342243 39
1646527002406 0.23945313250577008 40
1646527023316 0.22708729240629408 41
1646527044224 0.208861345494235 42
1646527065133 0.19521929847973366 43
1646527086041 0.18543220780513905 44
1646527106948 0.19651016234247773 45
1646527127861 0.17986831000005757 46
1646527148770 0.17341047966921772 47
1646527169684 0.1650519063351331 48
1646527190592 0.1631329105132156 49
1646527211502 0.15302603015745128 50
1646527232407 0.15265774975220361 51
1646527253317 0.14128326183115994 52
1646527274220 0.1463813817611447 53
1646527295124 0.14008799498831784 54
1646527316028 0.12341373827722338 55
1646527336934 0.12573255074244957 56
1646527357839 0.12071728692562492 57
1646527378744 0.11641626184185346 58
1646527399653 0.10803203629674735 59
1646527420561 0.09972852371909001 60
1646527441465 0.09717054327053053 61
1646527462377 0.0890210263982967 62
1646527483282 0.09208012482634297 63
1646527504228 0.08279332201238032 64
1646527525134 0.08233702279351375 65
1646527546040 0.08530157811387822 66
1646527566949 0.08254661135099552 67
1646527587855 0.08172254643782421 68
1646527608765 0.08107129898336199 69
1646527629671 0.08022134371653751 70
1646527650577 0.07872903098662694 71
1646527671479 0.07142702014082009 72
1646527692381 0.07048788183817158 73
1646527713280 0.07386725830535094 74
1646527734181 0.07313984584201265 75
1646527755083 0.06949835636273578 76
1646527775984 0.06724332204019581 77
1646527796885 0.06577968659500281 78
1646527817783 0.06588947421146764 79
1646527838682 0.05391487320540128 80
1646527860220 0.05605067595563553 81
1646527881123 0.050229438270131745 82
1646527902032 0.05307983344903699 83
1646527922935 0.053957747709419995 84
1646527943837 0.05065250500208802 85
1646527964738 0.04925890849834239 86
1646527985637 0.05016227339014963 87
1646528006541 0.048205083684512866 88
1646528027445 0.04930567234340641 89
1646528048346 0.04916853292120828 90
1646528069244 0.05213550633440415 91
1646528090142 0.04745340505959811 92
1646528111045 0.04684806242585182 93
1646528131941 0.04489967692643404 94
1646528152841 0.04778059051130657 95
1646528173739 0.042205242095170195 96
1646528194642 0.04412083113910975 97
1646528215540 0.04456411391772606 98
1646528236445 0.043735452375754165 99
