1646526139687 24.247685185185187 0
1646526161933 37.832754629629626 1
1646526184112 44.039351851851855 2
1646526206315 47.77199074074074 3
1646526228542 50.766782407407405 4
1646526250776 54.036458333333336 5
1646526273035 56.973379629629626 6
1646526295388 59.042245370370374 7
1646526317664 60.61921296296296 8
1646526339929 62.644675925925924 9
1646526362375 65.10416666666667 10
1646526384641 66.27604166666667 11
1646526406915 67.66493055555556 12
1646526429177 69.140625 13
1646526450059 69.921875 14
1646526472330 71.57118055555556 15
1646526494610 72.87326388888889 16
1646526515509 74.58043981481481 17
1646526537788 76.34548611111111 18
1646526558690 76.80844907407408 19
1646526579593 79.71643518518519 20
1646526600486 80.078125 21
1646526622767 81.49594907407408 22
1646526643677 82.26273148148148 23
1646526664587 83.28993055555556 24
1646526685493 83.28993055555556 25
1646526706401 84.92476851851852 26
1646526728691 84.63541666666667 27
1646526750971 86.14004629629629 28
1646526771873 87.4855324074074 29
1646526792781 87.68807870370371 30
1646526813688 88.39699074074075 31
1646526834603 89.27951388888889 32
1646526855513 90.03182870370371 33
1646526876421 90.35011574074075 34
1646526897326 91.05902777777777 35
1646526918235 91.98495370370371 36
1646526939148 92.44791666666667 37
1646526960059 93.21469907407408 38
1646526981503 93.43171296296296 39
1646527002410 94.89293981481481 40
1646527023320 95.2980324074074 41
1646527044228 95.7175925925926 42
1646527065137 95.97800925925925 43
1646527086046 96.55671296296296 44
1646527106954 96.02141203703704 45
1646527127866 96.61458333333333 46
1646527148776 96.44097222222223 47
1646527169688 97.00520833333333 48
1646527190597 96.74479166666667 49
1646527211507 97.29456018518519 50
1646527232412 97.10648148148148 51
1646527253322 97.42476851851852 52
1646527274226 97.14988425925925 53
1646527295129 97.2800925925926 54
1646527316033 97.88773148148148 55
1646527336939 97.45370370370371 56
1646527357845 97.85879629629629 57
1646527378749 97.85879629629629 58
1646527399658 98.10474537037037 59
1646527420565 98.4230324074074 60
1646527441470 98.48090277777777 61
1646527462382 98.61111111111111 62
1646527483287 98.48090277777777 63
1646527504233 98.58217592592592 64
1646527525138 98.72685185185185 65
1646527546044 98.65451388888889 66
1646527566954 98.59664351851852 67
1646527587859 98.74131944444444 68
1646527608770 98.59664351851852 69
1646527629675 98.62557870370371 70
1646527650581 98.61111111111111 71
1646527671484 98.88599537037037 72
1646527692385 99.01620370370371 73
1646527713284 98.85706018518519 74
1646527734185 98.79918981481481 75
1646527755088 98.8136574074074 76
1646527775989 98.8425925925926 77
1646527796890 98.95833333333333 78
1646527817788 98.828125 79
1646527838687 99.10300925925925 80
1646527860226 99.26215277777777 81
1646527881128 99.32002314814815 82
1646527902036 99.24768518518519 83
1646527922940 99.24768518518519 84
1646527943841 99.27662037037037 85
1646527964743 99.30555555555556 86
1646527985642 99.2332175925926 87
1646528006545 99.40682870370371 88
1646528027449 99.27662037037037 89
1646528048350 99.2332175925926 90
1646528069249 99.17534722222223 91
1646528090146 99.40682870370371 92
1646528111050 99.29108796296296 93
1646528131946 99.50810185185185 94
1646528152846 99.33449074074075 95
1646528173745 99.46469907407408 96
1646528194647 99.49363425925925 97
1646528215546 99.36342592592592 98
1646528236450 99.40682870370371 99
