1646659870764 0 0
1646659876711 31.473214285714285 1
1646659881331 31.473214285714285 2
1646659887350 41.183035714285715 3
1646659893361 52.34375 4
1646659897997 52.34375 5
1646659904019 58.816964285714285 6
1646659910049 63.058035714285715 7
1646659914704 63.058035714285715 8
1646659920794 64.39732142857143 9
1646659926843 66.62946428571429 10
1646659932885 70.20089285714286 11
1646659938935 73.99553571428571 12
1646659943605 73.99553571428571 13
1646659948278 73.99553571428571 14
1646659954339 76.5625 15
