1646659870760 26.181891025641026 0
1646659876706 35.69711538461539 1
1646659881327 40.30448717948718 2
1646659887345 46.33413461538461 3
1646659893356 53.36538461538461 4
1646659897992 57.97275641025641 5
1646659904014 61.638621794871796 6
1646659910044 64.30288461538461 7
1646659914699 68.24919871794872 8
1646659920789 71.27403846153847 9
1646659926839 71.9951923076923 10
1646659932879 73.99839743589743 11
1646659938930 75.7011217948718 12
1646659943601 77.4639423076923 13
1646659948273 78.50560897435898 14
1646659954336 79.6073717948718 15
