1646659870755 2.110281067016797 0
1646659876701 1.8197857233194203 1
1646659881322 1.7054880460103352 2
1646659887341 1.5487355482883942 3
1646659893351 1.3677737223796356 4
1646659897987 1.2057112608200464 5
1646659904010 1.110866789634411 6
1646659910040 1.025660556096297 7
1646659914693 0.9269023124988263 8
1646659920784 0.8441874598845457 9
1646659926833 0.8177332434898767 10
1646659932875 0.7462433530734136 11
1646659938925 0.704003285139035 12
1646659943596 0.6588478447535099 13
1646659948268 0.6294126052122849 14
1646659954332 0.58835574449637 15
