1646513687029 0 0
1646513705439 37.19429347826087 1
1646513723888 53.46467391304348 2
1646513742360 58.22010869565217 3
1646513760830 59.88451086956522 4
1646513777953 59.88451086956522 5
1646513796428 60.224184782608695 6
1646513814907 60.42798913043478 7
1646513833384 61.005434782608695 8
1646513850523 61.005434782608695 9
1646513867666 61.005434782608695 10
1646513884806 61.005434782608695 11
1646513901953 61.005434782608695 12
1646513919097 61.005434782608695 13
1646513936239 61.005434782608695 14
1646513953385 61.005434782608695 15
1646513970517 61.005434782608695 16
1646513989004 61.75271739130435 17
1646514006152 61.75271739130435 18
1646514023288 61.75271739130435 19
1646514040432 61.75271739130435 20
1646514057569 61.75271739130435 21
1646514076054 61.786684782608695 22
1646514093198 61.786684782608695 23
1646514110339 61.786684782608695 24
1646514127481 61.786684782608695 25
1646514144629 61.786684782608695 26
1646514161773 61.786684782608695 27
1646514178915 61.786684782608695 28
1646514197387 62.09239130434783 29
1646514214524 62.09239130434783 30
1646514231663 62.09239130434783 31
1646514248806 62.09239130434783 32
1646514265946 62.09239130434783 33
1646514284427 62.12635869565217 34
1646514302903 62.39809782608695 35
1646514320031 62.39809782608695 36
1646514337172 62.39809782608695 37
1646514354307 62.39809782608695 38
1646514371443 62.39809782608695 39
1646514388581 62.39809782608695 40
1646514405722 62.39809782608695 41
1646514422864 62.39809782608695 42
1646514440001 62.39809782608695 43
1646514457137 62.39809782608695 44
1646514474278 62.39809782608695 45
1646514491415 62.39809782608695 46
1646514508549 62.39809782608695 47
1646514525693 62.39809782608695 48
1646514542833 62.39809782608695 49
1646514559974 62.39809782608695 50
1646514577117 62.39809782608695 51
1646514594253 62.39809782608695 52
1646514611393 62.39809782608695 53
1646514628538 62.39809782608695 54
1646514645671 62.39809782608695 55
1646514662810 62.39809782608695 56
1646514679951 62.39809782608695 57
1646514697091 62.39809782608695 58
1646514714224 62.39809782608695 59
1646514731362 62.39809782608695 60
1646514749839 62.432065217391305 61
1646514766980 62.432065217391305 62
1646514784116 62.432065217391305 63
1646514801258 62.432065217391305 64
1646514818403 62.432065217391305 65
1646514835545 62.432065217391305 66
1646514852687 62.432065217391305 67
1646514869829 62.432065217391305 68
1646514886970 62.432065217391305 69
1646514904112 62.432065217391305 70
1646514921254 62.432065217391305 71
1646514938390 62.432065217391305 72
1646514955532 62.432065217391305 73
1646514972675 62.432065217391305 74
1646514989817 62.432065217391305 75
1646515006955 62.432065217391305 76
1646515024102 62.432065217391305 77
1646515041248 62.432065217391305 78
1646515058393 62.432065217391305 79
1646515075539 62.432065217391305 80
1646515092685 62.432065217391305 81
1646515109839 62.432065217391305 82
1646515126983 62.432065217391305 83
1646515144121 62.432065217391305 84
1646515161265 62.432065217391305 85
1646515178404 62.432065217391305 86
1646515195545 62.432065217391305 87
1646515212686 62.432065217391305 88
1646515229826 62.432065217391305 89
1646515246968 62.432065217391305 90
1646515264107 62.432065217391305 91
1646515281248 62.432065217391305 92
1646515298391 62.432065217391305 93
1646515315531 62.432065217391305 94
1646515332674 62.432065217391305 95
1646515349813 62.432065217391305 96
1646515366954 62.432065217391305 97
1646515384096 62.432065217391305 98
1646515401241 62.432065217391305 99
