1646513686319 0.001 0
1646513705430 0.001 1
1646513723876 0.001 2
1646513742348 0.001 3
1646513760818 0.001 4
1646513777939 0.001 5
1646513796416 0.001 6
1646513814896 0.001 7
1646513833371 0.001 8
1646513850511 0.001 9
1646513867654 0.001 10
1646513884793 0.001 11
1646513901941 0.001 12
1646513919085 0.001 13
1646513936226 0.001 14
1646513953372 0.001 15
1646513970503 0.001 16
1646513988992 0.001 17
1646514006139 0.001 18
1646514023275 0.001 19
1646514040418 0.0005 20
1646514057557 0.0005 21
1646514076041 0.0005 22
1646514093185 0.0005 23
1646514110325 0.0005 24
1646514127468 0.0005 25
1646514144617 0.0005 26
1646514161760 0.0005 27
1646514178902 0.0005 28
1646514197374 0.0005 29
1646514214511 0.0005 30
1646514231650 0.0005 31
1646514248794 0.0005 32
1646514265933 0.0005 33
1646514284413 0.0005 34
1646514302890 0.0005 35
1646514320018 0.0005 36
1646514337158 0.0005 37
1646514354296 0.0005 38
1646514371430 0.0005 39
1646514388569 0.00025 40
1646514405709 0.00025 41
1646514422851 0.00025 42
1646514439991 0.00025 43
1646514457126 0.00025 44
1646514474269 0.00025 45
1646514491404 0.00025 46
1646514508538 0.00025 47
1646514525680 0.00025 48
1646514542822 0.00025 49
1646514559960 0.00025 50
1646514577104 0.00025 51
1646514594242 0.00025 52
1646514611382 0.00025 53
1646514628526 0.00025 54
1646514645660 0.00025 55
1646514662798 0.00025 56
1646514679939 0.00025 57
1646514697078 0.00025 58
1646514714213 0.00025 59
1646514731352 0.000125 60
1646514749827 0.000125 61
1646514766968 0.000125 62
1646514784103 0.000125 63
1646514801247 0.000125 64
1646514818391 0.000125 65
1646514835533 0.000125 66
1646514852675 0.000125 67
1646514869817 0.000125 68
1646514886959 0.000125 69
1646514904100 0.000125 70
1646514921242 0.000125 71
1646514938378 0.000125 72
1646514955519 0.000125 73
1646514972664 0.000125 74
1646514989806 0.000125 75
1646515006943 0.000125 76
1646515024090 0.000125 77
1646515041236 0.000125 78
1646515058382 0.000125 79
1646515075527 6.25e-05 80
1646515092674 6.25e-05 81
1646515109826 6.25e-05 82
1646515126971 6.25e-05 83
1646515144107 6.25e-05 84
1646515161251 6.25e-05 85
1646515178392 6.25e-05 86
1646515195532 6.25e-05 87
1646515212673 6.25e-05 88
1646515229813 6.25e-05 89
1646515246954 6.25e-05 90
1646515264093 6.25e-05 91
1646515281235 6.25e-05 92
1646515298378 6.25e-05 93
1646515315517 6.25e-05 94
1646515332660 6.25e-05 95
1646515349800 6.25e-05 96
1646515366940 6.25e-05 97
1646515384082 6.25e-05 98
1646515401228 6.25e-05 99
