1646513686744 4.540430503862876 0
1646513705432 1.5867245351826702 1
1646513723879 1.1421359269707292 2
1646513742351 0.9243577155801985 3
1646513760821 0.7938036068722054 4
1646513777942 0.6746938118228206 5
1646513796420 0.5860970230014236 6
1646513814898 0.5085070331891378 7
1646513833374 0.45600387785169816 8
1646513850514 0.4036807315769019 9
1646513867657 0.35710713515679043 10
1646513884797 0.3147974591012354 11
1646513901944 0.3224816658982524 12
1646513919088 0.2777718093108248 13
1646513936229 0.2651957466646477 14
1646513953375 0.23199111968278885 15
1646513970506 0.2230411939047001 16
1646513988995 0.2107679694890976 17
1646514006142 0.21652761570833348 18
1646514023278 0.18856687319499474 19
1646514040421 0.11452208266214088 20
1646514057560 0.07752786411179437 21
1646514076045 0.06343311978573049 22
1646514093188 0.06555491082232308 23
1646514110329 0.054537718598213464 24
1646514127472 0.051101105425644805 25
1646514144620 0.055823787615668995 26
1646514161763 0.051066181863899586 27
1646514178905 0.049833035803641436 28
1646514197377 0.04383941275860976 29
1646514214514 0.05060821600879232 30
1646514231654 0.04500696238958173 31
1646514248797 0.04142896218777255 32
1646514265936 0.04469848486284415 33
1646514284417 0.049040551055912616 34
1646514302894 0.05728640345235666 35
1646514320021 0.0601365294445444 36
1646514337162 0.05008066688767738 37
1646514354299 0.044231261368151066 38
1646514371434 0.044852431035704084 39
1646514388573 0.03379070506155215 40
1646514405713 0.021813575475890603 41
1646514422854 0.014736356821635531 42
1646514439994 0.015320132779716342 43
1646514457129 0.01444482119081335 44
1646514474271 0.013201296226018004 45
1646514491407 0.011460760259069502 46
1646514508541 0.009168424393498787 47
1646514525683 0.012130975046333063 48
1646514542825 0.01085889301288666 49
1646514559963 0.012090960987498638 50
1646514577108 0.013066813414398994 51
1646514594245 0.012738943863142695 52
1646514611385 0.013177252486693087 53
1646514628529 0.014653820747130172 54
1646514645663 0.013783261050573654 55
1646514662801 0.014485166278771229 56
1646514679942 0.01597832271794754 57
1646514697081 0.013531173126668565 58
1646514714216 0.01286515521954883 59
1646514731355 0.010998420249153342 60
1646514749830 0.008421985035831178 61
1646514766971 0.0076246705397756565 62
1646514784106 0.006646610619672747 63
1646514801250 0.004900926530050735 64
1646514818394 0.006971720529556343 65
1646514835536 0.005648675782140344 66
1646514852678 0.004879016497094805 67
1646514869820 0.007058217877918786 68
1646514886961 0.006117611558659485 69
1646514904102 0.006084720459680453 70
1646514921245 0.0082409398595768 71
1646514938381 0.006183387189931063 72
1646514955522 0.004273800857373755 73
1646514972667 0.0048809397676787165 74
1646514989809 0.003725726587516773 75
1646515006946 0.0037401489971671253 76
1646515024093 0.004372736999627065 77
1646515041239 0.004291006148344389 78
1646515058385 0.004141493684275904 79
1646515075530 0.004590582651198255 80
1646515092677 0.00354314341503023 81
1646515109829 0.0036590312859819583 82
1646515126974 0.0030723871874485027 83
1646515144110 0.002879659024377664 84
1646515161254 0.0034924468437330454 85
1646515178395 0.004776761646132433 86
1646515195536 0.0034946865160708075 87
1646515212677 0.003067109591534568 88
1646515229817 0.003110431990030015 89
1646515246957 0.003113276440503628 90
1646515264097 0.004701209630756812 91
1646515281238 0.0031576079674306566 92
1646515298381 0.0034770217252015653 93
1646515315521 0.003009851162291684 94
1646515332664 0.003028627170284313 95
1646515349803 0.0037002564295781433 96
1646515366943 0.0028652132518968924 97
1646515384086 0.003660232826304208 98
1646515401231 0.002767093060322589 99
