1646513687024 29.35474537037037 0
1646513705436 53.90625 1
1646513723884 64.23611111111111 2
1646513742356 70.93460648148148 3
1646513760825 74.609375 4
1646513777947 78.38541666666667 5
1646513796424 80.77256944444444 6
1646513814903 83.36226851851852 7
1646513833379 84.69328703703704 8
1646513850519 86.93576388888889 9
1646513867662 88.25231481481481 10
1646513884801 89.65567129629629 11
1646513901949 89.19270833333333 12
1646513919092 90.75520833333333 13
1646513936234 91.4207175925926 14
1646513953380 92.52025462962963 15
1646513970511 92.31770833333333 16
1646513989000 92.85300925925925 17
1646514006147 92.72280092592592 18
1646514023283 93.57638888888889 19
1646514040426 96.25289351851852 20
1646514057565 97.80092592592592 21
1646514076050 98.20601851851852 22
1646514093193 98.20601851851852 23
1646514110334 98.4230324074074 24
1646514127477 98.59664351851852 25
1646514144624 98.27835648148148 26
1646514161768 98.30729166666667 27
1646514178910 98.50983796296296 28
1646514197382 98.72685185185185 29
1646514214520 98.4375 30
1646514231659 98.56770833333333 31
1646514248802 98.8136574074074 32
1646514265941 98.72685185185185 33
1646514284422 98.50983796296296 34
1646514302899 98.11921296296296 35
1646514320026 98.19155092592592 36
1646514337167 98.48090277777777 37
1646514354303 98.69791666666667 38
1646514371438 98.65451388888889 39
1646514388577 99.00173611111111 40
1646514405718 99.37789351851852 41
1646514422859 99.66724537037037 42
1646514439998 99.63831018518519 43
1646514457132 99.66724537037037 44
1646514474275 99.65277777777777 45
1646514491411 99.79745370370371 46
1646514508545 99.84085648148148 47
1646514525688 99.71064814814815 48
1646514542828 99.68171296296296 49
1646514559969 99.72511574074075 50
1646514577112 99.72511574074075 51
1646514594249 99.65277777777777 52
1646514611390 99.66724537037037 53
1646514628534 99.66724537037037 54
1646514645667 99.5949074074074 55
1646514662805 99.66724537037037 56
1646514679946 99.53703703703704 57
1646514697086 99.63831018518519 58
1646514714220 99.78298611111111 59
1646514731358 99.72511574074075 60
1646514749835 99.79745370370371 61
1646514766976 99.81192129629629 62
1646514784111 99.85532407407408 63
1646514801254 99.94212962962963 64
1646514818399 99.85532407407408 65
1646514835541 99.84085648148148 66
1646514852682 99.92766203703704 67
1646514869824 99.85532407407408 68
1646514886966 99.84085648148148 69
1646514904107 99.84085648148148 70
1646514921250 99.79745370370371 71
1646514938386 99.88425925925925 72
1646514955527 99.92766203703704 73
1646514972671 99.91319444444444 74
1646514989813 99.97106481481481 75
1646515006951 99.92766203703704 76
1646515024098 99.89872685185185 77
1646515041244 99.94212962962963 78
1646515058389 99.92766203703704 79
1646515075534 99.86979166666667 80
1646515092681 99.92766203703704 81
1646515109835 99.91319444444444 82
1646515126978 99.94212962962963 83
1646515144116 99.97106481481481 84
1646515161260 99.92766203703704 85
1646515178400 99.92766203703704 86
1646515195541 99.89872685185185 87
1646515212682 99.92766203703704 88
1646515229822 99.91319444444444 89
1646515246962 99.95659722222223 90
1646515264102 99.91319444444444 91
1646515281243 99.97106481481481 92
1646515298386 99.91319444444444 93
1646515315526 99.97106481481481 94
1646515332669 99.94212962962963 95
1646515349808 99.92766203703704 96
1646515366949 99.97106481481481 97
1646515384091 99.95659722222223 98
1646515401236 99.94212962962963 99
