1646513683736 0 0
1646513700465 43.817934782608695 1
1646513717257 54.27989130434783 2
1646513734070 59.91847826086956 3
1646513750881 60.733695652173914 4
1646513768159 61.95652173913044 5
1646513783731 61.95652173913044 6
1646513800261 61.95652173913044 7
1646513817110 62.703804347826086 8
1646513833937 63.17934782608695 9
1646513849507 63.17934782608695 10
1646513865086 63.17934782608695 11
1646513880672 63.17934782608695 12
1646513896264 63.17934782608695 13
1646513911855 63.17934782608695 14
1646513927450 63.17934782608695 15
1646513943050 63.17934782608695 16
1646513958651 63.17934782608695 17
1646513974252 63.17934782608695 18
1646513989857 63.17934782608695 19
1646514005456 63.17934782608695 20
1646514021056 63.17934782608695 21
1646514036652 63.17934782608695 22
1646514052250 63.17934782608695 23
1646514067847 63.17934782608695 24
1646514083448 63.17934782608695 25
1646514099049 63.17934782608695 26
1646514114645 63.17934782608695 27
1646514130243 63.17934782608695 28
1646514145842 63.17934782608695 29
1646514161442 63.17934782608695 30
1646514177037 63.17934782608695 31
1646514192636 63.17934782608695 32
1646514208237 63.17934782608695 33
1646514223840 63.17934782608695 34
1646514239435 63.17934782608695 35
1646514255032 63.17934782608695 36
1646514270630 63.17934782608695 37
1646514286227 63.17934782608695 38
1646514301826 63.17934782608695 39
1646514317428 63.17934782608695 40
1646514333036 63.17934782608695 41
1646514348637 63.17934782608695 42
1646514364241 63.17934782608695 43
1646514379847 63.17934782608695 44
1646514395448 63.17934782608695 45
1646514411046 63.17934782608695 46
1646514426641 63.17934782608695 47
1646514442242 63.17934782608695 48
1646514457835 63.17934782608695 49
1646514473433 63.17934782608695 50
1646514489032 63.17934782608695 51
1646514504630 63.17934782608695 52
1646514520235 63.17934782608695 53
1646514535835 63.17934782608695 54
1646514551434 63.17934782608695 55
1646514567033 63.17934782608695 56
1646514582639 63.17934782608695 57
1646514598241 63.17934782608695 58
1646514613839 63.17934782608695 59
1646514629439 63.17934782608695 60
1646514645046 63.17934782608695 61
1646514660649 63.17934782608695 62
1646514676249 63.17934782608695 63
1646514691846 63.17934782608695 64
1646514707451 63.17934782608695 65
1646514723061 63.17934782608695 66
1646514738664 63.17934782608695 67
1646514754266 63.17934782608695 68
1646514769867 63.17934782608695 69
1646514785470 63.17934782608695 70
1646514801074 63.17934782608695 71
1646514816674 63.17934782608695 72
1646514832282 63.17934782608695 73
1646514847883 63.17934782608695 74
1646514863480 63.17934782608695 75
1646514879081 63.17934782608695 76
1646514894678 63.17934782608695 77
1646514910274 63.17934782608695 78
1646514925879 63.17934782608695 79
1646514941485 63.17934782608695 80
1646514957087 63.17934782608695 81
1646514972687 63.17934782608695 82
1646514988289 63.17934782608695 83
1646515003936 63.17934782608695 84
1646515019535 63.17934782608695 85
1646515035132 63.17934782608695 86
1646515050737 63.17934782608695 87
1646515066339 63.17934782608695 88
1646515081936 63.17934782608695 89
1646515097540 63.17934782608695 90
1646515113137 63.17934782608695 91
1646515128737 63.17934782608695 92
1646515144338 63.17934782608695 93
1646515159941 63.17934782608695 94
1646515175544 63.17934782608695 95
1646515191145 63.17934782608695 96
1646515206742 63.17934782608695 97
1646515222345 63.17934782608695 98
1646515237948 63.17934782608695 99
