1646513683724 0.001 0
1646513700453 0.001 1
1646513717246 0.001 2
1646513734055 0.001 3
1646513750870 0.001 4
1646513767691 0.001 5
1646513783718 0.001 6
1646513799301 0.001 7
1646513817098 0.001 8
1646513833928 0.001 9
1646513849496 0.001 10
1646513865076 0.001 11
1646513880660 0.001 12
1646513896252 0.001 13
1646513911844 0.001 14
1646513927439 0.001 15
1646513943037 0.001 16
1646513958637 0.001 17
1646513974240 0.001 18
1646513989845 0.001 19
1646514005444 0.0005 20
1646514021044 0.0005 21
1646514036641 0.0005 22
1646514052240 0.0005 23
1646514067837 0.0005 24
1646514083437 0.0005 25
1646514099037 0.0005 26
1646514114634 0.0005 27
1646514130234 0.0005 28
1646514145830 0.0005 29
1646514161430 0.0005 30
1646514177029 0.0005 31
1646514192625 0.0005 32
1646514208227 0.0005 33
1646514223830 0.0005 34
1646514239425 0.0005 35
1646514255022 0.0005 36
1646514270619 0.0005 37
1646514286217 0.0005 38
1646514301816 0.0005 39
1646514317417 0.00025 40
1646514333025 0.00025 41
1646514348627 0.00025 42
1646514364231 0.00025 43
1646514379838 0.00025 44
1646514395438 0.00025 45
1646514411037 0.00025 46
1646514426632 0.00025 47
1646514442232 0.00025 48
1646514457826 0.00025 49
1646514473422 0.00025 50
1646514489021 0.00025 51
1646514504619 0.00025 52
1646514520224 0.00025 53
1646514535824 0.00025 54
1646514551422 0.00025 55
1646514567021 0.00025 56
1646514582626 0.00025 57
1646514598230 0.00025 58
1646514613828 0.00025 59
1646514629428 0.000125 60
1646514645034 0.000125 61
1646514660636 0.000125 62
1646514676238 0.000125 63
1646514691835 0.000125 64
1646514707440 0.000125 65
1646514723049 0.000125 66
1646514738652 0.000125 67
1646514754255 0.000125 68
1646514769855 0.000125 69
1646514785457 0.000125 70
1646514801062 0.000125 71
1646514816662 0.000125 72
1646514832270 0.000125 73
1646514847871 0.000125 74
1646514863468 0.000125 75
1646514879069 0.000125 76
1646514894667 0.000125 77
1646514910261 0.000125 78
1646514925867 0.000125 79
1646514941474 6.25e-05 80
1646514957075 6.25e-05 81
1646514972675 6.25e-05 82
1646514988278 6.25e-05 83
1646515003875 6.25e-05 84
1646515019523 6.25e-05 85
1646515035120 6.25e-05 86
1646515050724 6.25e-05 87
1646515066325 6.25e-05 88
1646515081922 6.25e-05 89
1646515097526 6.25e-05 90
1646515113124 6.25e-05 91
1646515128724 6.25e-05 92
1646515144324 6.25e-05 93
1646515159928 6.25e-05 94
1646515175531 6.25e-05 95
1646515191132 6.25e-05 96
1646515206729 6.25e-05 97
1646515222330 6.25e-05 98
1646515237935 6.25e-05 99
