1646513683727 4.3631312140712035 0
1646513700456 1.4173663258552551 1
1646513717249 1.0571258664131165 2
1646513734058 0.8748454672318918 3
1646513750873 0.7521607610914443 4
1646513768042 0.6775903812161198 5
1646513783721 0.5861752419560043 6
1646513799704 0.5263275349581683 7
1646513817101 0.4572940617799759 8
1646513833930 0.41360776209168965 9
1646513849499 0.38969336229342 10
1646513865079 0.35691546952282943 11
1646513880663 0.30919734360995116 12
1646513896255 0.2921036492895197 13
1646513911847 0.2846349599184813 14
1646513927442 0.2718471120353098 15
1646513943040 0.246885662553487 16
1646513958641 0.23156846342263399 17
1646513974244 0.21278089726412738 18
1646513989848 0.21927140211617505 19
1646514005447 0.13337844775782692 20
1646514021048 0.10252159061255278 21
1646514036644 0.08375881698534444 22
1646514052243 0.08324798555285842 23
1646514067840 0.06904366333037615 24
1646514083440 0.07125769200286379 25
1646514099040 0.06897974576525114 26
1646514114637 0.06517046465779897 27
1646514130236 0.06132526040353157 28
1646514145833 0.05813288912866955 29
1646514161433 0.06258037789828247 30
1646514177031 0.055854692675725175 31
1646514192628 0.05199876372460966 32
1646514208229 0.05111552140227071 33
1646514223832 0.052478052779204316 34
1646514239428 0.056239717829696556 35
1646514255024 0.050744294844291826 36
1646514270622 0.058602762063620265 37
1646514286220 0.07051536433950618 38
1646514301819 0.05273663483698059 39
1646514317419 0.03614409497283675 40
1646514333028 0.027626165749367187 41
1646514348629 0.022337838369249192 42
1646514364234 0.02060004637611133 43
1646514379841 0.018456993538334413 44
1646514395440 0.018110477594072343 45
1646514411039 0.015190426363713212 46
1646514426635 0.014658263746511054 47
1646514442235 0.019347671893666738 48
1646514457828 0.019047748357816426 49
1646514473425 0.016961293764998792 50
1646514489024 0.018091879133997416 51
1646514504621 0.01837296060424436 52
1646514520227 0.01581232935293681 53
1646514535827 0.01744423217260865 54
1646514551425 0.018575907167461183 55
1646514567024 0.016892899621140073 56
1646514582629 0.018840677139383775 57
1646514598233 0.0179283837787807 58
1646514613831 0.015623695212761286 59
1646514629431 0.013282488859086125 60
1646514645037 0.008801154095972716 61
1646514660639 0.009392449086859685 62
1646514676241 0.00731086487562775 63
1646514691838 0.007099021053700535 64
1646514707443 0.007053007105477499 65
1646514723053 0.006487881719496929 66
1646514738655 0.007151780736253217 67
1646514754257 0.007028881797817087 68
1646514769858 0.006012275092803908 69
1646514785460 0.00703228397307814 70
1646514801065 0.007247357377006362 71
1646514816665 0.008057404732055686 72
1646514832273 0.008427555062721862 73
1646514847874 0.007263610038164727 74
1646514863471 0.004611169788943327 75
1646514879072 0.00760744393941153 76
1646514894670 0.008440173013325504 77
1646514910264 0.008504444060640203 78
1646514925870 0.00823043282273122 79
1646514941477 0.004132577231050366 80
1646514957078 0.00515649306988861 81
1646514972678 0.004151976847357151 82
1646514988281 0.004727201762660924 83
1646515003925 0.004603264800540206 84
1646515019526 0.004088142026577973 85
1646515035124 0.005205923244055292 86
1646515050728 0.0056153614714276046 87
1646515066328 0.006464296669475044 88
1646515081926 0.0032916117472470635 89
1646515097529 0.003399249037977791 90
1646515113127 0.004372458826293479 91
1646515128727 0.005619466409337259 92
1646515144328 0.004534856234116618 93
1646515159931 0.003334464623885988 94
1646515175534 0.00336696033547115 95
1646515191135 0.0028711752114489813 96
1646515206732 0.004175369649871114 97
1646515222334 0.002784232587415587 98
1646515237938 0.00505242124846619 99
