1646513683732 32.595486111111114 0
1646513700461 57.11805555555556 1
1646513717253 67.25983796296296 2
1646513734065 72.87326388888889 3
1646513750878 76.49016203703704 4
1646513768155 78.28414351851852 5
1646513783726 80.67129629629629 6
1646513800256 82.8125 7
1646513817106 85.21412037037037 8
1646513833934 86.42939814814815 9
1646513849504 87.4855324074074 10
1646513865083 87.81828703703704 11
1646513880668 89.55439814814815 12
1646513896260 90.35011574074075 13
1646513911851 90.17650462962963 14
1646513927446 90.92881944444444 15
1646513943045 92.1875 16
1646513958646 92.53472222222223 17
1646513974248 92.92534722222223 18
1646513989852 92.91087962962963 19
1646514005452 95.65972222222223 20
1646514021052 96.73032407407408 21
1646514036648 97.35243055555556 22
1646514052246 97.74305555555556 23
1646514067843 97.94560185185185 24
1646514083444 97.85879629629629 25
1646514099045 97.93113425925925 26
1646514114641 98.14814814814815 27
1646514130239 98.14814814814815 28
1646514145838 98.36516203703704 29
1646514161438 98.0613425925926 30
1646514177035 98.4375 31
1646514192632 98.40856481481481 32
1646514208233 98.30729166666667 33
1646514223836 98.52430555555556 34
1646514239431 98.20601851851852 35
1646514255028 98.49537037037037 36
1646514270626 98.09027777777777 37
1646514286223 97.74305555555556 38
1646514301823 98.4375 39
1646514317423 98.97280092592592 40
1646514333032 99.34895833333333 41
1646514348633 99.40682870370371 42
1646514364237 99.45023148148148 43
1646514379844 99.56597222222223 44
1646514395444 99.56597222222223 45
1646514411043 99.6238425925926 46
1646514426638 99.6238425925926 47
1646514442239 99.49363425925925 48
1646514457832 99.46469907407408 49
1646514473428 99.58043981481481 50
1646514489028 99.53703703703704 51
1646514504625 99.45023148148148 52
1646514520231 99.63831018518519 53
1646514535831 99.46469907407408 54
1646514551429 99.50810185185185 55
1646514567029 99.5949074074074 56
1646514582634 99.43576388888889 57
1646514598237 99.55150462962963 58
1646514613835 99.58043981481481 59
1646514629435 99.75405092592592 60
1646514645042 99.84085648148148 61
1646514660644 99.81192129629629 62
1646514676245 99.85532407407408 63
1646514691842 99.91319444444444 64
1646514707447 99.78298611111111 65
1646514723057 99.85532407407408 66
1646514738660 99.86979166666667 67
1646514754261 99.85532407407408 68
1646514769863 99.91319444444444 69
1646514785466 99.88425925925925 70
1646514801070 99.85532407407408 71
1646514816669 99.73958333333333 72
1646514832278 99.81192129629629 73
1646514847879 99.81192129629629 74
1646514863475 99.94212962962963 75
1646514879076 99.82638888888889 76
1646514894674 99.79745370370371 77
1646514910269 99.79745370370371 78
1646514925874 99.85532407407408 79
1646514941481 99.95659722222223 80
1646514957083 99.85532407407408 81
1646514972683 99.91319444444444 82
1646514988285 99.89872685185185 83
1646515003931 99.91319444444444 84
1646515019531 99.91319444444444 85
1646515035128 99.89872685185185 86
1646515050733 99.85532407407408 87
1646515066333 99.81192129629629 88
1646515081931 99.94212962962963 89
1646515097534 99.97106481481481 90
1646515113132 99.91319444444444 91
1646515128732 99.85532407407408 92
1646515144333 99.91319444444444 93
1646515159937 99.95659722222223 94
1646515175539 99.94212962962963 95
1646515191140 99.97106481481481 96
1646515206737 99.94212962962963 97
1646515222340 99.97106481481481 98
1646515237943 99.88425925925925 99
