1646513688335 0 0
1646513708750 32.71059782608695 1
1646513729307 45.92391304347826 2
1646513749876 53.192934782608695 3
1646513769600 56.79347826086956 4
1646513789359 59.442934782608695 5
1646513807750 59.442934782608695 6
1646513826150 59.442934782608695 7
1646513844551 59.442934782608695 8
1646513862947 59.442934782608695 9
1646513882724 60.869565217391305 10
1646513901128 60.869565217391305 11
1646513919548 60.869565217391305 12
1646513937972 60.869565217391305 13
1646513956397 60.869565217391305 14
1646513974818 60.869565217391305 15
1646513993243 60.869565217391305 16
1646514011669 60.869565217391305 17
1646514030086 60.869565217391305 18
1646514048502 60.869565217391305 19
1646514066922 60.869565217391305 20
1646514085342 60.869565217391305 21
1646514103760 60.869565217391305 22
1646514123531 60.97146739130435 23
1646514143309 61.141304347826086 24
1646514161701 61.141304347826086 25
1646514180264 61.141304347826086 26
1646514198663 61.141304347826086 27
1646514217057 61.141304347826086 28
1646514235452 61.141304347826086 29
1646514253845 61.141304347826086 30
1646514272240 61.141304347826086 31
1646514290633 61.141304347826086 32
1646514309015 61.141304347826086 33
1646514327408 61.141304347826086 34
1646514345800 61.141304347826086 35
1646514364193 61.141304347826086 36
1646514382582 61.141304347826086 37
1646514400979 61.141304347826086 38
1646514419375 61.141304347826086 39
1646514437772 61.141304347826086 40
1646514457550 62.09239130434783 41
1646514475942 62.09239130434783 42
1646514494332 62.09239130434783 43
1646514512729 62.09239130434783 44
1646514531123 62.09239130434783 45
1646514549523 62.09239130434783 46
1646514567934 62.09239130434783 47
1646514586340 62.09239130434783 48
1646514604741 62.09239130434783 49
1646514623144 62.09239130434783 50
1646514641547 62.09239130434783 51
1646514659943 62.09239130434783 52
1646514678342 62.09239130434783 53
1646514696740 62.09239130434783 54
1646514715143 62.09239130434783 55
1646514733544 62.09239130434783 56
1646514751942 62.09239130434783 57
1646514770345 62.09239130434783 58
1646514788740 62.09239130434783 59
1646514807139 62.09239130434783 60
1646514826907 62.12635869565217 61
1646514845303 62.12635869565217 62
1646514863696 62.12635869565217 63
1646514882098 62.12635869565217 64
1646514900511 62.12635869565217 65
1646514918928 62.12635869565217 66
1646514937346 62.12635869565217 67
1646514955769 62.12635869565217 68
1646514974186 62.12635869565217 69
1646514992606 62.12635869565217 70
1646515011027 62.12635869565217 71
1646515029443 62.12635869565217 72
1646515047857 62.12635869565217 73
1646515066272 62.12635869565217 74
1646515084688 62.12635869565217 75
1646515103109 62.12635869565217 76
1646515121532 62.12635869565217 77
1646515139959 62.12635869565217 78
1646515158386 62.12635869565217 79
1646515176808 62.12635869565217 80
1646515195257 62.12635869565217 81
1646515213680 62.12635869565217 82
1646515232101 62.12635869565217 83
1646515250522 62.12635869565217 84
1646515268941 62.12635869565217 85
1646515287364 62.12635869565217 86
1646515305789 62.12635869565217 87
1646515324207 62.12635869565217 88
1646515342630 62.12635869565217 89
1646515361049 62.12635869565217 90
1646515379466 62.12635869565217 91
1646515397891 62.12635869565217 92
1646515416329 62.12635869565217 93
1646515434764 62.12635869565217 94
1646515453203 62.12635869565217 95
1646515471631 62.12635869565217 96
1646515490051 62.12635869565217 97
1646515508474 62.12635869565217 98
1646515526891 62.12635869565217 99
