1646513687427 0.001 0
1646513708740 0.001 1
1646513729297 0.001 2
1646513749864 0.001 3
1646513769587 0.001 4
1646513789345 0.001 5
1646513807737 0.001 6
1646513826138 0.001 7
1646513844538 0.001 8
1646513862935 0.001 9
1646513882713 0.001 10
1646513901117 0.001 11
1646513919533 0.001 12
1646513937959 0.001 13
1646513956384 0.001 14
1646513974805 0.001 15
1646513993231 0.001 16
1646514011656 0.001 17
1646514030073 0.001 18
1646514048489 0.001 19
1646514066909 0.0005 20
1646514085329 0.0005 21
1646514103747 0.0005 22
1646514123519 0.0005 23
1646514143295 0.0005 24
1646514161689 0.0005 25
1646514180086 0.0005 26
1646514198648 0.0005 27
1646514217045 0.0005 28
1646514235439 0.0005 29
1646514253832 0.0005 30
1646514272227 0.0005 31
1646514290621 0.0005 32
1646514309003 0.0005 33
1646514327393 0.0005 34
1646514345789 0.0005 35
1646514364181 0.0005 36
1646514382569 0.0005 37
1646514400966 0.0005 38
1646514419362 0.0005 39
1646514437760 0.00025 40
1646514457538 0.00025 41
1646514475932 0.00025 42
1646514494322 0.00025 43
1646514512718 0.00025 44
1646514531111 0.00025 45
1646514549512 0.00025 46
1646514567921 0.00025 47
1646514586328 0.00025 48
1646514604730 0.00025 49
1646514623132 0.00025 50
1646514641535 0.00025 51
1646514659932 0.00025 52
1646514678330 0.00025 53
1646514696728 0.00025 54
1646514715132 0.00025 55
1646514733533 0.00025 56
1646514751930 0.00025 57
1646514770331 0.00025 58
1646514788728 0.00025 59
1646514807126 0.000125 60
1646514826896 0.000125 61
1646514845290 0.000125 62
1646514863684 0.000125 63
1646514882087 0.000125 64
1646514900499 0.000125 65
1646514918917 0.000125 66
1646514937332 0.000125 67
1646514955757 0.000125 68
1646514974175 0.000125 69
1646514992594 0.000125 70
1646515011015 0.000125 71
1646515029432 0.000125 72
1646515047845 0.000125 73
1646515066259 0.000125 74
1646515084677 0.000125 75
1646515103097 0.000125 76
1646515121521 0.000125 77
1646515139946 0.000125 78
1646515158373 0.000125 79
1646515176795 6.25e-05 80
1646515195244 6.25e-05 81
1646515213666 6.25e-05 82
1646515232089 6.25e-05 83
1646515250509 6.25e-05 84
1646515268927 6.25e-05 85
1646515287350 6.25e-05 86
1646515305774 6.25e-05 87
1646515324193 6.25e-05 88
1646515342616 6.25e-05 89
1646515361035 6.25e-05 90
1646515379452 6.25e-05 91
1646515397878 6.25e-05 92
1646515416316 6.25e-05 93
1646515434750 6.25e-05 94
1646515453189 6.25e-05 95
1646515471618 6.25e-05 96
1646515490039 6.25e-05 97
1646515508460 6.25e-05 98
1646515526878 6.25e-05 99
