1646513687882 4.9716546932856245 0
1646513708743 1.7580987479951646 1
1646513729300 1.3035785853862762 2
1646513749867 1.0437483820650313 3
1646513769590 0.8711842232280307 4
1646513789349 0.7341047757201724 5
1646513807741 0.6447477887074152 6
1646513826141 0.5540743166649783 7
1646513844541 0.5065773626168569 8
1646513862938 0.4541324018328278 9
1646513882716 0.39278980013397 10
1646513901120 0.34624192891297517 11
1646513919537 0.34270280571999373 12
1646513937962 0.31087136378994695 13
1646513956388 0.2717010729290821 14
1646513974808 0.24833457351282792 15
1646513993234 0.23627179336768608 16
1646514011659 0.24098278996017244 17
1646514030076 0.24007270857691765 18
1646514048493 0.23455454588488298 19
1646514066912 0.1388486534770992 20
1646514085332 0.09161202733715375 21
1646514103750 0.0803694638458115 22
1646514123523 0.06312416845725642 23
1646514143299 0.05393600629435645 24
1646514161692 0.056209366768598557 25
1646514180252 0.058121121385031276 26
1646514198651 0.05373566777065948 27
1646514217048 0.047065444463105115 28
1646514235442 0.05437656750695573 29
1646514253835 0.05104928553380348 30
1646514272230 0.04750580354421227 31
1646514290625 0.051670442783722174 32
1646514309006 0.05700499305708541 33
1646514327397 0.05333354489670859 34
1646514345792 0.052912956621083945 35
1646514364184 0.04963976003367592 36
1646514382572 0.05316693608269647 37
1646514400969 0.06661783289854173 38
1646514419365 0.055995892422894634 39
1646514437762 0.03748795086586917 40
1646514457541 0.021823340500877413 41
1646514475935 0.02227074657221911 42
1646514494325 0.01594391009873814 43
1646514512721 0.015970846732940386 44
1646514531114 0.01741004108313333 45
1646514549515 0.0162008206092718 46
1646514567924 0.01622186708091586 47
1646514586331 0.01437266406396197 48
1646514604733 0.014770196423072505 49
1646514623135 0.0182954120768786 50
1646514641538 0.018891389352372952 51
1646514659935 0.016480003125724143 52
1646514678332 0.015241531413738374 53
1646514696731 0.016569373077126564 54
1646514715135 0.018118715823490034 55
1646514733536 0.015139146513926486 56
1646514751933 0.011878795003414981 57
1646514770334 0.018031710857973882 58
1646514788731 0.02225437249419176 59
1646514807130 0.013308340649086016 60
1646514826898 0.008271408071137827 61
1646514845293 0.006335287378600764 62
1646514863687 0.00998444142492695 63
1646514882090 0.006899856270239171 64
1646514900502 0.007419521127034117 65
1646514918920 0.011835195919654021 66
1646514937335 0.007325867725605214 67
1646514955760 0.006787452299182338 68
1646514974178 0.00684412666251538 69
1646514992597 0.00674912755386214 70
1646515011018 0.006421047768391737 71
1646515029435 0.007770465489658009 72
1646515047848 0.0054337316649724484 73
1646515066262 0.0068675203796441636 74
1646515084680 0.0055862137480828635 75
1646515103101 0.006702927548084753 76
1646515121524 0.005452543200657668 77
1646515139949 0.006024507143862407 78
1646515158376 0.006234092370572465 79
1646515176798 0.004225961478099365 80
1646515195247 0.00460391802846937 81
1646515213669 0.0055130530855859875 82
1646515232092 0.004859601309160805 83
1646515250512 0.004271227583996262 84
1646515268930 0.003092845037355329 85
1646515287354 0.0026662023597897066 86
1646515305778 0.0029181799359826576 87
1646515324196 0.0022059296461520717 88
1646515342619 0.003082798857509193 89
1646515361038 0.003327702230308205 90
1646515379456 0.004072636442422798 91
1646515397882 0.003653527558694973 92
1646515416319 0.002872320912838741 93
1646515434754 0.002187529849362801 94
1646515453193 0.0031957026782307636 95
1646515471621 0.0030878556782328007 96
1646515490042 0.003645208802212168 97
1646515508463 0.002178503503846177 98
1646515526882 0.0028318706921439756 99
