1646513688330 28.06712962962963 0
1646513708747 49.13194444444444 1
1646513729303 60.59027777777778 2
1646513749872 67.63599537037037 3
1646513769596 72.78645833333333 4
1646513789354 76.47569444444444 5
1646513807745 79.26793981481481 6
1646513826145 82.03125 7
1646513844546 84.25925925925925 8
1646513862943 85.27199074074075 9
1646513882720 87.34085648148148 10
1646513901124 88.83101851851852 11
1646513919543 88.45486111111111 12
1646513937968 89.74247685185185 13
1646513956392 91.07349537037037 14
1646513974813 92.05729166666667 15
1646513993239 92.01388888888889 16
1646514011664 91.98495370370371 17
1646514030081 92.34664351851852 18
1646514048497 92.37557870370371 19
1646514066917 95.52951388888889 20
1646514085337 97.22222222222223 21
1646514103755 97.6707175925926 22
1646514123527 98.36516203703704 23
1646514143304 98.56770833333333 24
1646514161696 98.36516203703704 25
1646514180258 98.26388888888889 26
1646514198657 98.56770833333333 27
1646514217053 98.72685185185185 28
1646514235447 98.37962962962963 29
1646514253841 98.40856481481481 30
1646514272235 98.64004629629629 31
1646514290629 98.4230324074074 32
1646514309011 98.33622685185185 33
1646514327402 98.33622685185185 34
1646514345796 98.27835648148148 35
1646514364188 98.56770833333333 36
1646514382577 98.11921296296296 37
1646514400975 97.88773148148148 38
1646514419370 98.19155092592592 39
1646514437767 98.87152777777777 40
1646514457546 99.39236111111111 41
1646514475939 99.43576388888889 42
1646514494329 99.66724537037037 43
1646514512725 99.52256944444444 44
1646514531119 99.47916666666667 45
1646514549519 99.55150462962963 46
1646514567929 99.58043981481481 47
1646514586336 99.609375 48
1646514604737 99.58043981481481 49
1646514623140 99.49363425925925 50
1646514641543 99.49363425925925 51
1646514659940 99.55150462962963 52
1646514678337 99.6238425925926 53
1646514696735 99.609375 54
1646514715139 99.45023148148148 55
1646514733540 99.65277777777777 56
1646514751938 99.75405092592592 57
1646514770340 99.43576388888889 58
1646514788735 99.34895833333333 59
1646514807135 99.69618055555556 60
1646514826903 99.78298611111111 61
1646514845298 99.85532407407408 62
1646514863691 99.73958333333333 63
1646514882095 99.89872685185185 64
1646514900507 99.75405092592592 65
1646514918924 99.65277777777777 66
1646514937342 99.85532407407408 67
1646514955765 99.82638888888889 68
1646514974182 99.85532407407408 69
1646514992601 99.89872685185185 70
1646515011022 99.82638888888889 71
1646515029439 99.85532407407408 72
1646515047853 99.88425925925925 73
1646515066267 99.82638888888889 74
1646515084684 99.88425925925925 75
1646515103105 99.85532407407408 76
1646515121528 99.85532407407408 77
1646515139955 99.84085648148148 78
1646515158381 99.84085648148148 79
1646515176803 99.89872685185185 80
1646515195252 99.89872685185185 81
1646515213675 99.85532407407408 82
1646515232097 99.86979166666667 83
1646515250517 99.94212962962963 84
1646515268936 99.95659722222223 85
1646515287359 99.95659722222223 86
1646515305783 99.97106481481481 87
1646515324201 100.0 88
1646515342625 99.97106481481481 89
1646515361043 99.97106481481481 90
1646515379461 99.89872685185185 91
1646515397887 99.92766203703704 92
1646515416324 99.97106481481481 93
1646515434759 99.9855324074074 94
1646515453198 99.91319444444444 95
1646515471626 99.97106481481481 96
1646515490047 99.85532407407408 97
1646515508468 100.0 98
1646515526887 99.95659722222223 99
