1646660005105 0 0
1646660011085 28.571428571428573 1
1646660017136 32.254464285714285 2
1646660023172 44.53125 3
1646660029215 50.0 4
1646660033880 50.0 5
1646660039929 52.79017857142857 6
1646660044602 52.79017857142857 7
1646660050712 58.25892857142857 8
1646660055390 58.25892857142857 9
1646660061459 65.40178571428571 10
1646660067532 68.08035714285714 11
1646660072221 68.08035714285714 12
1646660078290 68.52678571428571 13
1646660084362 69.75446428571429 14
1646660090440 72.99107142857143 15
1646660095133 72.99107142857143 16
1646660101209 73.21428571428571 17
1646660105903 73.21428571428571 18
1646660110601 73.21428571428571 19
1646660116678 74.66517857142857 20
1646660122762 80.58035714285714 21
1646660128846 81.13839285714286 22
1646660133548 81.13839285714286 23
1646660138251 81.13839285714286 24
1646660144336 82.25446428571429 25
1646660149037 82.25446428571429 26
1646660153742 82.25446428571429 27
1646660158449 82.25446428571429 28
1646660164542 84.26339285714286 29
1646660169252 84.26339285714286 30
1646660173960 84.26339285714286 31
1646660178673 84.26339285714286 32
1646660183383 84.26339285714286 33
1646660188095 84.26339285714286 34
1646660192806 84.26339285714286 35
1646660197520 84.26339285714286 36
1646660202225 84.26339285714286 37
1646660206939 84.26339285714286 38
1646660211653 84.26339285714286 39
1646660216365 84.26339285714286 40
1646660222456 85.04464285714286 41
1646660228544 86.04910714285714 42
1646660233252 86.04910714285714 43
1646660239336 87.27678571428571 44
1646660244043 87.27678571428571 45
1646660248751 87.27678571428571 46
1646660253459 87.27678571428571 47
1646660258165 87.27678571428571 48
1646660262874 87.27678571428571 49
1646660267578 87.27678571428571 50
1646660272286 87.27678571428571 51
1646660276994 87.27678571428571 52
1646660281704 87.27678571428571 53
1646660286413 87.27678571428571 54
1646660291122 87.27678571428571 55
1646660295827 87.27678571428571 56
1646660300537 87.27678571428571 57
1646660305245 87.27678571428571 58
1646660309950 87.27678571428571 59
1646660314658 87.27678571428571 60
1646660319364 87.27678571428571 61
1646660326123 87.5 62
1646660330828 87.5 63
1646660335530 87.5 64
1646660340233 87.5 65
1646660344936 87.5 66
1646660349641 87.5 67
1646660354346 87.5 68
1646660359053 87.5 69
1646660363758 87.5 70
1646660369844 87.72321428571429 71
1646660374550 87.72321428571429 72
1646660379253 87.72321428571429 73
1646660383955 87.72321428571429 74
1646660388659 87.72321428571429 75
1646660393366 87.72321428571429 76
1646660398071 87.72321428571429 77
1646660402775 87.72321428571429 78
1646660407479 87.72321428571429 79
1646660412186 87.72321428571429 80
1646660416892 87.72321428571429 81
1646660421596 87.72321428571429 82
1646660426304 87.72321428571429 83
1646660431007 87.72321428571429 84
1646660435711 87.72321428571429 85
1646660440415 87.72321428571429 86
1646660445124 87.72321428571429 87
1646660449830 87.72321428571429 88
1646660454539 87.72321428571429 89
1646660459247 87.72321428571429 90
1646660463955 87.72321428571429 91
1646660468667 87.72321428571429 92
1646660473375 87.72321428571429 93
1646660478086 87.72321428571429 94
1646660482794 87.72321428571429 95
1646660487500 87.72321428571429 96
1646660492212 87.72321428571429 97
1646660496920 87.72321428571429 98
1646660501628 87.72321428571429 99
