1646660005093 0.001 0
1646660011074 0.001 1
1646660017124 0.001 2
1646660023160 0.001 3
1646660029203 0.001 4
1646660033867 0.001 5
1646660039918 0.001 6
1646660044588 0.001 7
1646660050700 0.001 8
1646660055380 0.001 9
1646660061446 0.001 10
1646660067519 0.001 11
1646660072209 0.001 12
1646660078280 0.001 13
1646660084350 0.001 14
1646660090426 0.001 15
1646660095123 0.001 16
1646660101199 0.001 17
1646660105893 0.001 18
1646660110593 0.001 19
1646660116666 0.0005 20
1646660122749 0.0005 21
1646660128834 0.0005 22
1646660133535 0.0005 23
1646660138237 0.0005 24
1646660144323 0.0005 25
1646660149026 0.0005 26
1646660153730 0.0005 27
1646660158438 0.0005 28
1646660164529 0.0005 29
1646660169239 0.0005 30
1646660173947 0.0005 31
1646660178660 0.0005 32
1646660183371 0.0005 33
1646660188080 0.0005 34
1646660192793 0.0005 35
1646660197506 0.0005 36
1646660202216 0.0005 37
1646660206925 0.0005 38
1646660211640 0.0005 39
1646660216350 0.00025 40
1646660222443 0.00025 41
1646660228533 0.00025 42
1646660233241 0.00025 43
1646660239324 0.00025 44
1646660244030 0.00025 45
1646660248738 0.00025 46
1646660253446 0.00025 47
1646660258154 0.00025 48
1646660262862 0.00025 49
1646660267566 0.00025 50
1646660272274 0.00025 51
1646660276981 0.00025 52
1646660281691 0.00025 53
1646660286400 0.00025 54
1646660291109 0.00025 55
1646660295816 0.00025 56
1646660300525 0.00025 57
1646660305233 0.00025 58
1646660309938 0.00025 59
1646660314646 0.000125 60
1646660319352 0.000125 61
1646660325442 0.000125 62
1646660330815 0.000125 63
1646660335520 0.000125 64
1646660340219 0.000125 65
1646660344924 0.000125 66
1646660349628 0.000125 67
1646660354334 0.000125 68
1646660359041 0.000125 69
1646660363747 0.000125 70
1646660369832 0.000125 71
1646660374538 0.000125 72
1646660379241 0.000125 73
1646660383943 0.000125 74
1646660388646 0.000125 75
1646660393353 0.000125 76
1646660398058 0.000125 77
1646660402763 0.000125 78
1646660407467 0.000125 79
1646660412173 6.25e-05 80
1646660416879 6.25e-05 81
1646660421584 6.25e-05 82
1646660426292 6.25e-05 83
1646660430995 6.25e-05 84
1646660435699 6.25e-05 85
1646660440402 6.25e-05 86
1646660445111 6.25e-05 87
1646660449816 6.25e-05 88
1646660454524 6.25e-05 89
1646660459233 6.25e-05 90
1646660463941 6.25e-05 91
1646660468653 6.25e-05 92
1646660473361 6.25e-05 93
1646660478072 6.25e-05 94
1646660482780 6.25e-05 95
1646660487487 6.25e-05 96
1646660492198 6.25e-05 97
1646660496907 6.25e-05 98
1646660501615 6.25e-05 99
