1646660005100 26.06169871794872 0
1646660011081 35.55689102564103 1
1646660017132 40.68509615384615 2
1646660023168 46.9150641025641 3
1646660029211 51.5224358974359 4
1646660033876 57.8125 5
1646660039925 60.39663461538461 6
1646660044598 62.86057692307692 7
1646660050708 65.68509615384616 8
1646660055387 68.30929487179488 9
1646660061455 70.33253205128206 10
1646660067528 72.03525641025641 11
1646660072217 73.45753205128206 12
1646660078287 76.76282051282051 13
1646660084357 75.94150641025641 14
1646660090436 78.02483974358974 15
1646660095129 79.7275641025641 16
1646660101205 80.48878205128206 17
1646660105900 80.26842948717949 18
1646660110598 82.31169871794872 19
1646660116673 85.59695512820512 20
1646660122758 87.56009615384616 21
1646660128841 88.9423076923077 22
1646660133543 88.80208333333333 23
1646660138247 89.30288461538461 24
1646660144331 89.44310897435898 25
1646660149033 89.52323717948718 26
1646660153738 90.20432692307692 27
1646660158445 90.04407051282051 28
1646660164538 90.84535256410257 29
1646660169247 90.76522435897436 30
1646660173955 91.26602564102564 31
1646660178668 91.82692307692308 32
1646660183378 91.58653846153847 33
1646660188089 92.36778846153847 34
1646660192801 93.20913461538461 35
1646660197515 92.94871794871794 36
1646660202221 93.85016025641026 37
1646660206934 92.9286858974359 38
1646660211648 94.13060897435898 39
1646660216359 95.77323717948718 40
1646660222451 96.8349358974359 41
1646660228540 97.65625 42
1646660233248 97.67628205128206 43
1646660239332 97.75641025641026 44
1646660244039 97.85657051282051 45
1646660248746 98.05689102564102 46
1646660253455 98.05689102564102 47
1646660258161 98.19711538461539 48
1646660262869 97.7363782051282 49
1646660267574 97.55608974358974 50
1646660272282 98.25721153846153 51
1646660276990 98.57772435897436 52
1646660281699 98.27724358974359 53
1646660286408 97.99679487179488 54
1646660291117 98.01682692307692 55
1646660295823 98.49759615384616 56
1646660300533 98.45753205128206 57
1646660305241 98.3173076923077 58
1646660309946 98.23717948717949 59
1646660314653 99.01842948717949 60
1646660319360 99.31891025641026 61
1646660326118 99.27884615384616 62
1646660330823 99.27884615384616 63
1646660335526 99.55929487179488 64
1646660340229 99.45913461538461 65
1646660344932 99.51923076923077 66
1646660349637 99.45913461538461 67
1646660354342 99.57932692307692 68
1646660359048 99.61939102564102 69
1646660363754 99.43910256410257 70
1646660369839 99.3389423076923 71
1646660374546 99.37900641025641 72
1646660379249 99.67948717948718 73
1646660383950 99.53926282051282 74
1646660388654 99.3389423076923 75
1646660393361 99.39903846153847 76
1646660398066 99.55929487179488 77
1646660402771 99.59935897435898 78
1646660407475 99.53926282051282 79
1646660412181 99.69951923076923 80
1646660416888 99.75961538461539 81
1646660421592 99.65945512820512 82
1646660426300 99.77964743589743 83
1646660431002 99.89983974358974 84
1646660435707 99.77964743589743 85
1646660440410 99.8798076923077 86
1646660445119 99.69951923076923 87
1646660449825 99.69951923076923 88
1646660454533 99.67948717948718 89
1646660459242 99.71955128205128 90
1646660463949 99.69951923076923 91
1646660468662 99.73958333333333 92
1646660473371 99.75961538461539 93
1646660478080 99.8798076923077 94
1646660482789 99.89983974358974 95
1646660487496 99.8798076923077 96
1646660492207 99.9198717948718 97
1646660496915 99.8798076923077 98
1646660501623 99.75961538461539 99
