1646660005096 2.0919161148560352 0
1646660011077 1.819958854944278 1
1646660017127 1.7009797157385411 2
1646660023163 1.561072358718285 3
1646660029206 1.4198893094674134 4
1646660033871 1.2523476832952254 5
1646660039921 1.1793421659714136 6
1646660044592 1.0899251011701732 7
1646660050703 1.0056266372020428 8
1646660055383 0.9345186520845462 9
1646660061449 0.8656080365180969 10
1646660067522 0.8257549298115265 11
1646660072212 0.7841598085868053 12
1646660078283 0.682128003010383 13
1646660084353 0.6927101230010008 14
1646660090430 0.6490246569498991 15
1646660095125 0.5909190414807736 16
1646660101202 0.559231623625144 17
1646660105896 0.5559960435598325 18
1646660110595 0.5210568102506491 19
1646660116668 0.42598019731350434 20
1646660122752 0.3636796948237297 21
1646660128837 0.3296636037337474 22
1646660133538 0.32516148418952256 23
1646660138241 0.314217162437928 24
1646660144326 0.3049475099795904 25
1646660149028 0.3054924332178556 26
1646660153732 0.28548912627574724 27
1646660158441 0.2814132341971764 28
1646660164532 0.25758592249491274 29
1646660169243 0.26544561026952207 30
1646660173951 0.2472570137335704 31
1646660178663 0.22402683206093618 32
1646660183374 0.24199946224689484 33
1646660188084 0.20894721131294203 34
1646660192796 0.1822458817026554 35
1646660197509 0.20633216221363115 36
1646660202218 0.1819267783027429 37
1646660206928 0.1995903620353112 38
1646660211643 0.16763070970773697 39
1646660216354 0.12295566938626461 40
1646660222446 0.10452530876948284 41
1646660228536 0.07976351238978215 42
1646660233244 0.07478072054875202 43
1646660239327 0.07336302349964778 44
1646660244033 0.07000976036756466 45
1646660248741 0.06558027596045764 46
1646660253449 0.06301232288854244 47
1646660258157 0.058096552649751686 48
1646660262864 0.06967880032383479 49
1646660267569 0.06826960242902622 50
1646660272277 0.06195795540817273 51
1646660276984 0.05123226067576653 52
1646660281694 0.052365166206772513 53
1646660286403 0.062354943762796045 54
1646660291112 0.061745573790409625 55
1646660295819 0.05002038653653402 56
1646660300528 0.052779485734227374 57
1646660305236 0.0507100583651127 58
1646660309941 0.0529073078949482 59
1646660314649 0.03470967970310877 60
1646660319355 0.02795132950473672 61
1646660326111 0.027082430962950755 62
1646660330818 0.02418904408860283 63
1646660335523 0.019692576902273756 64
1646660340223 0.02125837761335648 65
1646660344927 0.01915102977401171 66
1646660349632 0.01923800726683858 67
1646660354337 0.01836813339151633 68
1646660359044 0.01747131240195953 69
1646660363749 0.021367307382229812 70
1646660369835 0.02180892673249428 71
1646660374541 0.02206025399769155 72
1646660379244 0.016956026618106242 73
1646660383946 0.019346891926267207 74
1646660388649 0.020621330477297306 75
1646660393356 0.018070822677169092 76
1646660398062 0.016670167577476837 77
1646660402766 0.018245190943185337 78
1646660407470 0.020977646022891767 79
1646660412176 0.013147100465945326 80
1646660416883 0.012782349872092405 81
1646660421587 0.013915196855146533 82
1646660426295 0.010524927799661573 83
1646660430998 0.008466137053731542 84
1646660435702 0.01002297414621959 85
1646660440405 0.009922773935473882 86
1646660445114 0.011150149037488379 87
1646660449819 0.01104614298301152 88
1646660454528 0.01164877243960897 89
1646660459237 0.011029520764564857 90
1646660463945 0.011725187161340354 91
1646660468657 0.010170386644462362 92
1646660473365 0.011834658479365783 93
1646660478075 0.00759564359815648 94
1646660482783 0.007501802013184016 95
1646660487491 0.007377173482941894 96
1646660492201 0.006744899207917161 97
1646660496910 0.007498213298953114 98
1646660501618 0.011062936663317183 99
