1646521698064 0 0
1646521718263 20.225694444444443 1
1646521738773 29.13773148148148 2
1646521757591 35.57581018518518 3
1646521776429 37.54340277777778 4
1646521795284 40.19097222222222 5
1646521812669 40.19097222222222 6
1646521831337 40.4224537037037 7
1646521850014 42.317708333333336 8
1646521867411 42.317708333333336 9
1646521886090 42.96875 10
1646521903538 42.96875 11
1646521920968 42.96875 12
1646521938408 42.96875 13
1646521955839 42.96875 14
1646521973270 42.96875 15
1646521991981 43.185763888888886 16
1646522009412 43.185763888888886 17
1646522026843 43.185763888888886 18
1646522044272 43.185763888888886 19
1646522061705 43.185763888888886 20
1646522079139 43.185763888888886 21
1646522096578 43.185763888888886 22
1646522114486 43.185763888888886 23
1646522131919 43.185763888888886 24
1646522149343 43.185763888888886 25
1646522166768 43.185763888888886 26
1646522184194 43.185763888888886 27
1646522201622 43.185763888888886 28
1646522219052 43.185763888888886 29
1646522236480 43.185763888888886 30
1646522253918 43.185763888888886 31
1646522271347 43.185763888888886 32
1646522288771 43.185763888888886 33
1646522306199 43.185763888888886 34
1646522323627 43.185763888888886 35
1646522341056 43.185763888888886 36
1646522358481 43.185763888888886 37
1646522375907 43.185763888888886 38
1646522393336 43.185763888888886 39
1646522410772 43.185763888888886 40
1646522428201 43.185763888888886 41
1646522445633 43.185763888888886 42
1646522463065 43.185763888888886 43
1646522480494 43.185763888888886 44
1646522497927 43.185763888888886 45
1646522515354 43.185763888888886 46
1646522532782 43.185763888888886 47
1646522550214 43.185763888888886 48
1646522567647 43.185763888888886 49
1646522585083 43.185763888888886 50
1646522602513 43.185763888888886 51
1646522619948 43.185763888888886 52
1646522637380 43.185763888888886 53
1646522654822 43.185763888888886 54
1646522672257 43.185763888888886 55
1646522689701 43.185763888888886 56
1646522708263 43.185763888888886 57
1646522725685 43.185763888888886 58
1646522743125 43.185763888888886 59
1646522760569 43.185763888888886 60
1646522778007 43.185763888888886 61
1646522795449 43.185763888888886 62
1646522812886 43.185763888888886 63
1646522830323 43.185763888888886 64
1646522847757 43.185763888888886 65
1646522865194 43.185763888888886 66
1646522882633 43.185763888888886 67
1646522900069 43.185763888888886 68
1646522917513 43.185763888888886 69
1646522934954 43.185763888888886 70
1646522952391 43.185763888888886 71
1646522969825 43.185763888888886 72
1646522987270 43.185763888888886 73
1646523004710 43.185763888888886 74
1646523022150 43.185763888888886 75
1646523039592 43.185763888888886 76
1646523057034 43.185763888888886 77
1646523074471 43.185763888888886 78
1646523091911 43.185763888888886 79
1646523109347 43.185763888888886 80
1646523126783 43.185763888888886 81
1646523144227 43.185763888888886 82
1646523161670 43.185763888888886 83
1646523179112 43.185763888888886 84
1646523196549 43.185763888888886 85
1646523213983 43.185763888888886 86
1646523231414 43.185763888888886 87
1646523248857 43.185763888888886 88
1646523266293 43.185763888888886 89
1646523283728 43.185763888888886 90
1646523301166 43.185763888888886 91
1646523318602 43.185763888888886 92
1646523336035 43.185763888888886 93
1646523353467 43.185763888888886 94
1646523370901 43.185763888888886 95
1646523388344 43.185763888888886 96
1646523405782 43.185763888888886 97
1646523423225 43.185763888888886 98
1646523440678 43.185763888888886 99
