1646521697225 0.001 0
1646521717491 0.001 1
1646521738135 0.001 2
1646521757403 0.001 3
1646521776245 0.001 4
1646521795073 0.001 5
1646521812658 0.001 6
1646521831326 0.001 7
1646521850004 0.001 8
1646521867399 0.001 9
1646521886078 0.001 10
1646521903528 0.001 11
1646521920956 0.001 12
1646521938394 0.001 13
1646521955829 0.001 14
1646521973257 0.001 15
1646521991966 0.001 16
1646522009399 0.001 17
1646522026830 0.001 18
1646522044260 0.001 19
1646522061690 0.0005 20
1646522079128 0.0005 21
1646522096567 0.0005 22
1646522113994 0.0005 23
1646522131907 0.0005 24
1646522149333 0.0005 25
1646522166756 0.0005 26
1646522184182 0.0005 27
1646522201611 0.0005 28
1646522219038 0.0005 29
1646522236468 0.0005 30
1646522253903 0.0005 31
1646522271337 0.0005 32
1646522288761 0.0005 33
1646522306188 0.0005 34
1646522323616 0.0005 35
1646522341044 0.0005 36
1646522358470 0.0005 37
1646522375896 0.0005 38
1646522393325 0.0005 39
1646522410760 0.00025 40
1646522428190 0.00025 41
1646522445620 0.00025 42
1646522463052 0.00025 43
1646522480482 0.00025 44
1646522497910 0.00025 45
1646522515341 0.00025 46
1646522532770 0.00025 47
1646522550202 0.00025 48
1646522567633 0.00025 49
1646522585070 0.00025 50
1646522602500 0.00025 51
1646522619932 0.00025 52
1646522637369 0.00025 53
1646522654810 0.00025 54
1646522672244 0.00025 55
1646522689684 0.00025 56
1646522708250 0.00025 57
1646522725672 0.00025 58
1646522743113 0.00025 59
1646522760554 0.000125 60
1646522777995 0.000125 61
1646522795436 0.000125 62
1646522812874 0.000125 63
1646522830311 0.000125 64
1646522847744 0.000125 65
1646522865181 0.000125 66
1646522882620 0.000125 67
1646522900055 0.000125 68
1646522917497 0.000125 69
1646522934941 0.000125 70
1646522952379 0.000125 71
1646522969812 0.000125 72
1646522987251 0.000125 73
1646523004697 0.000125 74
1646523022135 0.000125 75
1646523039573 0.000125 76
1646523057019 0.000125 77
1646523074457 0.000125 78
1646523091897 0.000125 79
1646523109334 6.25e-05 80
1646523126768 6.25e-05 81
1646523144213 6.25e-05 82
1646523161655 6.25e-05 83
1646523179098 6.25e-05 84
1646523196536 6.25e-05 85
1646523213968 6.25e-05 86
1646523231401 6.25e-05 87
1646523248839 6.25e-05 88
1646523266279 6.25e-05 89
1646523283716 6.25e-05 90
1646523301154 6.25e-05 91
1646523318590 6.25e-05 92
1646523336021 6.25e-05 93
1646523353450 6.25e-05 94
1646523370889 6.25e-05 95
1646523388328 6.25e-05 96
1646523405770 6.25e-05 97
1646523423212 6.25e-05 98
1646523440661 6.25e-05 99
