1646521698058 29.484953703703702 0
1646521718258 50.50636574074074 1
1646521738768 58.66608796296296 2
1646521757587 63.32465277777778 3
1646521776425 67.10069444444444 4
1646521795279 69.28530092592592 5
1646521812664 72.01967592592592 6
1646521831333 75.21701388888889 7
1646521850010 77.67650462962963 8
1646521867406 80.41087962962963 9
1646521886086 82.4363425925926 10
1646521903534 83.47800925925925 11
1646521920963 85.47453703703704 12
1646521938402 88.10763888888889 13
1646521955835 88.42592592592592 14
1646521973264 90.20543981481481 15
1646521991976 91.36284722222223 16
1646522009407 92.24537037037037 17
1646522026839 93.3738425925926 18
1646522044267 93.70659722222223 19
1646522061699 96.36863425925925 20
1646522079135 97.06307870370371 21
1646522096573 97.265625 22
1646522114481 97.87326388888889 23
1646522131915 97.80092592592592 24
1646522149340 98.10474537037037 25
1646522166764 98.48090277777777 26
1646522184190 98.48090277777777 27
1646522201618 98.27835648148148 28
1646522219046 97.85879629629629 29
1646522236476 98.00347222222223 30
1646522253911 98.36516203703704 31
1646522271344 98.49537037037037 32
1646522288768 98.58217592592592 33
1646522306194 98.77025462962963 34
1646522323623 98.94386574074075 35
1646522341051 98.55324074074075 36
1646522358477 98.91493055555556 37
1646522375903 98.75578703703704 38
1646522393332 98.4375 39
1646522410767 99.33449074074075 40
1646522428197 99.55150462962963 41
1646522445628 99.52256944444444 42
1646522463060 99.45023148148148 43
1646522480490 99.72511574074075 44
1646522497920 99.47916666666667 45
1646522515349 99.58043981481481 46
1646522532777 99.53703703703704 47
1646522550210 99.6238425925926 48
1646522567642 99.76851851851852 49
1646522585078 99.609375 50
1646522602508 99.68171296296296 51
1646522619941 99.609375 52
1646522637376 99.65277777777777 53
1646522654817 99.53703703703704 54
1646522672252 99.63831018518519 55
1646522689694 99.76851851851852 56
1646522708258 99.66724537037037 57
1646522725680 99.56597222222223 58
1646522743121 99.50810185185185 59
1646522760563 99.82638888888889 60
1646522778002 99.78298611111111 61
1646522795444 99.76851851851852 62
1646522812881 99.86979166666667 63
1646522830318 99.79745370370371 64
1646522847752 99.75405092592592 65
1646522865188 99.85532407407408 66
1646522882628 99.78298611111111 67
1646522900063 99.92766203703704 68
1646522917507 99.79745370370371 69
1646522934949 99.88425925925925 70
1646522952387 99.85532407407408 71
1646522969821 99.91319444444444 72
1646522987262 99.88425925925925 73
1646523004706 99.91319444444444 74
1646523022144 99.91319444444444 75
1646523039584 99.84085648148148 76
1646523057028 99.78298611111111 77
1646523074465 99.85532407407408 78
1646523091906 99.85532407407408 79
1646523109343 99.91319444444444 80
1646523126778 99.89872685185185 81
1646523144222 99.91319444444444 82
1646523161665 99.97106481481481 83
1646523179107 99.91319444444444 84
1646523196544 99.94212962962963 85
1646523213977 99.88425925925925 86
1646523231409 99.92766203703704 87
1646523248849 99.97106481481481 88
1646523266288 99.92766203703704 89
1646523283724 99.97106481481481 90
1646523301162 99.89872685185185 91
1646523318597 99.89872685185185 92
1646523336030 99.92766203703704 93
1646523353461 99.94212962962963 94
1646523370897 99.86979166666667 95
1646523388338 99.89872685185185 96
1646523405778 99.94212962962963 97
1646523423221 99.86979166666667 98
1646523440671 99.88425925925925 99
