1646521697650 3.7853684734415123 0
1646521717947 1.9124936152387548 1
1646521738526 1.522581347712764 2
1646521757581 1.3205222068009552 3
1646521776421 1.1580196067138955 4
1646521795274 1.0498778091536627 5
1646521812661 0.9463773380827021 6
1646521831329 0.8392758104536269 7
1646521850006 0.767043862077925 8
1646521867402 0.6802472152091839 9
1646521886081 0.6105742090278201 10
1646521903531 0.560531465543641 11
1646521920959 0.49243241272590776 12
1646521938397 0.42963907012233027 13
1646521955831 0.397205271102764 14
1646521973260 0.35932999987293174 15
1646521991970 0.31253252316404273 16
1646522009402 0.2915961118759932 17
1646522026833 0.24947813429214336 18
1646522044263 0.22921272229265283 19
1646522061694 0.15492732712516077 20
1646522079131 0.12482404336333275 21
1646522096569 0.11523296539154318 22
1646522114476 0.103557246081807 23
1646522131910 0.09967290754947397 24
1646522149336 0.09163846834390252 25
1646522166760 0.08128077343658165 26
1646522184186 0.07754772666979719 27
1646522201613 0.07847803375787205 28
1646522219041 0.08647801492501188 29
1646522236471 0.08004721868093367 30
1646522253906 0.07233760443826516 31
1646522271340 0.06686280260759371 32
1646522288763 0.060910437256097794 33
1646522306190 0.05912920815387258 34
1646522323619 0.05509982368460408 35
1646522341047 0.0661897390253014 36
1646522358473 0.05255020306342178 37
1646522375898 0.051529620567129716 38
1646522393328 0.06542411153377206 39
1646522410763 0.039194604450905765 40
1646522428193 0.027392729702923033 41
1646522445624 0.025902053117062205 42
1646522463055 0.02817197664882298 43
1646522480485 0.020899166611747608 44
1646522497914 0.02391500084626454 45
1646522515344 0.02459087335780539 46
1646522532773 0.02313261116958327 47
1646522550205 0.020047882761530304 48
1646522567636 0.016865690428487682 49
1646522585073 0.02106784288426516 50
1646522602504 0.018086150236841705 51
1646522619934 0.018467493993402632 52
1646522637371 0.01786114409117511 53
1646522654813 0.020909648949142406 54
1646522672247 0.021810486145248567 55
1646522689687 0.017109831398421968 56
1646522708253 0.017816903250705864 57
1646522725675 0.022455129927645128 58
1646522743116 0.0225282104478942 59
1646522760558 0.014436835793916273 60
1646522777998 0.012807663952655814 61
1646522795439 0.012522074562083516 62
1646522812877 0.01104417479062384 63
1646522830313 0.010461148215216343 64
1646522847747 0.012015994642516252 65
1646522865184 0.010634817333926481 66
1646522882623 0.011285461218061822 67
1646522900059 0.009222608473565843 68
1646522917501 0.011201957464908008 69
1646522934945 0.010152858345665865 70
1646522952382 0.009798746504303481 71
1646522969815 0.008177280555375747 72
1646522987255 0.008702453359513095 73
1646523004700 0.008649508279092886 74
1646523022139 0.00943146275649606 75
1646523039577 0.00993686013734313 76
1646523057023 0.011826822676488923 77
1646523074460 0.00956446013879031 78
1646523091901 0.011343689225786538 79
1646523109337 0.008188150253974728 80
1646523126771 0.007224447818266021 81
1646523144217 0.007462513663254127 82
1646523161659 0.006035429705796695 83
1646523179102 0.007181688388637094 84
1646523196539 0.005881664041360772 85
1646523213971 0.007170156812881706 86
1646523231404 0.005192872930180143 87
1646523248842 0.005656710467991178 88
1646523266283 0.0068731158669969 89
1646523283719 0.005799052322766295 90
1646523301157 0.00645906753251674 91
1646523318593 0.006903279426128224 92
1646523336024 0.005676220026712313 93
1646523353454 0.006537128192441607 94
1646523370892 0.00779356355175238 95
1646523388331 0.007269991173719366 96
1646523405773 0.005303702472398679 97
1646523423215 0.006410992305501606 98
1646523440666 0.007242441166588968 99
