1646512012135 0 0
1646512030929 25.3125 1
1646512048300 34.53125 2
1646512065690 44.791666666666664 3
1646512083090 50.104166666666664 4
1646512100500 51.458333333333336 5
1646512117920 57.135416666666664 6
1646512135352 60.9375 7
1646512151394 60.9375 8
1646512168800 61.25 9
1646512186226 62.135416666666664 10
1646512204720 64.6875 11
1646512220759 64.6875 12
1646512238160 64.94791666666667 13
1646512255571 65.36458333333333 14
1646512271612 65.36458333333333 15
1646512287663 65.36458333333333 16
1646512303856 65.36458333333333 17
1646512321279 65.83333333333333 18
1646512337319 65.83333333333333 19
1646512353362 65.83333333333333 20
1646512370782 69.84375 21
1646512386813 69.84375 22
1646512402857 69.84375 23
1646512418910 69.84375 24
1646512434960 69.84375 25
1646512451009 69.84375 26
1646512467050 69.84375 27
1646512483098 69.84375 28
1646512499149 69.84375 29
1646512515198 69.84375 30
1646512531250 69.84375 31
1646512548653 70.15625 32
1646512564695 70.15625 33
1646512580744 70.15625 34
1646512598183 70.20833333333333 35
1646512614240 70.20833333333333 36
1646512630300 70.20833333333333 37
1646512646363 70.20833333333333 38
1646512662425 70.20833333333333 39
1646512678487 70.20833333333333 40
1646512695911 70.52083333333333 41
1646512713332 70.78125 42
1646512729375 70.78125 43
1646512745422 70.78125 44
1646512761464 70.78125 45
1646512778888 70.83333333333333 46
1646512794939 70.83333333333333 47
1646512810991 70.83333333333333 48
1646512827038 70.83333333333333 49
1646512843090 70.83333333333333 50
1646512859145 70.83333333333333 51
1646512875190 70.83333333333333 52
1646512891238 70.83333333333333 53
1646512907289 70.83333333333333 54
1646512924711 71.35416666666667 55
1646512940761 71.35416666666667 56
1646512956812 71.35416666666667 57
1646512972859 71.35416666666667 58
1646512988905 71.35416666666667 59
1646513004948 71.35416666666667 60
1646513020994 71.35416666666667 61
1646513037041 71.35416666666667 62
1646513053087 71.35416666666667 63
1646513069136 71.35416666666667 64
1646513085183 71.35416666666667 65
1646513101232 71.35416666666667 66
1646513117280 71.35416666666667 67
1646513133326 71.35416666666667 68
1646513149375 71.35416666666667 69
1646513165424 71.35416666666667 70
1646513181477 71.35416666666667 71
1646513197525 71.35416666666667 72
1646513213568 71.35416666666667 73
1646513229622 71.35416666666667 74
1646513245672 71.35416666666667 75
1646513261722 71.35416666666667 76
1646513277769 71.35416666666667 77
1646513295231 71.61458333333333 78
1646513311281 71.61458333333333 79
1646513327329 71.61458333333333 80
1646513343377 71.61458333333333 81
1646513359425 71.61458333333333 82
1646513375475 71.61458333333333 83
1646513391521 71.61458333333333 84
1646513407572 71.61458333333333 85
1646513423620 71.61458333333333 86
1646513439673 71.61458333333333 87
1646513455725 71.61458333333333 88
1646513471781 71.61458333333333 89
1646513487844 71.61458333333333 90
1646513503900 71.61458333333333 91
1646513519951 71.61458333333333 92
1646513536000 71.61458333333333 93
1646513552051 71.61458333333333 94
1646513568100 71.61458333333333 95
1646513584144 71.61458333333333 96
1646513600189 71.61458333333333 97
1646513616235 71.61458333333333 98
1646513632279 71.61458333333333 99
