1646512011382 0.001 0
1646512030604 0.001 1
1646512048287 0.001 2
1646512065679 0.001 3
1646512083079 0.001 4
1646512100488 0.001 5
1646512117908 0.001 6
1646512135339 0.001 7
1646512151382 0.001 8
1646512168788 0.001 9
1646512186213 0.001 10
1646512204709 0.001 11
1646512220747 0.001 12
1646512238147 0.001 13
1646512255559 0.001 14
1646512271601 0.001 15
1646512287652 0.001 16
1646512303708 0.001 17
1646512321266 0.001 18
1646512337306 0.001 19
1646512353351 0.0005 20
1646512370770 0.0005 21
1646512386802 0.0005 22
1646512402845 0.0005 23
1646512418899 0.0005 24
1646512434949 0.0005 25
1646512451000 0.0005 26
1646512467041 0.0005 27
1646512483088 0.0005 28
1646512499138 0.0005 29
1646512515188 0.0005 30
1646512531238 0.0005 31
1646512548643 0.0005 32
1646512564683 0.0005 33
1646512580733 0.0005 34
1646512598172 0.0005 35
1646512614227 0.0005 36
1646512630288 0.0005 37
1646512646351 0.0005 38
1646512662413 0.0005 39
1646512678475 0.00025 40
1646512695898 0.00025 41
1646512713320 0.00025 42
1646512729362 0.00025 43
1646512745410 0.00025 44
1646512761452 0.00025 45
1646512778875 0.00025 46
1646512794926 0.00025 47
1646512810979 0.00025 48
1646512827028 0.00025 49
1646512843077 0.00025 50
1646512859131 0.00025 51
1646512875176 0.00025 52
1646512891226 0.00025 53
1646512907276 0.00025 54
1646512924698 0.00025 55
1646512940748 0.00025 56
1646512956800 0.00025 57
1646512972847 0.00025 58
1646512988893 0.00025 59
1646513004936 0.000125 60
1646513020982 0.000125 61
1646513037029 0.000125 62
1646513053076 0.000125 63
1646513069124 0.000125 64
1646513085171 0.000125 65
1646513101219 0.000125 66
1646513117268 0.000125 67
1646513133313 0.000125 68
1646513149364 0.000125 69
1646513165412 0.000125 70
1646513181465 0.000125 71
1646513197514 0.000125 72
1646513213555 0.000125 73
1646513229610 0.000125 74
1646513245660 0.000125 75
1646513261710 0.000125 76
1646513277757 0.000125 77
1646513295220 0.000125 78
1646513311267 0.000125 79
1646513327317 6.25e-05 80
1646513343365 6.25e-05 81
1646513359412 6.25e-05 82
1646513375463 6.25e-05 83
1646513391509 6.25e-05 84
1646513407560 6.25e-05 85
1646513423607 6.25e-05 86
1646513439661 6.25e-05 87
1646513455713 6.25e-05 88
1646513471769 6.25e-05 89
1646513487833 6.25e-05 90
1646513503888 6.25e-05 91
1646513519938 6.25e-05 92
1646513535988 6.25e-05 93
1646513552040 6.25e-05 94
1646513568087 6.25e-05 95
1646513584132 6.25e-05 96
1646513600178 6.25e-05 97
1646513616223 6.25e-05 98
1646513632267 6.25e-05 99
