1646512012130 14.409722222222221 0
1646512030925 28.428819444444443 1
1646512048295 39.40972222222222 2
1646512065686 47.81539351851852 3
1646512083086 54.1087962962963 4
1646512100497 58.59375 5
1646512117916 63.19444444444444 6
1646512135347 67.60706018518519 7
1646512151389 68.88020833333333 8
1646512168796 71.78819444444444 9
1646512186221 74.34895833333333 10
1646512204716 76.22974537037037 11
1646512220755 75.36168981481481 12
1646512238156 78.25520833333333 13
1646512255566 79.21006944444444 14
1646512271608 81.42361111111111 15
1646512287659 81.6261574074074 16
1646512303850 83.2175925925926 17
1646512321275 84.67881944444444 18
1646512337314 84.375 19
1646512353359 89.01909722222223 20
1646512370778 92.39004629629629 21
1646512386809 92.47685185185185 22
1646512402853 93.04108796296296 23
1646512418906 93.7355324074074 24
1646512434956 92.99768518518519 25
1646512451006 93.99594907407408 26
1646512467047 93.61979166666667 27
1646512483094 93.93807870370371 28
1646512499145 93.7355324074074 29
1646512515194 94.73379629629629 30
1646512531245 94.53125 31
1646512548649 94.38657407407408 32
1646512564691 95.83333333333333 33
1646512580740 95.84780092592592 34
1646512598178 95.28356481481481 35
1646512614235 95.42824074074075 36
1646512630296 95.22569444444444 37
1646512646359 95.55844907407408 38
1646512662421 95.15335648148148 39
1646512678483 96.93287037037037 40
1646512695906 98.0613425925926 41
1646512713328 98.65451388888889 42
1646512729370 98.69791666666667 43
1646512745417 98.58217592592592 44
1646512761460 99.07407407407408 45
1646512778883 99.14641203703704 46
1646512794934 99.13194444444444 47
1646512810987 99.16087962962963 48
1646512827034 99.08854166666667 49
1646512843085 99.04513888888889 50
1646512859139 98.90046296296296 51
1646512875185 98.828125 52
1646512891234 98.88599537037037 53
1646512907284 98.8425925925926 54
1646512924707 98.56770833333333 55
1646512940757 98.65451388888889 56
1646512956808 98.64004629629629 57
1646512972855 98.8425925925926 58
1646512988901 99.03067129629629 59
1646513004943 99.33449074074075 60
1646513020989 99.6238425925926 61
1646513037037 99.5949074074074 62
1646513053084 99.63831018518519 63
1646513069131 99.609375 64
1646513085179 99.72511574074075 65
1646513101228 99.609375 66
1646513117276 99.68171296296296 67
1646513133321 99.75405092592592 68
1646513149371 99.55150462962963 69
1646513165420 99.81192129629629 70
1646513181473 99.76851851851852 71
1646513197522 99.52256944444444 72
1646513213563 99.63831018518519 73
1646513229617 99.52256944444444 74
1646513245668 99.6238425925926 75
1646513261717 99.6238425925926 76
1646513277765 99.55150462962963 77
1646513295227 99.58043981481481 78
1646513311276 99.58043981481481 79
1646513327325 99.68171296296296 80
1646513343372 99.75405092592592 81
1646513359420 99.75405092592592 82
1646513375470 99.79745370370371 83
1646513391516 99.78298611111111 84
1646513407568 99.82638888888889 85
1646513423615 99.81192129629629 86
1646513439669 99.79745370370371 87
1646513455721 99.86979166666667 88
1646513471777 99.89872685185185 89
1646513487840 99.82638888888889 90
1646513503895 99.84085648148148 91
1646513519947 99.81192129629629 92
1646513535996 99.79745370370371 93
1646513552047 99.81192129629629 94
1646513568095 99.84085648148148 95
1646513584140 99.78298611111111 96
1646513600185 99.85532407407408 97
1646513616231 99.76851851851852 98
1646513632275 99.86979166666667 99
