1646512011811 9.006116496192085 0
1646512030921 2.344147821267446 1
1646512048290 1.8886168047233864 2
1646512065682 1.5643688175413344 3
1646512083082 1.3772621971589547 4
1646512100492 1.2237481320345844 5
1646512117912 1.0876960919962988 6
1646512135342 0.9831593191182172 7
1646512151385 0.9207569040634014 8
1646512168791 0.8427019593892274 9
1646512186216 0.7756009995937347 10
1646512204712 0.7139322818429382 11
1646512220750 0.7367701044789067 12
1646512238150 0.6396490914954079 13
1646512255562 0.6072572811886117 14
1646512271604 0.5627031767809832 15
1646512287655 0.5438227581757086 16
1646512303845 0.48588618967268205 17
1646512321269 0.45031709417148874 18
1646512337310 0.4508311329064546 19
1646512353354 0.3224385822260821 20
1646512370773 0.22959782831646777 21
1646512386804 0.2199491372814885 22
1646512402848 0.20134617084706272 23
1646512418902 0.19216704258212336 24
1646512434952 0.2019822616819982 25
1646512451002 0.17525143328088302 26
1646512467044 0.18276504813520997 27
1646512483090 0.18343597553946353 28
1646512499141 0.18564471091937135 29
1646512515190 0.1593630567744926 30
1646512531241 0.14984585020553182 31
1646512548646 0.16499514546659258 32
1646512564686 0.12986896000802517 33
1646512580736 0.1261822966237863 34
1646512598174 0.13517302930079125 35
1646512614230 0.13320229850985385 36
1646512630291 0.13786555316161225 37
1646512646354 0.13213724946534192 38
1646512662416 0.14609236118418198 39
1646512678478 0.09326408686185325 40
1646512695901 0.059300074388307554 41
1646512713323 0.04716457471389462 42
1646512729366 0.044418784600027184 43
1646512745413 0.042950284408612385 44
1646512761455 0.03290463890880346 45
1646512778878 0.031498093347720524 46
1646512794929 0.03277447804187735 47
1646512810982 0.030786675349291828 48
1646512827030 0.03193064911842898 49
1646512843081 0.03229537184557153 50
1646512859134 0.03368124632268316 51
1646512875179 0.03603381639415467 52
1646512891229 0.039133470203658496 53
1646512907279 0.04041153846170615 54
1646512924702 0.043092116730770576 55
1646512940751 0.04149947953582914 56
1646512956803 0.04103514081281093 57
1646512972850 0.03537046203079323 58
1646512988896 0.03374709848624965 59
1646513004939 0.023875576349113276 60
1646513020985 0.014589051000290999 61
1646513037032 0.016156331010818207 62
1646513053079 0.01459095267906647 63
1646513069127 0.01566835792079844 64
1646513085174 0.012109320425359463 65
1646513101222 0.015806381875235174 66
1646513117271 0.013055870404329014 67
1646513133316 0.012142917727706608 68
1646513149367 0.01558901235047314 69
1646513165415 0.010034021046185107 70
1646513181468 0.010547256968156607 71
1646513197516 0.014915698197135632 72
1646513213558 0.012783609934289146 73
1646513229613 0.015620261504038892 74
1646513245664 0.013846133044420707 75
1646513261713 0.015361460995067048 76
1646513277760 0.015453281497617287 77
1646513295223 0.013250548849572186 78
1646513311270 0.015056074868577221 79
1646513327320 0.010709087717933235 80
1646513343368 0.009195018046604539 81
1646513359416 0.009635460500484678 82
1646513375466 0.007631881270316188 83
1646513391512 0.008309110641238038 84
1646513407563 0.008980812832575154 85
1646513423610 0.007460878668266728 86
1646513439664 0.008028609816122937 87
1646513455716 0.006306344401781206 88
1646513471772 0.005490354431525769 89
1646513487836 0.007546247478953942 90
1646513503891 0.006836732909842221 91
1646513519941 0.007451812784118509 92
1646513535991 0.007191904945540483 93
1646513552043 0.007376136689412373 94
1646513568091 0.005960370576724893 95
1646513584135 0.008603825576655153 96
1646513600181 0.006548001828681056 97
1646513616226 0.008299409249081725 98
1646513632270 0.00602888454428736 99
