1646528504042 0 0
1646528529156 16.68669871794872 1
1646528553010 25.751201923076923 2
1646528575816 26.462339743589745 3
1646528598536 26.903044871794872 4
1646528619897 26.903044871794872 5
1646528642016 26.903044871794872 6
1646528663386 26.903044871794872 7
1646528684762 26.903044871794872 8
1646528706168 26.903044871794872 9
1646528727573 26.903044871794872 10
1646528748983 26.903044871794872 11
1646528770395 26.903044871794872 12
1646528791800 26.903044871794872 13
1646528813207 26.903044871794872 14
1646528834623 26.903044871794872 15
1646528856037 26.903044871794872 16
1646528877454 26.903044871794872 17
1646528898859 26.903044871794872 18
1646528920273 26.903044871794872 19
1646528941678 26.903044871794872 20
1646528963095 26.903044871794872 21
1646528984510 26.903044871794872 22
1646529005920 26.903044871794872 23
1646529027330 26.903044871794872 24
1646529048740 26.903044871794872 25
1646529070154 26.903044871794872 26
1646529091573 26.903044871794872 27
1646529112996 26.903044871794872 28
1646529134407 26.903044871794872 29
1646529155823 26.903044871794872 30
1646529177239 26.903044871794872 31
1646529198659 26.903044871794872 32
1646529220075 26.903044871794872 33
1646529241486 26.903044871794872 34
1646529262900 26.903044871794872 35
1646529284317 26.903044871794872 36
1646529305733 26.903044871794872 37
1646529327146 26.903044871794872 38
1646529348561 26.903044871794872 39
1646529371316 27.514022435897434 40
1646529392721 27.514022435897434 41
1646529414135 27.514022435897434 42
1646529435548 27.514022435897434 43
1646529456965 27.514022435897434 44
1646529478378 27.514022435897434 45
1646529499905 27.514022435897434 46
1646529522955 27.514022435897434 47
1646529544366 27.514022435897434 48
1646529565777 27.514022435897434 49
1646529587186 27.514022435897434 50
1646529608594 27.514022435897434 51
1646529630013 27.514022435897434 52
1646529651430 27.514022435897434 53
1646529672852 27.514022435897434 54
1646529694265 27.514022435897434 55
1646529715682 27.514022435897434 56
1646529737097 27.514022435897434 57
1646529758510 27.514022435897434 58
1646529779918 27.514022435897434 59
1646529801333 27.514022435897434 60
1646529822748 27.514022435897434 61
1646529844160 27.514022435897434 62
1646529865569 27.514022435897434 63
1646529886976 27.514022435897434 64
1646529908392 27.514022435897434 65
1646529929804 27.514022435897434 66
1646529951214 27.514022435897434 67
1646529972628 27.514022435897434 68
1646529994037 27.514022435897434 69
1646530015456 27.514022435897434 70
1646530036914 27.514022435897434 71
1646530058326 27.514022435897434 72
1646530079743 27.514022435897434 73
1646530101150 27.514022435897434 74
1646530122564 27.514022435897434 75
1646530143975 27.514022435897434 76
1646530165386 27.514022435897434 77
1646530186789 27.514022435897434 78
1646530208196 27.514022435897434 79
1646530229607 27.514022435897434 80
1646530251014 27.514022435897434 81
1646530272426 27.514022435897434 82
1646530293841 27.514022435897434 83
1646530315249 27.514022435897434 84
1646530336654 27.514022435897434 85
1646530358058 27.514022435897434 86
1646530379463 27.514022435897434 87
1646530400873 27.514022435897434 88
1646530422281 27.514022435897434 89
1646530443688 27.514022435897434 90
1646530465093 27.514022435897434 91
1646530486498 27.514022435897434 92
1646530507902 27.514022435897434 93
1646530529304 27.514022435897434 94
1646530550708 27.514022435897434 95
1646530572114 27.514022435897434 96
1646530593509 27.514022435897434 97
1646530614913 27.514022435897434 98
1646530636315 27.514022435897434 99
