1646528503409 0.001 0
1646528528638 0.001 1
1646528552997 0.001 2
1646528575805 0.001 3
1646528598523 0.001 4
1646528619885 0.001 5
1646528641263 0.001 6
1646528663373 0.001 7
1646528684750 0.001 8
1646528706157 0.001 9
1646528727562 0.001 10
1646528748973 0.001 11
1646528770382 0.001 12
1646528791791 0.001 13
1646528813196 0.001 14
1646528834609 0.001 15
1646528856026 0.001 16
1646528877441 0.001 17
1646528898845 0.001 18
1646528920261 0.001 19
1646528941667 0.0005 20
1646528963082 0.0005 21
1646528984498 0.0005 22
1646529005905 0.0005 23
1646529027317 0.0005 24
1646529048727 0.0005 25
1646529070140 0.0005 26
1646529091559 0.0005 27
1646529112983 0.0005 28
1646529134394 0.0005 29
1646529155809 0.0005 30
1646529177227 0.0005 31
1646529198646 0.0005 32
1646529220058 0.0005 33
1646529241473 0.0005 34
1646529262888 0.0005 35
1646529284304 0.0005 36
1646529305719 0.0005 37
1646529327132 0.0005 38
1646529348547 0.0005 39
1646529371302 0.00025 40
1646529392708 0.00025 41
1646529414121 0.00025 42
1646529435536 0.00025 43
1646529456952 0.00025 44
1646529478363 0.00025 45
1646529499891 0.00025 46
1646529522941 0.00025 47
1646529544349 0.00025 48
1646529565763 0.00025 49
1646529587174 0.00025 50
1646529608581 0.00025 51
1646529629999 0.00025 52
1646529651418 0.00025 53
1646529672839 0.00025 54
1646529694251 0.00025 55
1646529715669 0.00025 56
1646529737083 0.00025 57
1646529758498 0.00025 58
1646529779905 0.00025 59
1646529801319 0.000125 60
1646529822734 0.000125 61
1646529844147 0.000125 62
1646529865556 0.000125 63
1646529886964 0.000125 64
1646529908378 0.000125 65
1646529929790 0.000125 66
1646529951200 0.000125 67
1646529972615 0.000125 68
1646529994020 0.000125 69
1646530015440 0.000125 70
1646530036900 0.000125 71
1646530058312 0.000125 72
1646530079728 0.000125 73
1646530101137 0.000125 74
1646530122551 0.000125 75
1646530143961 0.000125 76
1646530165373 0.000125 77
1646530186778 0.000125 78
1646530208184 0.000125 79
1646530229593 6.25e-05 80
1646530251001 6.25e-05 81
1646530272412 6.25e-05 82
1646530293828 6.25e-05 83
1646530315236 6.25e-05 84
1646530336643 6.25e-05 85
1646530358046 6.25e-05 86
1646530379452 6.25e-05 87
1646530400860 6.25e-05 88
1646530422267 6.25e-05 89
1646530443675 6.25e-05 90
1646530465081 6.25e-05 91
1646530486486 6.25e-05 92
1646530507889 6.25e-05 93
1646530529292 6.25e-05 94
1646530550696 6.25e-05 95
1646530572102 6.25e-05 96
1646530593497 6.25e-05 97
1646530614901 6.25e-05 98
1646530636305 6.25e-05 99
