1646528503834 3.405753023094601 0
1646528529064 1.5063446208282754 1
1646528553000 1.209691422956961 2
1646528575808 1.0011004308859508 3
1646528598526 0.8367782080615008 4
1646528619888 0.6944938257888511 5
1646528641687 3.6314644239566944 6
1646528663376 2.8597520810586436 7
1646528684753 2.524081004990472 8
1646528706160 2.3691158714117826 9
1646528727565 2.182259709746749 10
1646528748976 2.079856841652482 11
1646528770386 1.9128226019718029 12
1646528791793 1.8350044223997328 13
1646528813199 1.7345676753256056 14
1646528834612 1.6599277765662581 15
1646528856029 1.5579839591626767 16
1646528877444 1.4836145970556471 17
1646528898849 1.4057901523731373 18
1646528920264 1.3248863330593816 19
1646528941670 1.2216795605641824 20
1646528963085 1.1606342097123463 21
1646528984501 1.1273263461059995 22
1646529005908 1.0675211041061967 23
1646529027320 1.029070512012199 24
1646529048730 0.9893218168505916 25
1646529070144 0.9593316813309988 26
1646529091563 0.9274861889856832 27
1646529112986 0.8830464703065378 28
1646529134397 0.8313525661274239 29
1646529155813 0.8113886868512189 30
1646529177231 0.7680561100995099 31
1646529198649 0.7237754949816951 32
1646529220062 0.6884990455927672 33
1646529241476 0.6551884478992887 34
1646529262892 0.6178851927872058 35
1646529284307 0.5824723028474383 36
1646529305722 0.5523122974016048 37
1646529327135 0.5383776636035355 38
1646529348550 0.49961573382218677 39
1646529371305 0.4261834251659888 40
1646529392711 0.40405550488719233 41
1646529414125 0.3868347456057866 42
1646529435539 0.3843726184633043 43
1646529456955 0.3579887135161294 44
1646529478367 0.3499078987925141 45
1646529499894 0.34326101425621247 46
1646529522944 0.3258640487436895 47
1646529544354 0.31966165729143003 48
1646529565767 0.29664233796022554 49
1646529587177 0.2855231121734337 50
1646529608584 0.2688617499338256 51
1646529630003 0.26383237154395495 52
1646529651421 0.2490728384366742 53
1646529672842 0.24340390855515445 54
1646529694254 0.23516176420229454 55
1646529715672 0.214354593720701 56
1646529737086 0.20939528141860608 57
1646529758501 0.2028710688981745 58
1646529779908 0.1950910545333668 59
1646529801323 0.1684937903450595 60
1646529822738 0.1552656552305928 61
1646529844150 0.15693916283823825 62
1646529865559 0.15145171005968694 63
1646529886966 0.1473605218860838 64
1646529908381 0.14147700327965948 65
1646529929793 0.13774252420774213 66
1646529951203 0.13039517706191098 67
1646529972618 0.13159579480135883 68
1646529994024 0.13305976752329757 69
1646530015444 0.12625181254137446 70
1646530036903 0.12273547591434585 71
1646530058315 0.1210901103913784 72
1646530079732 0.11507288794274684 73
1646530101140 0.1161294233881765 74
1646530122554 0.10838483660309403 75
1646530143965 0.10383353120198956 76
1646530165376 0.10902973361037395 77
1646530186780 0.10699889657122118 78
1646530208187 0.10005904437491188 79
1646530229597 0.08767441984404016 80
1646530251004 0.08840148440665668 81
1646530272415 0.08251345895782665 82
1646530293831 0.07888902199489099 83
1646530315239 0.08557751174602243 84
1646530336645 0.08125648123246652 85
1646530358049 0.08157216288425305 86
1646530379455 0.07900650302569072 87
1646530400864 0.07796770720570176 88
1646530422270 0.07331782910558912 89
1646530443678 0.0706869844623186 90
1646530465084 0.07596830789137769 91
1646530486489 0.07077512945289965 92
1646530507892 0.06926397655021262 93
1646530529295 0.06778191478440056 94
1646530550700 0.0715436256594128 95
1646530572105 0.0646446909479521 96
1646530593500 0.06726626482688719 97
1646530614904 0.06208253520782347 98
1646530636307 0.0622737906459305 99
