1646528504037 42.88194444444444 0
1646528529150 62.167245370370374 1
1646528553005 67.52025462962963 2
1646528575812 71.8605324074074 3
1646528598531 75.99826388888889 4
1646528619893 79.26793981481481 5
1646528642011 42.795138888888886 6
1646528663381 37.876157407407405 7
1646528684758 43.460648148148145 8
1646528706164 46.267361111111114 9
1646528727569 50.30381944444444 10
1646528748980 51.663773148148145 11
1646528770391 54.427083333333336 12
1646528791797 55.78703703703704 13
1646528813203 57.798032407407405 14
1646528834617 58.854166666666664 15
1646528856033 60.59027777777778 16
1646528877449 61.979166666666664 17
1646528898853 63.62847222222222 18
1646528920269 65.06076388888889 19
1646528941674 66.89814814814815 20
1646528963090 68.61979166666667 21
1646528984506 69.25636574074075 22
1646529005913 70.99247685185185 23
1646529027326 71.65798611111111 24
1646529048736 73.00347222222223 25
1646529070149 72.97453703703704 26
1646529091568 73.48090277777777 27
1646529112992 75.08680555555556 28
1646529134402 76.20081018518519 29
1646529155818 76.75057870370371 30
1646529177235 78.06712962962963 31
1646529198655 79.05092592592592 32
1646529220068 80.15046296296296 33
1646529241480 81.25 34
1646529262897 82.27719907407408 35
1646529284312 83.37673611111111 36
1646529305728 83.94097222222223 37
1646529327140 84.62094907407408 38
1646529348556 85.99537037037037 39
1646529371310 88.16550925925925 40
1646529392716 89.29398148148148 41
1646529414130 89.93055555555556 42
1646529435544 90.14756944444444 43
1646529456960 90.84201388888889 44
1646529478372 90.72627314814815 45
1646529499900 91.16030092592592 46
1646529522949 91.65219907407408 47
1646529544361 92.11516203703704 48
1646529565771 92.69386574074075 49
1646529587182 93.30150462962963 50
1646529608589 93.61979166666667 51
1646529630008 93.86574074074075 52
1646529651426 93.99594907407408 53
1646529672847 94.48784722222223 54
1646529694260 94.67592592592592 55
1646529715678 95.00868055555556 56
1646529737092 95.51504629629629 57
1646529758505 95.60185185185185 58
1646529779913 95.87673611111111 59
1646529801328 96.90393518518519 60
1646529822743 97.14988425925925 61
1646529844156 97.03414351851852 62
1646529865565 97.06307870370371 63
1646529886971 97.22222222222223 64
1646529908387 97.56944444444444 65
1646529929798 97.6707175925926 66
1646529951208 97.85879629629629 67
1646529972624 97.71412037037037 68
1646529994032 97.71412037037037 69
1646530015449 97.81539351851852 70
1646530036909 97.81539351851852 71
1646530058321 97.69965277777777 72
1646530079737 98.20601851851852 73
1646530101145 97.77199074074075 74
1646530122559 98.16261574074075 75
1646530143970 98.30729166666667 76
1646530165381 98.09027777777777 77
1646530186784 98.09027777777777 78
1646530208191 98.35069444444444 79
1646530229602 98.77025462962963 80
1646530251009 98.75578703703704 81
1646530272420 98.94386574074075 82
1646530293836 98.97280092592592 83
1646530315244 98.66898148148148 84
1646530336649 98.85706018518519 85
1646530358053 98.828125 86
1646530379459 98.828125 87
1646530400868 98.94386574074075 88
1646530422276 98.94386574074075 89
1646530443683 99.04513888888889 90
1646530465088 98.97280092592592 91
1646530486493 99.07407407407408 92
1646530507896 99.07407407407408 93
1646530529300 99.05960648148148 94
1646530550704 98.91493055555556 95
1646530572110 99.10300925925925 96
1646530593504 99.04513888888889 97
1646530614908 99.24768518518519 98
1646530636311 99.2042824074074 99
