1646528506114 0 0
1646528526570 22.95673076923077 1
1646528547121 26.141826923076923 2
1646528568478 27.874599358974358 3
1646528588031 27.874599358974358 4
1646528608682 29.647435897435898 5
1646528628260 29.647435897435898 6
1646528647852 29.647435897435898 7
1646528668535 29.817708333333332 8
1646528689217 31.490384615384617 9
1646528708831 31.490384615384617 10
1646528728455 31.490384615384617 11
1646528748076 31.490384615384617 12
1646528767703 31.490384615384617 13
1646528787325 31.490384615384617 14
1646528806947 31.490384615384617 15
1646528826571 31.490384615384617 16
1646528846202 31.490384615384617 17
1646528865838 31.490384615384617 18
1646528885469 31.490384615384617 19
1646528905102 31.490384615384617 20
1646528924734 31.490384615384617 21
1646528944369 31.490384615384617 22
1646528964007 31.490384615384617 23
1646528983640 31.490384615384617 24
1646529003282 31.490384615384617 25
1646529022918 31.490384615384617 26
1646529042555 31.490384615384617 27
1646529062191 31.490384615384617 28
1646529081832 31.490384615384617 29
1646529101469 31.490384615384617 30
1646529121106 31.490384615384617 31
1646529140750 31.490384615384617 32
1646529160392 31.490384615384617 33
1646529180037 31.490384615384617 34
1646529199671 31.490384615384617 35
1646529219302 31.490384615384617 36
1646529238936 31.490384615384617 37
1646529258566 31.490384615384617 38
1646529278194 31.490384615384617 39
1646529297825 31.490384615384617 40
1646529317448 31.490384615384617 41
1646529337076 31.490384615384617 42
1646529356698 31.490384615384617 43
1646529376318 31.490384615384617 44
1646529395945 31.490384615384617 45
1646529415573 31.490384615384617 46
1646529435209 31.490384615384617 47
1646529454841 31.490384615384617 48
1646529474479 31.490384615384617 49
1646529494116 31.490384615384617 50
1646529513748 31.490384615384617 51
1646529533380 31.490384615384617 52
1646529553022 31.490384615384617 53
1646529572646 31.490384615384617 54
1646529592271 31.490384615384617 55
1646529611994 31.490384615384617 56
1646529631611 31.490384615384617 57
1646529651233 31.490384615384617 58
1646529670859 31.490384615384617 59
1646529690479 31.490384615384617 60
1646529710101 31.490384615384617 61
1646529729725 31.490384615384617 62
1646529749349 31.490384615384617 63
1646529768980 31.490384615384617 64
1646529788605 31.490384615384617 65
1646529808232 31.490384615384617 66
1646529827858 31.490384615384617 67
1646529847488 31.490384615384617 68
1646529867118 31.490384615384617 69
1646529886742 31.490384615384617 70
1646529906359 31.490384615384617 71
1646529925975 31.490384615384617 72
1646529945592 31.490384615384617 73
1646529965221 31.490384615384617 74
1646529984848 31.490384615384617 75
1646530004477 31.490384615384617 76
1646530024108 31.490384615384617 77
1646530043737 31.490384615384617 78
1646530063373 31.490384615384617 79
1646530083008 31.490384615384617 80
1646530102691 31.490384615384617 81
1646530122335 31.490384615384617 82
1646530141975 31.490384615384617 83
1646530161613 31.490384615384617 84
1646530181245 31.490384615384617 85
1646530200873 31.490384615384617 86
1646530220506 31.490384615384617 87
1646530240130 31.490384615384617 88
1646530259763 31.490384615384617 89
1646530279395 31.490384615384617 90
1646530299029 31.490384615384617 91
1646530318657 31.490384615384617 92
1646530338281 31.490384615384617 93
1646530357914 31.490384615384617 94
1646530377543 31.490384615384617 95
1646530397174 31.490384615384617 96
1646530416802 31.490384615384617 97
1646530436429 31.490384615384617 98
1646530456060 31.490384615384617 99
