1646528506101 0.001 0
1646528526557 0.001 1
1646528547109 0.001 2
1646528568467 0.001 3
1646528588019 0.001 4
1646528608669 0.001 5
1646528628248 0.001 6
1646528647840 0.001 7
1646528668525 0.001 8
1646528689206 0.001 9
1646528708820 0.001 10
1646528728444 0.001 11
1646528748064 0.001 12
1646528767691 0.001 13
1646528787313 0.001 14
1646528806936 0.001 15
1646528826560 0.001 16
1646528846190 0.001 17
1646528865825 0.001 18
1646528885455 0.001 19
1646528905088 0.0005 20
1646528924721 0.0005 21
1646528944357 0.0005 22
1646528963994 0.0005 23
1646528983629 0.0005 24
1646529003269 0.0005 25
1646529022907 0.0005 26
1646529042542 0.0005 27
1646529062182 0.0005 28
1646529081820 0.0005 29
1646529101457 0.0005 30
1646529121095 0.0005 31
1646529140739 0.0005 32
1646529160380 0.0005 33
1646529180025 0.0005 34
1646529199659 0.0005 35
1646529219290 0.0005 36
1646529238924 0.0005 37
1646529258554 0.0005 38
1646529278181 0.0005 39
1646529297813 0.00025 40
1646529317437 0.00025 41
1646529337063 0.00025 42
1646529356689 0.00025 43
1646529376306 0.00025 44
1646529395934 0.00025 45
1646529415562 0.00025 46
1646529435196 0.00025 47
1646529454829 0.00025 48
1646529474466 0.00025 49
1646529494102 0.00025 50
1646529513736 0.00025 51
1646529533368 0.00025 52
1646529553005 0.00025 53
1646529572633 0.00025 54
1646529592259 0.00025 55
1646529611982 0.00025 56
1646529631600 0.00025 57
1646529651221 0.00025 58
1646529670846 0.00025 59
1646529690466 0.000125 60
1646529710090 0.000125 61
1646529729713 0.000125 62
1646529749337 0.000125 63
1646529768967 0.000125 64
1646529788593 0.000125 65
1646529808219 0.000125 66
1646529827847 0.000125 67
1646529847475 0.000125 68
1646529867105 0.000125 69
1646529886728 0.000125 70
1646529906345 0.000125 71
1646529925963 0.000125 72
1646529945581 0.000125 73
1646529965207 0.000125 74
1646529984836 0.000125 75
1646530004465 0.000125 76
1646530024095 0.000125 77
1646530043724 0.000125 78
1646530063359 0.000125 79
1646530082996 6.25e-05 80
1646530102679 6.25e-05 81
1646530122323 6.25e-05 82
1646530141963 6.25e-05 83
1646530161601 6.25e-05 84
1646530181231 6.25e-05 85
1646530200860 6.25e-05 86
1646530220492 6.25e-05 87
1646530240117 6.25e-05 88
1646530259750 6.25e-05 89
1646530279382 6.25e-05 90
1646530299016 6.25e-05 91
1646530318643 6.25e-05 92
1646530338269 6.25e-05 93
1646530357900 6.25e-05 94
1646530377530 6.25e-05 95
1646530397159 6.25e-05 96
1646530416789 6.25e-05 97
1646530436415 6.25e-05 98
1646530456045 6.25e-05 99
