1646528506105 3.114515697514569 0
1646528526561 1.367797972979369 1
1646528547112 1.0795913967821333 2
1646528568470 0.9022063701241104 3
1646528588022 0.7495842763671169 4
1646528608672 0.6452099675381625 5
1646528628251 0.5291785415675905 6
1646528647844 0.4269068897874267 7
1646528668528 0.34907522052526474 8
1646528689209 0.28816966657285337 9
1646528708823 4.86236809083709 10
1646528728447 2.460688083260148 11
1646528748067 2.040716968200825 12
1646528767694 1.783842835161421 13
1646528787316 1.5666098749196087 14
1646528806939 1.4071575204531352 15
1646528826563 1.2774631204428497 16
1646528846193 1.1017493473158941 17
1646528865829 0.9944243044764908 18
1646528885458 0.8999740691096695 19
1646528905091 0.7480344783376764 20
1646528924725 0.6846272216902839 21
1646528944360 0.6392588941035448 22
1646528963997 0.5883467230531905 23
1646528983632 0.5512060787942674 24
1646529003272 0.5066039462884268 25
1646529022910 0.47674074989778026 26
1646529042545 0.43735600621611986 27
1646529062184 0.4043251899657426 28
1646529081823 0.3805085078433708 29
1646529101461 0.3524067837882925 30
1646529121098 0.33377549962864983 31
1646529140741 0.3045926105093073 32
1646529160383 0.2796279622448815 33
1646529180029 0.25944551632360174 34
1646529199662 0.24134088776729726 35
1646529219293 0.21061175454545905 36
1646529238926 0.20515453097996889 37
1646529258557 0.18331089560632352 38
1646529278184 0.1722776754586785 39
1646529297816 0.14287069784822287 40
1646529317440 0.1375193554494116 41
1646529337066 0.12790403045989848 42
1646529356691 0.11893468336374671 43
1646529376309 0.11524572278614398 44
1646529395937 0.11330835597106705 45
1646529415565 0.10562504552028797 46
1646529435199 0.10375835774121461 47
1646529454832 0.09930844680854568 48
1646529474469 0.1011159052313478 49
1646529494105 0.09307137800863495 50
1646529513738 0.09105953118867344 51
1646529533371 0.08406708665468075 52
1646529553010 0.083235712652957 53
1646529572636 0.08632032145504598 54
1646529592262 0.08488607013391124 55
1646529611984 0.08110575343447703 56
1646529631603 0.08113563481580328 57
1646529651224 0.06347082072386036 58
1646529670849 0.07031504520111614 59
1646529690469 0.06328379963007238 60
1646529710093 0.05586692297624217 61
1646529729716 0.055645689057807125 62
1646529749340 0.05374533834832686 63
1646529768970 0.05275486961559013 64
1646529788595 0.051036498302386865 65
1646529808223 0.046983512256432464 66
1646529827849 0.04885423414547135 67
1646529847478 0.051450309723063754 68
1646529867109 0.04803286065106039 69
1646529886731 0.04678335706530898 70
1646529906349 0.043435944623693275 71
1646529925965 0.04564268517963312 72
1646529945584 0.04609784842641265 73
1646529965211 0.04567496544095101 74
1646529984840 0.04250520512599636 75
1646530004468 0.04404808418756282 76
1646530024098 0.04320198069843981 77
1646530043728 0.042978838120621664 78
1646530063363 0.040147858671844006 79
1646530082999 0.03901766326830343 80
1646530102682 0.03447950117427994 81
1646530122326 0.0339947758173501 82
1646530141966 0.031120180824978486 83
1646530161604 0.03298099718436047 84
1646530181234 0.033891523256897926 85
1646530200863 0.03237411400510205 86
1646530220495 0.03365097277694278 87
1646530240120 0.03258463899018588 88
1646530259753 0.033484143618908196 89
1646530279385 0.030239750355206155 90
1646530299019 0.03083435358065698 91
1646530318646 0.031374144074679526 92
1646530338272 0.033617180254724294 93
1646530357904 0.036849283061369704 94
1646530377533 0.027792955541776285 95
1646530397162 0.026862470053688244 96
1646530416792 0.02614978136908677 97
1646530436419 0.03192425253628581 98
1646530456049 0.030651239712757093 99
