1646528506109 44.84953703703704 0
1646528526565 64.39525462962963 1
1646528547116 70.34143518518519 2
1646528568474 74.43576388888889 3
1646528588026 78.26967592592592 4
1646528608677 80.42534722222223 5
1646528628255 83.39120370370371 6
1646528647848 87.05150462962963 7
1646528668532 89.51099537037037 8
1646528689213 90.79861111111111 9
1646528708827 38.0931712962963 10
1646528728452 47.65625 11
1646528748072 52.18460648148148 12
1646528767698 56.510416666666664 13
1646528787320 60.63368055555556 14
1646528806943 62.890625 15
1646528826567 65.37905092592592 16
1646528846198 69.03935185185185 17
1646528865834 71.60011574074075 18
1646528885464 74.08854166666667 19
1646528905097 78.09606481481481 20
1646528924729 79.87557870370371 21
1646528944364 81.40914351851852 22
1646528964003 82.63888888888889 23
1646528983636 83.75289351851852 24
1646529003277 85.67708333333333 25
1646529022914 86.3136574074074 26
1646529042550 87.77488425925925 27
1646529062188 88.80208333333333 28
1646529081828 89.75694444444444 29
1646529101465 90.65393518518519 30
1646529121102 91.30497685185185 31
1646529140746 92.21643518518519 32
1646529160388 93.05555555555556 33
1646529180033 93.61979166666667 34
1646529199667 94.21296296296296 35
1646529219297 95.42824074074075 36
1646529238931 95.37037037037037 37
1646529258561 96.16608796296296 38
1646529278188 96.4988425925926 39
1646529297820 97.69965277777777 40
1646529317444 97.32349537037037 41
1646529337071 97.6417824074074 42
1646529356695 97.87326388888889 43
1646529376313 97.96006944444444 44
1646529395941 98.0324074074074 45
1646529415569 98.30729166666667 46
1646529435204 98.48090277777777 47
1646529454836 98.35069444444444 48
1646529474473 98.23495370370371 49
1646529494111 98.49537037037037 50
1646529513743 98.56770833333333 51
1646529533376 98.66898148148148 52
1646529553017 98.66898148148148 53
1646529572641 98.4519675925926 54
1646529592267 98.58217592592592 55
1646529611989 98.66898148148148 56
1646529631607 98.74131944444444 57
1646529651229 99.16087962962963 58
1646529670854 98.8136574074074 59
1646529690474 99.18981481481481 60
1646529710097 99.21875 61
1646529729720 99.14641203703704 62
1646529749344 99.30555555555556 63
1646529768975 99.29108796296296 64
1646529788600 99.2332175925926 65
1646529808228 99.40682870370371 66
1646529827854 99.2332175925926 67
1646529847483 99.14641203703704 68
1646529867114 99.29108796296296 69
1646529886736 99.29108796296296 70
1646529906354 99.50810185185185 71
1646529925970 99.39236111111111 72
1646529945588 99.34895833333333 73
1646529965215 99.33449074074075 74
1646529984844 99.46469907407408 75
1646530004473 99.36342592592592 76
1646530024103 99.36342592592592 77
1646530043732 99.30555555555556 78
1646530063368 99.52256944444444 79
1646530083003 99.49363425925925 80
1646530102686 99.609375 81
1646530122330 99.6238425925926 82
1646530141971 99.6238425925926 83
1646530161608 99.56597222222223 84
1646530181241 99.47916666666667 85
1646530200868 99.58043981481481 86
1646530220501 99.52256944444444 87
1646530240125 99.58043981481481 88
1646530259758 99.52256944444444 89
1646530279390 99.69618055555556 90
1646530299025 99.6238425925926 91
1646530318652 99.56597222222223 92
1646530338276 99.53703703703704 93
1646530357909 99.30555555555556 94
1646530377538 99.72511574074075 95
1646530397168 99.72511574074075 96
1646530416797 99.66724537037037 97
1646530436424 99.58043981481481 98
1646530456054 99.50810185185185 99
