1646521702274 0 0
1646521725161 17.708333333333332 1
1646521746080 26.07060185185185 2
1646521766996 32.421875 3
1646521787934 36.80555555555556 4
1646521808874 38.151041666666664 5
1646521829818 40.27777777777778 6
1646521850772 41.001157407407405 7
1646521871738 41.030092592592595 8
1646521892752 41.36284722222222 9
1646521913718 41.927083333333336 10
1646521933412 41.927083333333336 11
1646521953104 41.927083333333336 12
1646521972787 41.927083333333336 13
1646521993746 43.214699074074076 14
1646522013428 43.214699074074076 15
1646522033118 43.214699074074076 16
1646522052810 43.214699074074076 17
1646522072505 43.214699074074076 18
1646522092200 43.214699074074076 19
1646522113043 43.214699074074076 20
1646522132729 43.214699074074076 21
1646522152410 43.214699074074076 22
1646522172664 43.214699074074076 23
1646522192432 43.214699074074076 24
1646522212116 43.214699074074076 25
1646522231805 43.214699074074076 26
1646522251483 43.214699074074076 27
1646522271163 43.214699074074076 28
1646522290856 43.214699074074076 29
1646522310547 43.214699074074076 30
1646522330236 43.214699074074076 31
1646522349917 43.214699074074076 32
1646522369594 43.214699074074076 33
1646522389283 43.214699074074076 34
1646522408970 43.214699074074076 35
1646522428657 43.214699074074076 36
1646522449890 43.214699074074076 37
1646522469574 43.214699074074076 38
1646522489254 43.214699074074076 39
1646522508944 43.214699074074076 40
1646522530548 43.214699074074076 41
1646522550226 43.214699074074076 42
1646522569908 43.214699074074076 43
1646522589594 43.214699074074076 44
1646522609281 43.214699074074076 45
1646522628964 43.214699074074076 46
1646522648656 43.214699074074076 47
1646522668339 43.214699074074076 48
1646522688028 43.214699074074076 49
1646522708988 43.214699074074076 50
1646522728671 43.214699074074076 51
1646522748356 43.214699074074076 52
1646522768049 43.214699074074076 53
1646522787734 43.214699074074076 54
1646522807427 43.214699074074076 55
1646522827120 43.214699074074076 56
1646522846812 43.214699074074076 57
1646522866501 43.214699074074076 58
1646522886193 43.214699074074076 59
1646522905888 43.214699074074076 60
1646522925575 43.214699074074076 61
1646522945262 43.214699074074076 62
1646522964956 43.214699074074076 63
1646522984645 43.214699074074076 64
1646523004341 43.214699074074076 65
1646523024029 43.214699074074076 66
1646523043717 43.214699074074076 67
1646523063409 43.214699074074076 68
1646523083095 43.214699074074076 69
1646523102789 43.214699074074076 70
1646523122484 43.214699074074076 71
1646523142178 43.214699074074076 72
1646523161862 43.214699074074076 73
1646523181557 43.214699074074076 74
1646523201250 43.214699074074076 75
1646523220941 43.214699074074076 76
1646523240635 43.214699074074076 77
1646523260334 43.214699074074076 78
1646523280030 43.214699074074076 79
1646523299725 43.214699074074076 80
1646523319411 43.214699074074076 81
1646523339102 43.214699074074076 82
1646523358796 43.214699074074076 83
1646523378483 43.214699074074076 84
1646523398177 43.214699074074076 85
1646523417873 43.214699074074076 86
1646523437569 43.214699074074076 87
1646523457261 43.214699074074076 88
1646523476958 43.214699074074076 89
1646523496658 43.214699074074076 90
1646523516357 43.214699074074076 91
1646523536050 43.214699074074076 92
1646523555740 43.214699074074076 93
1646523575439 43.214699074074076 94
1646523595134 43.214699074074076 95
1646523615269 43.214699074074076 96
1646523634959 43.214699074074076 97
1646523654647 43.214699074074076 98
1646523674337 43.214699074074076 99
