1646521702262 0.001 0
1646521724086 0.001 1
1646521746067 0.001 2
1646521766983 0.001 3
1646521787922 0.001 4
1646521808861 0.001 5
1646521829808 0.001 6
1646521850762 0.001 7
1646521871725 0.001 8
1646521892740 0.001 9
1646521913706 0.001 10
1646521933401 0.001 11
1646521953088 0.001 12
1646521972775 0.001 13
1646521993736 0.001 14
1646522013417 0.001 15
1646522033106 0.001 16
1646522052799 0.001 17
1646522072494 0.001 18
1646522092188 0.001 19
1646522113032 0.0005 20
1646522132718 0.0005 21
1646522152396 0.0005 22
1646522172653 0.0005 23
1646522192420 0.0005 24
1646522212104 0.0005 25
1646522231793 0.0005 26
1646522251472 0.0005 27
1646522271153 0.0005 28
1646522290843 0.0005 29
1646522310534 0.0005 30
1646522330222 0.0005 31
1646522349905 0.0005 32
1646522369582 0.0005 33
1646522389271 0.0005 34
1646522408958 0.0005 35
1646522428646 0.0005 36
1646522449879 0.0005 37
1646522469562 0.0005 38
1646522489242 0.0005 39
1646522508932 0.00025 40
1646522530536 0.00025 41
1646522550214 0.00025 42
1646522569897 0.00025 43
1646522589582 0.00025 44
1646522609269 0.00025 45
1646522628953 0.00025 46
1646522648644 0.00025 47
1646522668328 0.00025 48
1646522688016 0.00025 49
1646522708977 0.00025 50
1646522728659 0.00025 51
1646522748344 0.00025 52
1646522768037 0.00025 53
1646522787722 0.00025 54
1646522807415 0.00025 55
1646522827107 0.00025 56
1646522846800 0.00025 57
1646522866489 0.00025 58
1646522886181 0.00025 59
1646522905874 0.000125 60
1646522925562 0.000125 61
1646522945249 0.000125 62
1646522964942 0.000125 63
1646522984632 0.000125 64
1646523004328 0.000125 65
1646523024014 0.000125 66
1646523043703 0.000125 67
1646523063396 0.000125 68
1646523083081 0.000125 69
1646523102775 0.000125 70
1646523122469 0.000125 71
1646523142166 0.000125 72
1646523161849 0.000125 73
1646523181543 0.000125 74
1646523201237 0.000125 75
1646523220927 0.000125 76
1646523240619 0.000125 77
1646523260320 0.000125 78
1646523280017 0.000125 79
1646523299711 6.25e-05 80
1646523319397 6.25e-05 81
1646523339086 6.25e-05 82
1646523358783 6.25e-05 83
1646523378470 6.25e-05 84
1646523398164 6.25e-05 85
1646523417860 6.25e-05 86
1646523437556 6.25e-05 87
1646523457248 6.25e-05 88
1646523476945 6.25e-05 89
1646523496645 6.25e-05 90
1646523516344 6.25e-05 91
1646523536038 6.25e-05 92
1646523555729 6.25e-05 93
1646523575427 6.25e-05 94
1646523595121 6.25e-05 95
1646523615256 6.25e-05 96
1646523634947 6.25e-05 97
1646523654637 6.25e-05 98
1646523674324 6.25e-05 99
