1646521702265 6.690220170550877 0
1646521724511 1.991715751312397 1
1646521746070 1.6338577138053045 2
1646521766986 1.4235207791681643 3
1646521787925 1.279207585034547 4
1646521808864 1.142993050592917 5
1646521829811 1.0513764376993533 6
1646521850765 0.9369852862976216 7
1646521871728 0.8585518874503948 8
1646521892744 0.7857089616634227 9
1646521913709 0.7027333108363328 10
1646521933404 0.6517598860793643 11
1646521953093 0.5817858195967145 12
1646521972778 0.5207595692740546 13
1646521993739 0.465632313379535 14
1646522013419 0.4207766337527169 15
1646522033109 0.38085100413472567 16
1646522052802 0.34420062684350544 17
1646522072496 0.2933782278387635 18
1646522092191 0.275092921047299 19
1646522113035 0.20618353301176318 20
1646522132720 0.16729135935505232 21
1646522152400 0.14737429083497436 22
1646522172656 0.14043837633949738 23
1646522192423 0.12511968226344497 24
1646522212107 0.11203134646294294 25
1646522231796 0.11760543183320099 26
1646522251475 0.11598810112034832 27
1646522271156 0.09767960349994677 28
1646522290846 0.09241147084092652 29
1646522310537 0.10761422808799478 30
1646522330225 0.09767334715083793 31
1646522349908 0.08809139717508245 32
1646522369585 0.09007634422569363 33
1646522389274 0.08699977494500301 34
1646522408961 0.07441439410602604 35
1646522428648 0.07765100875662433 36
1646522449882 0.07623978821491753 37
1646522469565 0.06283226816190614 38
1646522489245 0.06593253998154844 39
1646522508935 0.04202688212885901 40
1646522530539 0.03927748981449339 41
1646522550217 0.02950878053282698 42
1646522569900 0.029363124993526273 43
1646522589585 0.028664564903549575 44
1646522609272 0.02702406592046221 45
1646522628955 0.02636166963795269 46
1646522648646 0.027206921329100926 47
1646522668331 0.03110234235861787 48
1646522688019 0.030585103185364493 49
1646522708980 0.02814609560839556 50
1646522728661 0.02326994285815292 51
1646522748347 0.022803820359210174 52
1646522768040 0.02561643883516943 53
1646522787725 0.026194796069628663 54
1646522807418 0.02708314097038022 55
1646522827111 0.024316111898601608 56
1646522846803 0.023230664414802083 57
1646522866492 0.02894281349317343 58
1646522886184 0.02575525691456817 59
1646522905877 0.02054805021422605 60
1646522925565 0.01479993870102421 61
1646522945252 0.016218100959021185 62
1646522964945 0.014833172421074577 63
1646522984635 0.013991044635918957 64
1646523004331 0.01355849262499423 65
1646523024017 0.01367197054679747 66
1646523043706 0.013773746314217095 67
1646523063399 0.012944549667062584 68
1646523083085 0.012772653407106796 69
1646523102779 0.01026713706690956 70
1646523122472 0.011328145094146883 71
1646523142169 0.011093312684722521 72
1646523161852 0.010864967704509143 73
1646523181547 0.012211529296581392 74
1646523201240 0.011486480469573979 75
1646523220931 0.014165771616346858 76
1646523240623 0.012228508945554495 77
1646523260324 0.010827344898306937 78
1646523280020 0.013621797914513283 79
1646523299715 0.010553469864168653 80
1646523319400 0.008985183188795216 81
1646523339089 0.007342672044480288 82
1646523358786 0.007655648777640804 83
1646523378473 0.008294594737149222 84
1646523398167 0.0074802939348888615 85
1646523417863 0.007865616840448368 86
1646523437559 0.007555072726164427 87
1646523457251 0.009209611642829798 88
1646523476948 0.007806788854025028 89
1646523496648 0.00737475596057872 90
1646523516347 0.007954464608768898 91
1646523536041 0.007385507989157405 92
1646523555732 0.009359781699324096 93
1646523575430 0.007088417109722893 94
1646523595124 0.009078905395990997 95
1646523615259 0.008184089019239225 96
1646523634950 0.006571767049738103 97
1646523654639 0.005806724907381943 98
1646523674327 0.007383536499993944 99
