1646521702270 28.587962962962962 0
1646521725154 48.87152777777778 1
1646521746076 55.642361111111114 2
1646521766991 60.27199074074074 3
1646521787930 63.657407407407405 4
1646521808870 66.97048611111111 5
1646521829814 69.84953703703704 6
1646521850769 73.4375 7
1646521871733 75.10127314814815 8
1646521892748 77.22800925925925 9
1646521913713 79.71643518518519 10
1646521933408 80.32407407407408 11
1646521953099 83.15972222222223 12
1646521972783 84.89583333333333 13
1646521993743 86.63194444444444 14
1646522013423 87.94849537037037 15
1646522033113 89.69907407407408 16
1646522052805 90.56712962962963 17
1646522072501 91.95601851851852 18
1646522092195 92.44791666666667 19
1646522113039 94.99421296296296 20
1646522132725 95.84780092592592 21
1646522152404 96.58564814814815 22
1646522172660 96.75925925925925 23
1646522192427 97.39583333333333 24
1646522212111 97.58391203703704 25
1646522231800 97.36689814814815 26
1646522251479 97.54050925925925 27
1646522271160 97.98900462962963 28
1646522290851 98.00347222222223 29
1646522310542 97.54050925925925 30
1646522330230 97.69965277777777 31
1646522349913 97.98900462962963 32
1646522369590 97.87326388888889 33
1646522389278 98.10474537037037 34
1646522408965 98.4375 35
1646522428652 98.19155092592592 36
1646522449886 98.32175925925925 37
1646522469570 98.56770833333333 38
1646522489250 98.55324074074075 39
1646522508939 99.33449074074075 40
1646522530543 99.16087962962963 41
1646522550221 99.56597222222223 42
1646522569904 99.52256944444444 43
1646522589589 99.47916666666667 44
1646522609276 99.53703703703704 45
1646522628960 99.609375 46
1646522648651 99.49363425925925 47
1646522668335 99.39236111111111 48
1646522688024 99.47916666666667 49
1646522708984 99.45023148148148 50
1646522728667 99.63831018518519 51
1646522748351 99.58043981481481 52
1646522768045 99.49363425925925 53
1646522787729 99.49363425925925 54
1646522807423 99.46469907407408 55
1646522827116 99.5949074074074 56
1646522846808 99.55150462962963 57
1646522866496 99.32002314814815 58
1646522886189 99.65277777777777 59
1646522905882 99.6238425925926 60
1646522925570 99.84085648148148 61
1646522945257 99.72511574074075 62
1646522964951 99.82638888888889 63
1646522984640 99.76851851851852 64
1646523004336 99.75405092592592 65
1646523024023 99.78298611111111 66
1646523043712 99.79745370370371 67
1646523063405 99.79745370370371 68
1646523083090 99.84085648148148 69
1646523102784 99.85532407407408 70
1646523122478 99.85532407407408 71
1646523142174 99.85532407407408 72
1646523161857 99.86979166666667 73
1646523181552 99.81192129629629 74
1646523201245 99.82638888888889 75
1646523220936 99.73958333333333 76
1646523240630 99.85532407407408 77
1646523260328 99.84085648148148 78
1646523280025 99.71064814814815 79
1646523299720 99.82638888888889 80
1646523319406 99.85532407407408 81
1646523339095 99.91319444444444 82
1646523358791 99.92766203703704 83
1646523378478 99.84085648148148 84
1646523398172 99.94212962962963 85
1646523417868 99.92766203703704 86
1646523437565 99.94212962962963 87
1646523457256 99.84085648148148 88
1646523476954 99.92766203703704 89
1646523496653 99.92766203703704 90
1646523516352 99.94212962962963 91
1646523536046 99.95659722222223 92
1646523555736 99.85532407407408 93
1646523575434 99.91319444444444 94
1646523595129 99.82638888888889 95
1646523615264 99.91319444444444 96
1646523634955 99.95659722222223 97
1646523654644 99.95659722222223 98
1646523674332 99.86979166666667 99
