1646521704513 0 0
1646521727110 15.393518518518519 1
1646521748557 23.466435185185187 2
1646521770007 30.17939814814815 3
1646521791463 35.011574074074076 4
1646521812917 35.054976851851855 5
1646521834378 38.802083333333336 6
1646521855848 40.55266203703704 7
1646521877307 40.98668981481482 8
1646521898829 42.62152777777778 9
1646521918911 42.62152777777778 10
1646521939005 42.62152777777778 11
1646521960471 43.08449074074074 12
1646521980567 43.08449074074074 13
1646522000659 43.08449074074074 14
1646522020742 43.08449074074074 15
1646522040832 43.08449074074074 16
1646522060922 43.08449074074074 17
1646522081022 43.08449074074074 18
1646522101114 43.08449074074074 19
1646522122156 43.08449074074074 20
1646522142241 43.08449074074074 21
1646522162902 43.08449074074074 22
1646522182985 43.08449074074074 23
1646522203072 43.08449074074074 24
1646522223159 43.08449074074074 25
1646522243250 43.08449074074074 26
1646522263337 43.08449074074074 27
1646522283428 43.08449074074074 28
1646522303522 43.08449074074074 29
1646522323615 43.08449074074074 30
1646522343705 43.08449074074074 31
1646522363793 43.08449074074074 32
1646522383884 43.08449074074074 33
1646522403975 43.08449074074074 34
1646522424066 43.08449074074074 35
1646522445760 43.08449074074074 36
1646522465855 43.08449074074074 37
1646522485948 43.08449074074074 38
1646522506037 43.08449074074074 39
1646522528030 43.08449074074074 40
1646522548119 43.08449074074074 41
1646522568208 43.08449074074074 42
1646522588299 43.08449074074074 43
1646522608393 43.08449074074074 44
1646522628493 43.08449074074074 45
1646522648584 43.08449074074074 46
1646522668679 43.08449074074074 47
1646522688774 43.08449074074074 48
1646522710323 43.08449074074074 49
1646522730416 43.08449074074074 50
1646522750512 43.08449074074074 51
1646522770606 43.08449074074074 52
1646522790698 43.08449074074074 53
1646522810794 43.08449074074074 54
1646522830890 43.08449074074074 55
1646522850982 43.08449074074074 56
1646522871075 43.08449074074074 57
1646522891166 43.08449074074074 58
1646522911265 43.08449074074074 59
1646522931343 43.08449074074074 60
1646522951428 43.08449074074074 61
1646522971520 43.08449074074074 62
1646522991613 43.08449074074074 63
1646523011703 43.08449074074074 64
1646523031795 43.08449074074074 65
1646523051886 43.08449074074074 66
1646523071976 43.08449074074074 67
1646523092071 43.08449074074074 68
1646523112159 43.08449074074074 69
1646523132252 43.08449074074074 70
1646523152343 43.08449074074074 71
1646523172432 43.08449074074074 72
1646523192521 43.08449074074074 73
1646523212608 43.08449074074074 74
1646523232698 43.08449074074074 75
1646523252770 43.08449074074074 76
1646523272846 43.08449074074074 77
1646523292923 43.08449074074074 78
1646523312997 43.08449074074074 79
1646523333071 43.08449074074074 80
1646523353148 43.08449074074074 81
1646523373224 43.08449074074074 82
1646523393298 43.08449074074074 83
1646523413375 43.08449074074074 84
1646523433451 43.08449074074074 85
1646523453526 43.08449074074074 86
1646523473600 43.08449074074074 87
1646523493673 43.08449074074074 88
1646523513748 43.08449074074074 89
1646523533842 43.08449074074074 90
1646523553934 43.08449074074074 91
1646523574024 43.08449074074074 92
1646523594117 43.08449074074074 93
1646523614783 43.08449074074074 94
1646523634869 43.08449074074074 95
1646523654965 43.08449074074074 96
1646523675054 43.08449074074074 97
1646523695141 43.08449074074074 98
1646523715237 43.08449074074074 99
