1646521702797 0.001 0
1646521727100 0.001 1
1646521748544 0.001 2
1646521769996 0.001 3
1646521791453 0.001 4
1646521812908 0.001 5
1646521834365 0.001 6
1646521855837 0.001 7
1646521877294 0.001 8
1646521898818 0.001 9
1646521918899 0.001 10
1646521938992 0.001 11
1646521960460 0.001 12
1646521980553 0.001 13
1646522000649 0.001 14
1646522020732 0.001 15
1646522040821 0.001 16
1646522060910 0.001 17
1646522081010 0.001 18
1646522101101 0.001 19
1646522122144 0.0005 20
1646522142229 0.0005 21
1646522162892 0.0005 22
1646522182974 0.0005 23
1646522203061 0.0005 24
1646522223148 0.0005 25
1646522243239 0.0005 26
1646522263325 0.0005 27
1646522283415 0.0005 28
1646522303512 0.0005 29
1646522323603 0.0005 30
1646522343692 0.0005 31
1646522363782 0.0005 32
1646522383873 0.0005 33
1646522403964 0.0005 34
1646522424054 0.0005 35
1646522445748 0.0005 36
1646522465843 0.0005 37
1646522485937 0.0005 38
1646522506025 0.0005 39
1646522528019 0.00025 40
1646522548107 0.00025 41
1646522568196 0.00025 42
1646522588286 0.00025 43
1646522608381 0.00025 44
1646522628481 0.00025 45
1646522648572 0.00025 46
1646522668669 0.00025 47
1646522688762 0.00025 48
1646522710311 0.00025 49
1646522730404 0.00025 50
1646522750499 0.00025 51
1646522770594 0.00025 52
1646522790686 0.00025 53
1646522810783 0.00025 54
1646522830878 0.00025 55
1646522850969 0.00025 56
1646522871063 0.00025 57
1646522891154 0.00025 58
1646522911251 0.00025 59
1646522931329 0.000125 60
1646522951413 0.000125 61
1646522971506 0.000125 62
1646522991601 0.000125 63
1646523011689 0.000125 64
1646523031781 0.000125 65
1646523051872 0.000125 66
1646523071961 0.000125 67
1646523092057 0.000125 68
1646523112145 0.000125 69
1646523132238 0.000125 70
1646523152331 0.000125 71
1646523172417 0.000125 72
1646523192506 0.000125 73
1646523212595 0.000125 74
1646523232683 0.000125 75
1646523252757 0.000125 76
1646523272833 0.000125 77
1646523292911 0.000125 78
1646523312983 0.000125 79
1646523333057 6.25e-05 80
1646523353135 6.25e-05 81
1646523373210 6.25e-05 82
1646523393283 6.25e-05 83
1646523413362 6.25e-05 84
1646523433438 6.25e-05 85
1646523453512 6.25e-05 86
1646523473587 6.25e-05 87
1646523493660 6.25e-05 88
1646523513736 6.25e-05 89
1646523533829 6.25e-05 90
1646523553922 6.25e-05 91
1646523574011 6.25e-05 92
1646523594107 6.25e-05 93
1646523614769 6.25e-05 94
1646523634856 6.25e-05 95
1646523654954 6.25e-05 96
1646523675043 6.25e-05 97
1646523695128 6.25e-05 98
1646523715222 6.25e-05 99
