1646521704049 27.025462962962962 0
1646521727106 46.2818287037037 1
1646521748553 54.441550925925924 2
1646521770003 59.432870370370374 3
1646521791460 63.064236111111114 4
1646521812914 65.76967592592592 5
1646521834373 68.60532407407408 6
1646521855844 71.60011574074075 7
1646521877303 73.40856481481481 8
1646521898825 75.44849537037037 9
1646521918907 78.24074074074075 10
1646521939001 80.55555555555556 11
1646521960467 83.08738425925925 12
1646521980562 83.85416666666667 13
1646522000655 85.59027777777777 14
1646522020739 87.71701388888889 15
1646522040828 88.35358796296296 16
1646522060917 89.30844907407408 17
1646522081017 90.71180555555556 18
1646522101109 92.04282407407408 19
1646522122152 94.5457175925926 20
1646522142237 95.55844907407408 21
1646522162899 96.02141203703704 22
1646522182981 95.6886574074074 23
1646522203068 97.33796296296296 24
1646522223156 96.99074074074075 25
1646522243246 96.90393518518519 26
1646522263333 97.41030092592592 27
1646522283423 97.61284722222223 28
1646522303519 97.71412037037037 29
1646522323610 97.93113425925925 30
1646522343700 97.85879629629629 31
1646522363789 98.33622685185185 32
1646522383880 98.29282407407408 33
1646522403971 98.39409722222223 34
1646522424061 98.39409722222223 35
1646522445755 98.01793981481481 36
1646522465851 98.0613425925926 37
1646522485944 97.93113425925925 38
1646522506033 97.85879629629629 39
1646522528027 98.90046296296296 40
1646522548115 99.24768518518519 41
1646522568203 99.37789351851852 42
1646522588294 99.49363425925925 43
1646522608389 99.47916666666667 44
1646522628488 99.32002314814815 45
1646522648579 99.37789351851852 46
1646522668675 99.39236111111111 47
1646522688769 99.50810185185185 48
1646522710317 99.56597222222223 49
1646522730412 99.47916666666667 50
1646522750507 99.49363425925925 51
1646522770602 99.52256944444444 52
1646522790693 99.43576388888889 53
1646522810791 99.53703703703704 54
1646522830885 99.5949074074074 55
1646522850978 99.58043981481481 56
1646522871070 99.5949074074074 57
1646522891162 99.68171296296296 58
1646522911258 99.46469907407408 59
1646522931338 99.45023148148148 60
1646522951422 99.69618055555556 61
1646522971515 99.73958333333333 62
1646522991609 99.73958333333333 63
1646523011697 99.84085648148148 64
1646523031790 99.79745370370371 65
1646523051881 99.85532407407408 66
1646523071971 99.84085648148148 67
1646523092065 99.86979166666667 68
1646523112153 99.84085648148148 69
1646523132247 99.78298611111111 70
1646523152338 99.79745370370371 71
1646523172427 99.82638888888889 72
1646523192516 99.88425925925925 73
1646523212603 99.81192129629629 74
1646523232694 99.92766203703704 75
1646523252766 99.88425925925925 76
1646523272841 99.85532407407408 77
1646523292919 99.88425925925925 78
1646523312992 99.81192129629629 79
1646523333065 99.88425925925925 80
1646523353144 99.79745370370371 81
1646523373218 99.79745370370371 82
1646523393292 99.88425925925925 83
1646523413371 99.82638888888889 84
1646523433447 99.84085648148148 85
1646523453520 99.81192129629629 86
1646523473596 99.86979166666667 87
1646523493668 99.84085648148148 88
1646523513744 99.85532407407408 89
1646523533837 99.88425925925925 90
1646523553930 99.92766203703704 91
1646523574019 99.86979166666667 92
1646523594113 99.86979166666667 93
1646523614777 99.81192129629629 94
1646523634864 99.89872685185185 95
1646523654961 99.89872685185185 96
1646523675050 99.92766203703704 97
1646523695137 99.95659722222223 98
1646523715232 99.89872685185185 99
