1646521703264 10.064234671769318 0
1646521727103 2.0761675084078752 1
1646521748548 1.69433578076186 2
1646521769999 1.464650641988825 3
1646521791456 1.3050084820500127 4
1646521812911 1.1815807112941035 5
1646521834369 1.0699454777770572 6
1646521855840 0.9738778924500501 7
1646521877297 0.8956784915041041 8
1646521898821 0.8191494731991379 9
1646521918903 0.7377304611382661 10
1646521938996 0.6700332937417207 11
1646521960463 0.5934118396706052 12
1646521980557 0.5535793387227588 13
1646522000652 0.4990202111226541 14
1646522020735 0.4396097676621543 15
1646522040824 0.40779096633195877 16
1646522060913 0.3824303947665073 17
1646522081013 0.33300550199217266 18
1646522101104 0.29789076028046785 19
1646522122147 0.22021362875346784 20
1646522142232 0.1929558581776089 21
1646522162895 0.17197329219844606 22
1646522182976 0.16796799224835854 23
1646522203064 0.14173281910242858 24
1646522223152 0.1376099732738954 25
1646522243242 0.1405356400128868 26
1646522263328 0.12021206636671666 27
1646522283418 0.1112636867220755 28
1646522303515 0.10990784675986678 29
1646522323606 0.10088393174939686 30
1646522343695 0.09837338811269512 31
1646522363785 0.08302769740974461 32
1646522383876 0.08242559122542541 33
1646522403967 0.07844345795887488 34
1646522424057 0.07515937296880616 35
1646522445751 0.08955072459799272 36
1646522465847 0.0813970220171743 37
1646522485940 0.08727503623123523 38
1646522506028 0.08648699718630976 39
1646522528022 0.057650705351045835 40
1646522548110 0.041682205749330695 41
1646522568199 0.036730777403270756 42
1646522588289 0.03492481640919491 43
1646522608384 0.03402059313116802 44
1646522628484 0.03473521767322112 45
1646522648575 0.03500344010966795 46
1646522668671 0.033612285309505684 47
1646522688765 0.027001751155626995 48
1646522710313 0.028252592172335694 49
1646522730407 0.031303093354735106 50
1646522750503 0.028556252122615224 51
1646522770597 0.02663279552426603 52
1646522790689 0.030129935454439233 53
1646522810786 0.028876292605504946 54
1646522830881 0.02450394029384134 55
1646522850972 0.02596100112768235 56
1646522871066 0.026772981871747308 57
1646522891157 0.021255729857970168 58
1646522911253 0.027113126245913683 59
1646522931332 0.025245653137702634 60
1646522951417 0.019200841956599442 61
1646522971509 0.016297644107706018 62
1646522991604 0.015199752705585625 63
1646523011692 0.013961765251156909 64
1646523031784 0.015027555611191524 65
1646523051876 0.013420079308734447 66
1646523071965 0.013056777615996974 67
1646523092060 0.013502674487729868 68
1646523112148 0.013230880532689669 69
1646523132242 0.014938283177023684 70
1646523152334 0.014854114821732597 71
1646523172421 0.012240823065103204 72
1646523192510 0.01180506852041516 73
1646523212598 0.012926488795697137 74
1646523232687 0.01118889187152187 75
1646523252761 0.0116028105020868 76
1646523272836 0.011521150090697187 77
1646523292914 0.012848580023273826 78
1646523312987 0.014262049527907814 79
1646523333060 0.010764300961185384 80
1646523353138 0.011464318639978214 81
1646523373213 0.011020832876157429 82
1646523393287 0.010393935721367598 83
1646523413365 0.009921911612360014 84
1646523433441 0.010555995835198296 85
1646523453515 0.010893355585048321 86
1646523473591 0.010285141149156348 87
1646523493664 0.00949822452471212 88
1646523513739 0.009905375410906143 89
1646523533832 0.008634655688958312 90
1646523553925 0.008776815681442342 91
1646523574014 0.008747781695867027 92
1646523594109 0.009225609341498327 93
1646523614772 0.010603373352852132 94
1646523634859 0.008149179828318732 95
1646523654957 0.009834448358526936 96
1646523675046 0.007919649511610193 97
1646523695131 0.007737596148487042 98
1646523715226 0.008933747372658993 99
