1646513687170 0 0
1646513706993 26.83423913043478 1
1646513726888 41.50815217391305 2
1646513746819 47.35054347826087 3
1646513766783 53.702445652173914 4
1646513786755 55.70652173913044 5
1646513806726 58.15217391304348 6
1646513826700 59.171195652173914 7
1646513846672 59.85054347826087 8
1646513865272 59.85054347826087 9
1646513883882 59.85054347826087 10
1646513902488 59.85054347826087 11
1646513921099 59.85054347826087 12
1646513939710 59.85054347826087 13
1646513959706 60.05434782608695 14
1646513978322 60.05434782608695 15
1646513996928 60.05434782608695 16
1646514015545 60.05434782608695 17
1646514034152 60.05434782608695 18
1646514054139 61.03940217391305 19
1646514072744 61.03940217391305 20
1646514092718 61.17527173913044 21
1646514111321 61.17527173913044 22
1646514129919 61.17527173913044 23
1646514148522 61.17527173913044 24
1646514167123 61.17527173913044 25
1646514185726 61.17527173913044 26
1646514204334 61.17527173913044 27
1646514222938 61.17527173913044 28
1646514241548 61.17527173913044 29
1646514260152 61.17527173913044 30
1646514278760 61.17527173913044 31
1646514297371 61.17527173913044 32
1646514315974 61.17527173913044 33
1646514334587 61.17527173913044 34
1646514353199 61.17527173913044 35
1646514371812 61.17527173913044 36
1646514390424 61.17527173913044 37
1646514409033 61.17527173913044 38
1646514427636 61.17527173913044 39
1646514446243 61.17527173913044 40
1646514466214 61.20923913043478 41
1646514484820 61.20923913043478 42
1646514503427 61.20923913043478 43
1646514522033 61.20923913043478 44
1646514540644 61.20923913043478 45
1646514559245 61.20923913043478 46
1646514577857 61.20923913043478 47
1646514596454 61.20923913043478 48
1646514615056 61.20923913043478 49
1646514633653 61.20923913043478 50
1646514652254 61.20923913043478 51
1646514670852 61.20923913043478 52
1646514689453 61.20923913043478 53
1646514708059 61.20923913043478 54
1646514726664 61.20923913043478 55
1646514745279 61.20923913043478 56
1646514763894 61.20923913043478 57
1646514782502 61.20923913043478 58
1646514801113 61.20923913043478 59
1646514819721 61.20923913043478 60
1646514838333 61.20923913043478 61
1646514856942 61.20923913043478 62
1646514875552 61.20923913043478 63
1646514894162 61.20923913043478 64
1646514912773 61.20923913043478 65
1646514931386 61.20923913043478 66
1646514949994 61.20923913043478 67
1646514968607 61.20923913043478 68
1646514987216 61.20923913043478 69
1646515005826 61.20923913043478 70
1646515024439 61.20923913043478 71
1646515043054 61.20923913043478 72
1646515061660 61.20923913043478 73
1646515080271 61.20923913043478 74
1646515098878 61.20923913043478 75
1646515117487 61.20923913043478 76
1646515136098 61.20923913043478 77
1646515154762 61.20923913043478 78
1646515173380 61.20923913043478 79
1646515191998 61.20923913043478 80
1646515210613 61.20923913043478 81
1646515229231 61.20923913043478 82
1646515247844 61.20923913043478 83
1646515266469 61.20923913043478 84
1646515285084 61.20923913043478 85
1646515303697 61.20923913043478 86
1646515322303 61.20923913043478 87
1646515340915 61.20923913043478 88
1646515359525 61.20923913043478 89
1646515378138 61.20923913043478 90
1646515396749 61.20923913043478 91
1646515415366 61.20923913043478 92
1646515433970 61.20923913043478 93
1646515452585 61.20923913043478 94
1646515471196 61.20923913043478 95
1646515489808 61.20923913043478 96
1646515508413 61.20923913043478 97
1646515527018 61.20923913043478 98
1646515545635 61.20923913043478 99
