1646513686711 0.001 0
1646513706982 0.001 1
1646513726877 0.001 2
1646513746808 0.001 3
1646513766773 0.001 4
1646513786742 0.001 5
1646513806713 0.001 6
1646513826689 0.001 7
1646513846659 0.001 8
1646513865261 0.001 9
1646513883871 0.001 10
1646513902478 0.001 11
1646513921088 0.001 12
1646513939698 0.001 13
1646513959693 0.001 14
1646513978309 0.001 15
1646513996916 0.001 16
1646514015533 0.001 17
1646514034140 0.001 18
1646514054129 0.001 19
1646514072736 0.0005 20
1646514092708 0.0005 21
1646514111311 0.0005 22
1646514129909 0.0005 23
1646514148512 0.0005 24
1646514167113 0.0005 25
1646514185716 0.0005 26
1646514204322 0.0005 27
1646514222929 0.0005 28
1646514241537 0.0005 29
1646514260141 0.0005 30
1646514278750 0.0005 31
1646514297361 0.0005 32
1646514315964 0.0005 33
1646514334577 0.0005 34
1646514353188 0.0005 35
1646514371802 0.0005 36
1646514390415 0.0005 37
1646514409024 0.0005 38
1646514427627 0.0005 39
1646514446233 0.00025 40
1646514466204 0.00025 41
1646514484810 0.00025 42
1646514503414 0.00025 43
1646514522023 0.00025 44
1646514540634 0.00025 45
1646514559233 0.00025 46
1646514577844 0.00025 47
1646514596443 0.00025 48
1646514615045 0.00025 49
1646514633641 0.00025 50
1646514652243 0.00025 51
1646514670841 0.00025 52
1646514689442 0.00025 53
1646514708048 0.00025 54
1646514726653 0.00025 55
1646514745266 0.00025 56
1646514763883 0.00025 57
1646514782490 0.00025 58
1646514801102 0.00025 59
1646514819709 0.000125 60
1646514838321 0.000125 61
1646514856930 0.000125 62
1646514875540 0.000125 63
1646514894151 0.000125 64
1646514912761 0.000125 65
1646514931374 0.000125 66
1646514949982 0.000125 67
1646514968594 0.000125 68
1646514987204 0.000125 69
1646515005813 0.000125 70
1646515024428 0.000125 71
1646515043042 0.000125 72
1646515061646 0.000125 73
1646515080258 0.000125 74
1646515098864 0.000125 75
1646515117473 0.000125 76
1646515136085 0.000125 77
1646515154748 0.000125 78
1646515173367 0.000125 79
1646515191984 6.25e-05 80
1646515210601 6.25e-05 81
1646515229218 6.25e-05 82
1646515247831 6.25e-05 83
1646515266457 6.25e-05 84
1646515285072 6.25e-05 85
1646515303685 6.25e-05 86
1646515322290 6.25e-05 87
1646515340902 6.25e-05 88
1646515359514 6.25e-05 89
1646515378125 6.25e-05 90
1646515396737 6.25e-05 91
1646515415354 6.25e-05 92
1646515433958 6.25e-05 93
1646515452572 6.25e-05 94
1646515471182 6.25e-05 95
1646515489795 6.25e-05 96
1646515508400 6.25e-05 97
1646515527005 6.25e-05 98
1646515545620 6.25e-05 99
