1646513687166 23.799189814814813 0
1646513706989 45.00868055555556 1
1646513726884 57.11805555555556 2
1646513746816 64.81481481481481 3
1646513766780 70.41377314814815 4
1646513786750 74.05960648148148 5
1646513806722 77.86458333333333 6
1646513826696 80.52662037037037 7
1646513846668 82.30613425925925 8
1646513865268 84.91030092592592 9
1646513883878 86.05324074074075 10
1646513902484 86.57407407407408 11
1646513921095 87.890625 12
1646513939705 89.58333333333333 13
1646513959701 89.59780092592592 14
1646513978318 91.24710648148148 15
1646513996923 91.015625 16
1646514015541 91.27604166666667 17
1646514034148 92.73726851851852 18
1646514054135 93.40277777777777 19
1646514072741 96.16608796296296 20
1646514092714 97.16435185185185 21
1646514111317 96.93287037037037 22
1646514129916 98.13368055555556 23
1646514148518 98.00347222222223 24
1646514167119 98.4230324074074 25
1646514185722 98.00347222222223 26
1646514204329 98.4519675925926 27
1646514222935 98.52430555555556 28
1646514241543 98.61111111111111 29
1646514260148 98.46643518518519 30
1646514278756 98.4519675925926 31
1646514297367 98.22048611111111 32
1646514315971 97.78645833333333 33
1646514334583 97.75752314814815 34
1646514353195 98.00347222222223 35
1646514371808 97.93113425925925 36
1646514390420 97.88773148148148 37
1646514409029 97.54050925925925 38
1646514427633 97.87326388888889 39
1646514446239 98.75578703703704 40
1646514466210 99.24768518518519 41
1646514484816 99.66724537037037 42
1646514503421 99.46469907407408 43
1646514522030 99.56597222222223 44
1646514540640 99.71064814814815 45
1646514559240 99.50810185185185 46
1646514577852 99.76851851851852 47
1646514596451 99.6238425925926 48
1646514615052 99.58043981481481 49
1646514633648 99.52256944444444 50
1646514652251 99.50810185185185 51
1646514670848 99.609375 52
1646514689449 99.71064814814815 53
1646514708055 99.53703703703704 54
1646514726660 99.75405092592592 55
1646514745274 99.66724537037037 56
1646514763890 99.55150462962963 57
1646514782498 99.66724537037037 58
1646514801109 99.78298611111111 59
1646514819717 99.68171296296296 60
1646514838329 99.75405092592592 61
1646514856938 99.76851851851852 62
1646514875548 99.85532407407408 63
1646514894158 99.89872685185185 64
1646514912768 99.88425925925925 65
1646514931382 99.91319444444444 66
1646514949990 99.85532407407408 67
1646514968603 99.85532407407408 68
1646514987212 99.81192129629629 69
1646515005821 99.89872685185185 70
1646515024435 99.79745370370371 71
1646515043050 99.86979166666667 72
1646515061655 99.86979166666667 73
1646515080266 99.82638888888889 74
1646515098872 99.84085648148148 75
1646515117482 99.91319444444444 76
1646515136093 99.88425925925925 77
1646515154756 99.95659722222223 78
1646515173375 99.91319444444444 79
1646515191993 99.86979166666667 80
1646515210609 99.91319444444444 81
1646515229226 99.94212962962963 82
1646515247839 99.91319444444444 83
1646515266465 99.91319444444444 84
1646515285079 99.88425925925925 85
1646515303693 99.89872685185185 86
1646515322298 99.89872685185185 87
1646515340910 99.88425925925925 88
1646515359521 99.95659722222223 89
1646515378133 99.97106481481481 90
1646515396745 99.95659722222223 91
1646515415361 99.91319444444444 92
1646515433965 99.88425925925925 93
1646515452580 99.91319444444444 94
1646515471192 99.86979166666667 95
1646515489803 99.9855324074074 96
1646515508408 99.94212962962963 97
1646515527014 99.82638888888889 98
1646515545629 99.91319444444444 99
