1646513687135 5.493851008238615 0
1646513706985 1.9158342414432101 1
1646513726880 1.4406655099656847 2
1646513746811 1.162237764508636 3
1646513766776 0.9620021029754922 4
1646513786745 0.8218968775537279 5
1646513806717 0.7026388325073101 6
1646513826692 0.6111361776237134 7
1646513846663 0.5371303050606339 8
1646513865264 0.47419975366857314 9
1646513883873 0.4189573156612891 10
1646513902481 0.41312098116786394 11
1646513921092 0.36910050997027644 12
1646513939701 0.3173413315305003 13
1646513959696 0.31184294295531734 14
1646513978313 0.26533959640396965 15
1646513996919 0.261712605478587 16
1646514015536 0.2608888657004745 17
1646514034143 0.2180980744737166 18
1646514054132 0.2023123247479951 19
1646514072738 0.1216218559830277 20
1646514092711 0.09369325148010696 21
1646514111314 0.08726170917765962 22
1646514129912 0.06807859314398633 23
1646514148515 0.06650024338590878 24
1646514167115 0.05849836473525674 25
1646514185719 0.07092792482149822 26
1646514204325 0.05487215149871729 27
1646514222931 0.051794661260727376 28
1646514241540 0.05291266815253982 29
1646514260144 0.05100168927607161 30
1646514278753 0.05614061281085014 31
1646514297364 0.060450170292622514 32
1646514315967 0.0637659014168161 33
1646514334580 0.06847465293550933 34
1646514353191 0.06015228328329546 35
1646514371804 0.061062257185026454 36
1646514390417 0.06255375807759939 37
1646514409026 0.0747200042285301 38
1646514427629 0.06627620991181445 39
1646514446236 0.03839503466669056 40
1646514466206 0.02367925715063595 41
1646514484812 0.015907734960179637 42
1646514503417 0.018133417349653663 43
1646514522026 0.016605395651249973 44
1646514540636 0.012970405156482701 45
1646514559236 0.016652268629210692 46
1646514577847 0.013389611237302975 47
1646514596446 0.01299194407787312 48
1646514615048 0.014032632776501554 49
1646514633644 0.01681183134119406 50
1646514652246 0.015948248613211844 51
1646514670844 0.015474488070510604 52
1646514689445 0.013054243577816696 53
1646514708051 0.013295347394887358 54
1646514726656 0.011568946052446134 55
1646514745269 0.013048042827803228 56
1646514763886 0.014215778309368977 57
1646514782493 0.015235678611875133 58
1646514801104 0.01118681895011967 59
1646514819712 0.011393932707573252 60
1646514838324 0.009372683116924707 61
1646514856933 0.00821194266124318 62
1646514875543 0.00656416022900009 63
1646514894153 0.005336940163505022 64
1646514912764 0.006410780428537961 65
1646514931377 0.0058332211488892356 66
1646514949985 0.005899137858284154 67
1646514968597 0.0069213840998364265 68
1646514987207 0.006923009663026918 69
1646515005817 0.005466776824539044 70
1646515024431 0.007319598577278493 71
1646515043045 0.005804083583859244 72
1646515061649 0.007496879054492133 73
1646515080261 0.007096616322761057 74
1646515098867 0.006101282589413502 75
1646515117477 0.004840051334920443 76
1646515136088 0.004916580293663881 77
1646515154751 0.0038766900995849734 78
1646515173370 0.004448285202400897 79
1646515191987 0.00473605363179188 80
1646515210604 0.004416124904916312 81
1646515229221 0.003915031810282488 82
1646515247834 0.0038389764064319294 83
1646515266460 0.003167452993457792 84
1646515285075 0.004491756713293769 85
1646515303688 0.0037132794602291177 86
1646515322293 0.003888950120502462 87
1646515340905 0.004833062123334794 88
1646515359517 0.0032156585603607475 89
1646515378128 0.0027304700472288662 90
1646515396740 0.0036198409981335754 91
1646515415357 0.0036900127004763045 92
1646515433961 0.004140804005415972 93
1646515452575 0.0035302527857884007 94
1646515471186 0.005145965650660434 95
1646515489798 0.002925884720213987 96
1646515508403 0.0032761138233278566 97
1646515527008 0.006467822905741977 98
1646515545624 0.004325676950867529 99
