1646511437456 0 0
1646511447029 31.361607142857142 1
1646511457549 36.607142857142854 2
1646511465961 41.294642857142854 3
1646511473182 46.54017857142857 4
1646511480390 49.66517857142857 5
1646511487601 52.67857142857143 6
1646511494865 62.16517857142857 7
1646511503165 62.611607142857146 8
1646511509310 62.723214285714285 9
1646511515351 65.84821428571429 10
1646511521099 65.84821428571429 11
1646511527158 68.86160714285714 12
1646511531817 68.86160714285714 13
1646511536468 68.86160714285714 14
1646511542570 72.32142857142857 15
1646511548610 75.78125 16
1646511553270 75.78125 17
1646511559325 77.34375 18
1646511565872 77.34375 19
1646511570790 77.34375 20
1646511579169 82.8125 21
1646511583830 82.8125 22
1646511588492 82.8125 23
1646511593156 82.8125 24
1646511598254 82.8125 25
1646511604331 83.25892857142857 26
1646511609002 83.25892857142857 27
1646511613675 83.25892857142857 28
1646511618352 83.25892857142857 29
1646511623025 83.25892857142857 30
1646511627697 83.25892857142857 31
1646511632367 83.25892857142857 32
1646511637048 83.25892857142857 33
1646511641723 83.25892857142857 34
1646511646396 83.25892857142857 35
1646511651074 83.25892857142857 36
1646511655747 83.25892857142857 37
1646511660419 83.25892857142857 38
1646511665094 83.25892857142857 39
1646511669770 83.25892857142857 40
1646511676930 84.15178571428571 41
1646511681602 84.15178571428571 42
1646511687663 86.16071428571429 43
1646511692338 86.16071428571429 44
1646511697015 86.16071428571429 45
1646511701685 86.16071428571429 46
1646511707726 86.83035714285714 47
1646511712398 86.83035714285714 48
1646511717074 86.83035714285714 49
1646511721749 86.83035714285714 50
1646511726426 86.83035714285714 51
1646511731104 86.83035714285714 52
1646511735778 86.83035714285714 53
1646511740455 86.83035714285714 54
1646511745135 86.83035714285714 55
1646511749810 86.83035714285714 56
1646511754489 86.83035714285714 57
1646511759167 86.83035714285714 58
1646511763843 86.83035714285714 59
1646511768524 86.83035714285714 60
1646511774621 87.27678571428571 61
1646511779295 87.27678571428571 62
1646511783975 87.27678571428571 63
1646511788651 87.27678571428571 64
1646511793338 87.27678571428571 65
1646511799395 87.5 66
1646511804080 87.5 67
1646511808762 87.5 68
1646511813547 87.5 69
1646511818223 87.5 70
1646511822899 87.5 71
1646511827575 87.5 72
1646511832252 87.5 73
1646511838306 88.05803571428571 74
1646511842984 88.05803571428571 75
1646511847659 88.05803571428571 76
1646511852334 88.05803571428571 77
1646511857010 88.05803571428571 78
1646511861687 88.05803571428571 79
1646511866367 88.05803571428571 80
1646511871043 88.05803571428571 81
1646511875718 88.05803571428571 82
1646511880400 88.05803571428571 83
1646511885079 88.05803571428571 84
1646511889755 88.05803571428571 85
1646511894476 88.05803571428571 86
1646511899153 88.05803571428571 87
1646511905214 88.28125 88
1646511911278 88.50446428571429 89
1646511915955 88.50446428571429 90
1646511920630 88.50446428571429 91
1646511925304 88.50446428571429 92
1646511929980 88.50446428571429 93
1646511934655 88.50446428571429 94
1646511939332 88.50446428571429 95
1646511944009 88.50446428571429 96
1646511948688 88.50446428571429 97
1646511953365 88.50446428571429 98
1646511958044 88.50446428571429 99
