1646511437444 0.001 0
1646511447016 0.001 1
1646511456586 0.001 2
1646511465952 0.001 3
1646511473173 0.001 4
1646511480379 0.001 5
1646511487589 0.001 6
1646511494854 0.001 7
1646511503155 0.001 8
1646511509257 0.001 9
1646511515340 0.001 10
1646511519998 0.001 11
1646511527146 0.001 12
1646511531805 0.001 13
1646511536460 0.001 14
1646511542559 0.001 15
1646511548600 0.001 16
1646511553260 0.001 17
1646511559315 0.001 18
1646511563978 0.001 19
1646511570778 0.0005 20
1646511579158 0.0005 21
1646511583817 0.0005 22
1646511588481 0.0005 23
1646511593143 0.0005 24
1646511597811 0.0005 25
1646511604321 0.0005 26
1646511608992 0.0005 27
1646511613665 0.0005 28
1646511618340 0.0005 29
1646511623013 0.0005 30
1646511627684 0.0005 31
1646511632356 0.0005 32
1646511637034 0.0005 33
1646511641711 0.0005 34
1646511646384 0.0005 35
1646511651062 0.0005 36
1646511655738 0.0005 37
1646511660408 0.0005 38
1646511665082 0.0005 39
1646511669759 0.00025 40
1646511676919 0.00025 41
1646511681590 0.00025 42
1646511687651 0.00025 43
1646511692326 0.00025 44
1646511697003 0.00025 45
1646511701672 0.00025 46
1646511707717 0.00025 47
1646511712386 0.00025 48
1646511717061 0.00025 49
1646511721736 0.00025 50
1646511726414 0.00025 51
1646511731091 0.00025 52
1646511735765 0.00025 53
1646511740443 0.00025 54
1646511745121 0.00025 55
1646511749797 0.00025 56
1646511754475 0.00025 57
1646511759155 0.00025 58
1646511763831 0.00025 59
1646511768510 0.000125 60
1646511774608 0.000125 61
1646511779282 0.000125 62
1646511783961 0.000125 63
1646511788639 0.000125 64
1646511793326 0.000125 65
1646511799382 0.000125 66
1646511804067 0.000125 67
1646511808743 0.000125 68
1646511813442 0.000125 69
1646511818212 0.000125 70
1646511822887 0.000125 71
1646511827564 0.000125 72
1646511832241 0.000125 73
1646511838294 0.000125 74
1646511842970 0.000125 75
1646511847646 0.000125 76
1646511852322 0.000125 77
1646511856998 0.000125 78
1646511861675 0.000125 79
1646511866355 6.25e-05 80
1646511871031 6.25e-05 81
1646511875707 6.25e-05 82
1646511880390 6.25e-05 83
1646511885069 6.25e-05 84
1646511889742 6.25e-05 85
1646511894465 6.25e-05 86
1646511899142 6.25e-05 87
1646511905202 6.25e-05 88
1646511911268 6.25e-05 89
1646511915943 6.25e-05 90
1646511920619 6.25e-05 91
1646511925293 6.25e-05 92
1646511929968 6.25e-05 93
1646511934643 6.25e-05 94
1646511939321 6.25e-05 95
1646511943997 6.25e-05 96
1646511948675 6.25e-05 97
1646511953354 6.25e-05 98
1646511958029 6.25e-05 99
