1646511437447 2.0680297154646654 0
1646511447020 1.785321091994261 1
1646511456955 1.6395027882013566 2
1646511465954 1.461656860816173 3
1646511473175 1.3363940318425496 4
1646511480382 1.2302163411409428 5
1646511487592 1.1104546663088677 6
1646511494857 1.0090554692806342 7
1646511503157 0.9401673078536987 8
1646511509301 0.8664476565825634 9
1646511515342 0.8489718085680252 10
1646511520364 0.7872051107577789 11
1646511527149 0.7268082789885693 12
1646511531808 0.6774772222225482 13
1646511536462 0.6600741797532791 14
1646511542561 0.5975840519636105 15
1646511548602 0.594191115636092 16
1646511553263 0.51331548507397 17
1646511559317 0.5262249066279485 18
1646511564354 0.509181484197959 19
1646511570781 0.39130667845408124 20
1646511579161 0.3645039663100854 21
1646511583820 0.3107510098280051 22
1646511588484 0.2994683495698831 23
1646511593146 0.29516256084808934 24
1646511598166 0.2767085967919765 25
1646511604324 0.2647565458065424 26
1646511608995 0.2532794605462979 27
1646511613667 0.24386217960944542 28
1646511618343 0.2353997562940304 29
1646511623016 0.2066480502104148 30
1646511627688 0.2149449972770153 31
1646511632359 0.23713095447955987 32
1646511637037 0.2200285425552955 33
1646511641713 0.20582194569019172 34
1646511646387 0.19767506000323173 35
1646511651065 0.17820629152732018 36
1646511655740 0.17660450075681394 37
1646511660410 0.16694745669762293 38
1646511665085 0.15284714981531486 39
1646511669762 0.10964234727315414 40
1646511676922 0.07872001244089542 41
1646511681593 0.07830783361807847 42
1646511687654 0.07433808943591057 43
1646511692329 0.06796590386865994 44
1646511697007 0.05985875518467182 45
1646511701675 0.05945076210758625 46
1646511707719 0.05520145910290571 47
1646511712388 0.056442227405615344 48
1646511717064 0.06056606086591879 49
1646511721739 0.06040072312148718 50
1646511726416 0.05661359018622301 51
1646511731094 0.053014329610726774 52
1646511735768 0.04388836957514286 53
1646511740446 0.050326542069132514 54
1646511745125 0.04895026360948881 55
1646511749800 0.044927988201379776 56
1646511754478 0.04618050609357082 57
1646511759158 0.04407459072386607 58
1646511763834 0.048315656156494066 59
1646511768513 0.03571104731124181 60
1646511774611 0.023071682629868005 61
1646511779285 0.025000879612679664 62
1646511783964 0.024095387795032598 63
1646511788642 0.018648489879874084 64
1646511793329 0.021546645137744073 65
1646511799385 0.017711773025206268 66
1646511804070 0.019754665390325662 67
1646511808747 0.017053786957731996 68
1646511813536 0.023392280898033045 69
1646511818214 0.021086952099815395 70
1646511822889 0.019358204988141853 71
1646511827567 0.02121814712882042 72
1646511832244 0.017688485769889295 73
1646511838297 0.01566743986824384 74
1646511842974 0.014277958018609729 75
1646511847649 0.013429282418189522 76
1646511852325 0.014446865325459303 77
1646511857001 0.013353553146888048 78
1646511861677 0.014235736993260873 79
1646511866358 0.013297260159817643 80
1646511871034 0.009845852547396835 81
1646511875710 0.01309819797722575 82
1646511880392 0.011013644460875254 83
1646511885071 0.00925427737335364 84
1646511889745 0.008628847662550516 85
1646511894468 0.007744162101656771 86
1646511899144 0.010654969218497476 87
1646511905205 0.00750863290606783 88
1646511911271 0.00785667606545851 89
1646511915945 0.006482347407234976 90
1646511920622 0.009666232553382333 91
1646511925296 0.007533100126191783 92
1646511929971 0.009308901466190433 93
1646511934646 0.009597955101456206 94
1646511939324 0.007783298156797313 95
1646511944000 0.006923429056022985 96
1646511948678 0.00937925127800554 97
1646511953356 0.007039909880871001 98
1646511958033 0.006543506960718868 99
