1646511437452 25.80128205128205 0
1646511447024 38.541666666666664 1
1646511457543 44.21073717948718 2
1646511465957 49.59935897435897 3
1646511473179 54.26682692307692 4
1646511480386 57.732371794871796 5
1646511487597 61.999198717948715 6
1646511494861 65.78525641025641 7
1646511503161 67.64823717948718 8
1646511509305 70.2724358974359 9
1646511515347 71.47435897435898 10
1646511521093 73.27724358974359 11
1646511527154 75.28044871794872 12
1646511531813 76.98317307692308 13
1646511536465 76.90304487179488 14
1646511542565 79.94791666666667 15
1646511548606 79.6474358974359 16
1646511553267 81.77083333333333 17
1646511559321 81.61057692307692 18
1646511565113 82.6923076923077 19
1646511570786 86.61858974358974 20
1646511579165 87.25961538461539 21
1646511583826 89.34294871794872 22
1646511588488 89.24278846153847 23
1646511593152 89.74358974358974 24
1646511598249 90.24439102564102 25
1646511604327 90.78525641025641 26
1646511608999 91.30608974358974 27
1646511613671 91.66666666666667 28
1646511618347 92.04727564102564 29
1646511623020 92.80849358974359 30
1646511627692 92.32772435897436 31
1646511632363 91.78685897435898 32
1646511637043 92.60817307692308 33
1646511641719 92.78846153846153 34
1646511646392 92.74839743589743 35
1646511651070 93.97035256410257 36
1646511655743 93.72996794871794 37
1646511660415 94.37099358974359 38
1646511665089 94.79166666666667 39
1646511669766 96.0136217948718 40
1646511676926 97.7764423076923 41
1646511681598 97.33573717948718 42
1646511687659 97.51602564102564 43
1646511692334 97.85657051282051 44
1646511697011 98.15705128205128 45
1646511701680 97.87660256410257 46
1646511707723 98.3573717948718 47
1646511712393 98.27724358974359 48
1646511717069 98.09695512820512 49
1646511721745 98.13701923076923 50
1646511726422 98.03685897435898 51
1646511731099 98.23717948717949 52
1646511735774 98.67788461538461 53
1646511740451 98.4775641025641 54
1646511745129 98.3173076923077 55
1646511749806 98.57772435897436 56
1646511754483 98.4775641025641 57
1646511759163 98.53766025641026 58
1646511763839 98.41746794871794 59
1646511768519 99.05849358974359 60
1646511774616 99.45913461538461 61
1646511779290 99.27884615384616 62
1646511783969 99.39903846153847 63
1646511788646 99.61939102564102 64
1646511793333 99.37900641025641 65
1646511799389 99.61939102564102 66
1646511804075 99.43910256410257 67
1646511808753 99.53926282051282 68
1646511813542 99.37900641025641 69
1646511818218 99.39903846153847 70
1646511822894 99.43910256410257 71
1646511827571 99.43910256410257 72
1646511832248 99.41907051282051 73
1646511838302 99.61939102564102 74
1646511842979 99.69951923076923 75
1646511847654 99.67948717948718 76
1646511852329 99.63942307692308 77
1646511857005 99.67948717948718 78
1646511861682 99.65945512820512 79
1646511866363 99.69951923076923 80
1646511871038 99.75961538461539 81
1646511875714 99.65945512820512 82
1646511880396 99.71955128205128 83
1646511885075 99.81971153846153 84
1646511889750 99.81971153846153 85
1646511894472 99.8798076923077 86
1646511899149 99.79967948717949 87
1646511905209 99.8798076923077 88
1646511911274 99.85977564102564 89
1646511915950 99.89983974358974 90
1646511920626 99.79967948717949 91
1646511925300 99.81971153846153 92
1646511929975 99.81971153846153 93
1646511934651 99.77964743589743 94
1646511939328 99.81971153846153 95
1646511944004 99.9198717948718 96
1646511948683 99.83974358974359 97
1646511953361 99.81971153846153 98
1646511958039 99.8798076923077 99
