1646530843235 0 0
1646530973526 73.64783653846153 1
1646531105708 78.73597756410257 2
1646531236060 81.46033653846153 3
1646531366476 81.9511217948718 4
1646531496829 83.19310897435898 5
1646531627282 83.70392628205128 6
1646531757721 85.64703525641026 7
1646531886924 85.64703525641026 8
1646532017896 86.13782051282051 9
1646532147177 86.13782051282051 10
1646532278515 86.13782051282051 11
1646532408830 86.68870192307692 12
1646532538089 86.68870192307692 13
1646532668460 87.5 14
1646532799773 88.72195512820512 15
1646532929102 88.72195512820512 16
1646533058471 88.72195512820512 17
1646533187754 88.72195512820512 18
1646533318095 88.73197115384616 19
1646533448658 89.30288461538461 20
1646533578983 91.42628205128206 21
1646533708277 91.42628205128206 22
1646533837524 91.42628205128206 23
1646533968384 91.47636217948718 24
1646534097632 91.47636217948718 25
1646534227916 91.63661858974359 26
1646534357676 91.63661858974359 27
1646534487970 91.8369391025641 28
1646534619005 91.8369391025641 29
1646534748230 91.8369391025641 30
1646534878536 91.8369391025641 31
1646535007797 91.8369391025641 32
1646535137079 91.8369391025641 33
1646535266348 91.8369391025641 34
1646535395625 91.8369391025641 35
1646535524893 91.8369391025641 36
1646535654179 91.8369391025641 37
1646535783446 91.8369391025641 38
1646535912734 91.8369391025641 39
1646536042033 91.8369391025641 40
1646536172351 92.39783653846153 41
1646536301626 92.39783653846153 42
1646536431921 92.578125 43
1646536561204 92.578125 44
1646536690440 92.578125 45
1646536819691 92.578125 46
1646536949396 92.578125 47
1646537078613 92.578125 48
1646537207807 92.578125 49
1646537337020 92.578125 50
1646537466268 92.578125 51
1646537595501 92.578125 52
1646537725783 92.58814102564102 53
1646537856076 92.78846153846153 54
1646537985295 92.78846153846153 55
1646538114498 92.78846153846153 56
1646538243708 92.78846153846153 57
1646538372914 92.78846153846153 58
1646538502140 92.78846153846153 59
1646538631710 92.78846153846153 60
1646538760961 92.78846153846153 61
1646538890177 92.78846153846153 62
1646539019399 92.78846153846153 63
1646539148596 92.78846153846153 64
1646539278881 92.79847756410257 65
1646539408152 92.79847756410257 66
1646539538471 92.82852564102564 67
1646539668808 92.96875 68
1646539798069 92.96875 69
1646539927329 92.96875 70
1646540059940 92.96875 71
1646540189183 92.96875 72
1646540318405 92.96875 73
1646540448760 93.14903846153847 74
1646540581672 93.14903846153847 75
1646540710928 93.14903846153847 76
1646540840207 93.14903846153847 77
1646540969458 93.14903846153847 78
1646541098718 93.14903846153847 79
1646541227980 93.14903846153847 80
1646541357312 93.14903846153847 81
1646541486523 93.14903846153847 82
1646541615762 93.14903846153847 83
1646541745004 93.14903846153847 84
1646541874251 93.14903846153847 85
1646542003472 93.14903846153847 86
1646542135967 93.14903846153847 87
1646542265185 93.14903846153847 88
1646542394420 93.14903846153847 89
1646542523651 93.14903846153847 90
1646542653931 93.20913461538461 91
1646542783193 93.20913461538461 92
1646542912451 93.20913461538461 93
1646543041688 93.20913461538461 94
1646543170927 93.20913461538461 95
1646543300211 93.20913461538461 96
1646543430516 93.30929487179488 97
1646543563081 93.30929487179488 98
1646543692338 93.30929487179488 99
