1646530843219 0.001 0
1646530973513 0.001 1
1646531105694 0.001 2
1646531236047 0.001 3
1646531366465 0.001 4
1646531496817 0.001 5
1646531627270 0.001 6
1646531757709 0.001 7
1646531886912 0.001 8
1646532017223 0.001 9
1646532147164 0.001 10
1646532278502 0.001 11
1646532408818 0.001 12
1646532538076 0.001 13
1646532668450 0.001 14
1646532798776 0.001 15
1646532929091 0.001 16
1646533058460 0.001 17
1646533187742 0.001 18
1646533318082 0.001 19
1646533448644 0.0005 20
1646533578969 0.0005 21
1646533708262 0.0005 22
1646533837512 0.0005 23
1646533968371 0.0005 24
1646534097616 0.0005 25
1646534227902 0.0005 26
1646534357661 0.0005 27
1646534487954 0.0005 28
1646534618992 0.0005 29
1646534748215 0.0005 30
1646534878524 0.0005 31
1646535007780 0.0005 32
1646535137065 0.0005 33
1646535266335 0.0005 34
1646535395613 0.0005 35
1646535524882 0.0005 36
1646535654167 0.0005 37
1646535783435 0.0005 38
1646535912723 0.0005 39
1646536042021 0.00025 40
1646536172337 0.00025 41
1646536301614 0.00025 42
1646536431909 0.00025 43
1646536561191 0.00025 44
1646536690427 0.00025 45
1646536819679 0.00025 46
1646536949385 0.00025 47
1646537078602 0.00025 48
1646537207793 0.00025 49
1646537337008 0.00025 50
1646537466256 0.00025 51
1646537595488 0.00025 52
1646537725769 0.00025 53
1646537856064 0.00025 54
1646537985282 0.00025 55
1646538114485 0.00025 56
1646538243696 0.00025 57
1646538372900 0.00025 58
1646538502126 0.00025 59
1646538631696 0.000125 60
1646538760947 0.000125 61
1646538890164 0.000125 62
1646539019386 0.000125 63
1646539148582 0.000125 64
1646539278869 0.000125 65
1646539408139 0.000125 66
1646539538458 0.000125 67
1646539668796 0.000125 68
1646539798056 0.000125 69
1646539927314 0.000125 70
1646540059928 0.000125 71
1646540189170 0.000125 72
1646540318392 0.000125 73
1646540448748 0.000125 74
1646540581658 0.000125 75
1646540710915 0.000125 76
1646540840195 0.000125 77
1646540969446 0.000125 78
1646541098705 0.000125 79
1646541227969 6.25e-05 80
1646541357299 6.25e-05 81
1646541486511 6.25e-05 82
1646541615746 6.25e-05 83
1646541744989 6.25e-05 84
1646541874235 6.25e-05 85
1646542003457 6.25e-05 86
1646542135953 6.25e-05 87
1646542265171 6.25e-05 88
1646542394407 6.25e-05 89
1646542523637 6.25e-05 90
1646542653919 6.25e-05 91
1646542783180 6.25e-05 92
1646542912438 6.25e-05 93
1646543041674 6.25e-05 94
1646543170914 6.25e-05 95
1646543300153 6.25e-05 96
1646543430502 6.25e-05 97
1646543563067 6.25e-05 98
1646543692324 6.25e-05 99
