1646530843223 1.2910863957343957 0
1646530973516 0.6677563529748183 1
1646531105698 0.5646166863349767 2
1646531236051 0.5050664546398016 3
1646531366468 0.46284430225690204 4
1646531496820 0.42896926127947294 5
1646531627273 0.40257378140321143 6
1646531757712 0.38467362660628096 7
1646531886915 0.3627033658516713 8
1646532017567 0.34568010859000375 9
1646532147167 0.32864000078959343 10
1646532278506 0.3179122371933399 11
1646532408821 0.30050413627655076 12
1646532538080 0.2901628031180455 13
1646532668453 0.2777199998497963 14
1646532799233 0.26378120420834955 15
1646532929094 0.25472341072865023 16
1646533058463 0.24624005963022894 17
1646533187745 0.23378395445835895 18
1646533318085 0.22651486799885065 19
1646533448648 0.15234400626176442 20
1646533578973 0.13759889584512283 21
1646533708266 0.1300070515857675 22
1646533837516 0.12474011379556778 23
1646533968375 0.12389823510669745 24
1646534097620 0.12024780023747529 25
1646534227905 0.11306540945497079 26
1646534357665 0.10857103320841606 27
1646534487958 0.10169527343450449 28
1646534618996 0.10363032651635316 29
1646534748219 0.09486378889339857 30
1646534878528 0.09445742778002451 31
1646535007784 0.09077881991099089 32
1646535137068 0.09023099484829566 33
1646535266339 0.07967949640483428 34
1646535395616 0.07988124640706258 35
1646535524885 0.08431108991543834 36
1646535654170 0.07898553257855849 37
1646535783439 0.07544419770248426 38
1646535912726 0.06957497214898467 39
1646536042024 0.04570848697629303 40
1646536172341 0.03752114090423744 41
1646536301617 0.03573000469567397 42
1646536431913 0.03824039708990126 43
1646536561195 0.03436250690585719 44
1646536690431 0.03709826593896231 45
1646536819682 0.037171684508808915 46
1646536949388 0.034838698541100784 47
1646537078605 0.03403613550695949 48
1646537207796 0.03191446305001871 49
1646537337011 0.03338597455563454 50
1646537466259 0.03326069403093499 51
1646537595492 0.030618954764511912 52
1646537725773 0.02943693849359615 53
1646537856067 0.02896122448056793 54
1646537985286 0.02784761023403217 55
1646538114489 0.0689936726864499 56
1646538243699 0.15753992252672713 57
1646538372904 0.04566728917117684 58
1646538502130 0.0332015006385075 59
1646538631700 0.028096647488359265 60
1646538760951 0.025197624470083377 61
1646538890168 0.021880659619823863 62
1646539019389 0.01938394319343691 63
1646539148586 0.019778621958819433 64
1646539278872 0.018206793217298886 65
1646539408142 0.01747166116017466 66
1646539538461 0.017836570531691017 67
1646539668799 0.015215394374592087 68
1646539798059 0.01584377692689976 69
1646539927318 0.01691304894331365 70
1646540059932 0.01448255331428626 71
1646540189173 0.015163828433007719 72
1646540318396 0.014218865915273245 73
1646540448751 0.015128320838229205 74
1646540581662 0.01606562531236798 75
1646540710919 0.014496754596565062 76
1646540840198 0.015388277683702585 77
1646540969449 0.012696458318402083 78
1646541098708 0.013496025434981745 79
1646541227972 0.011446567790624565 80
1646541357302 0.010300503603409594 81
1646541486514 0.010687348819695986 82
1646541615750 0.01099574407368588 83
1646541744994 0.010225254132036263 84
1646541874240 0.010505650842932458 85
1646542003461 0.008860301624129837 86
1646542135956 0.00878357743853345 87
1646542265174 0.009377111556965153 88
1646542394410 0.009253559090967218 89
1646542523641 0.00934587415156271 90
1646542653923 0.009339556617972752 91
1646542783183 0.007107032271615492 92
1646542912442 0.008202225850515952 93
1646543041678 0.008592855565075297 94
1646543170918 0.007290904870770203 95
1646543300200 0.008407656830968335 96
1646543430505 0.008728079580648158 97
1646543563071 0.008132714676022983 98
1646543692328 0.007509657851971077 99
