1646530843229 64.74158653846153 0
1646530973521 76.7568108974359 1
1646531105703 80.42067307692308 2
1646531236056 82.57011217948718 3
1646531366472 83.58173076923077 4
1646531496825 85.078125 5
1646531627277 86.12179487179488 6
1646531757716 86.65865384615384 7
1646531886920 87.58213141025641 8
1646532017890 88.04086538461539 9
1646532147173 88.42147435897436 10
1646532278510 89.00440705128206 11
1646532408825 89.5713141025641 12
1646532538085 89.93389423076923 13
1646532668457 90.2704326923077 14
1646532799768 90.8173076923077 15
1646532929098 91.13982371794872 16
1646533058467 91.3301282051282 17
1646533187750 91.875 18
1646533318090 92.01322115384616 19
1646533448653 94.75160256410257 20
1646533578978 95.15625 21
1646533708271 95.45072115384616 22
1646533837521 95.5448717948718 23
1646533968379 95.57692307692308 24
1646534097626 95.73317307692308 25
1646534227911 95.97155448717949 26
1646534357670 96.18389423076923 27
1646534487965 96.43028846153847 28
1646534619000 96.27003205128206 29
1646534748224 96.68870192307692 30
1646534878532 96.640625 31
1646535007792 96.80488782051282 32
1646535137074 96.85897435897436 33
1646535266344 97.11738782051282 34
1646535395620 97.109375 35
1646535524889 97.0332532051282 36
1646535654174 97.15544871794872 37
1646535783443 97.27964743589743 38
1646535912730 97.5360576923077 39
1646536042028 98.4755608974359 40
1646536172345 98.68389423076923 41
1646536301622 98.82011217948718 42
1646536431917 98.66586538461539 43
1646536561200 98.8641826923077 44
1646536690436 98.65785256410257 45
1646536819687 98.68589743589743 46
1646536949392 98.79407051282051 47
1646537078609 98.7880608974359 48
1646537207802 98.9423076923077 49
1646537337016 98.81209935897436 50
1646537466263 98.85817307692308 51
1646537595497 98.95232371794872 52
1646537725777 98.98036858974359 53
1646537856072 99.03445512820512 54
1646537985291 99.0264423076923 55
1646538114493 98.76402243589743 56
1646538243704 95.36858974358974 57
1646538372909 98.42748397435898 58
1646538502135 98.89022435897436 59
1646538631704 99.05849358974359 60
1646538760956 99.1426282051282 61
1646538890173 99.31690705128206 62
1646539019394 99.40905448717949 63
1646539148591 99.36097756410257 64
1646539278877 99.39503205128206 65
1646539408147 99.4511217948718 66
1646539538466 99.42107371794872 67
1646539668804 99.4911858974359 68
1646539798064 99.49719551282051 69
1646539927323 99.44911858974359 70
1646540059935 99.58133012820512 71
1646540189178 99.50320512820512 72
1646540318400 99.54727564102564 73
1646540448756 99.50320512820512 74
1646540581667 99.49719551282051 75
1646540710923 99.4891826923077 76
1646540840203 99.48317307692308 77
1646540969454 99.58533653846153 78
1646541098713 99.57732371794872 79
1646541227976 99.64142628205128 80
1646541357308 99.68149038461539 81
1646541486519 99.66746794871794 82
1646541615756 99.63741987179488 83
1646541744999 99.66947115384616 84
1646541874245 99.66546474358974 85
1646542003466 99.73958333333333 86
1646542135961 99.7295673076923 87
1646542265179 99.68349358974359 88
1646542394415 99.70352564102564 89
1646542523646 99.71955128205128 90
1646542653927 99.6895032051282 91
1646542783188 99.76161858974359 92
1646542912446 99.72155448717949 93
1646543041683 99.7295673076923 94
1646543170922 99.77564102564102 95
1646543300206 99.71554487179488 96
1646543430511 99.72155448717949 97
1646543563076 99.73958333333333 98
1646543692333 99.74759615384616 99
