1646523821398 0 0
1646523848847 25.327620967741936 1
1646523872158 31.539818548387096 2
1646523894165 31.539818548387096 3
1646523916146 31.539818548387096 4
1646523939491 33.492943548387096 5
1646523962857 34.866431451612904 6
1646523984844 34.866431451612904 7
1646524006835 34.866431451612904 8
1646524028837 34.866431451612904 9
1646524050918 34.866431451612904 10
1646524072945 34.866431451612904 11
1646524094970 34.866431451612904 12
1646524117002 34.866431451612904 13
1646524139024 34.866431451612904 14
1646524161053 34.866431451612904 15
1646524183081 34.866431451612904 16
1646524205112 34.866431451612904 17
1646524227142 34.866431451612904 18
1646524249170 34.866431451612904 19
1646524271196 34.866431451612904 20
1646524293227 34.866431451612904 21
1646524315256 34.866431451612904 22
1646524337290 34.866431451612904 23
1646524359319 34.866431451612904 24
1646524381347 34.866431451612904 25
1646524403378 34.866431451612904 26
1646524426540 34.866431451612904 27
1646524448777 34.866431451612904 28
1646524470799 34.866431451612904 29
1646524492832 34.866431451612904 30
1646524514862 34.866431451612904 31
1646524536890 34.866431451612904 32
1646524558919 34.866431451612904 33
1646524580947 34.866431451612904 34
1646524602981 34.866431451612904 35
1646524625015 34.866431451612904 36
1646524647047 34.866431451612904 37
1646524669079 34.866431451612904 38
1646524691355 34.866431451612904 39
1646524713384 34.866431451612904 40
1646524735417 34.866431451612904 41
1646524757453 34.866431451612904 42
1646524779486 34.866431451612904 43
1646524801520 34.866431451612904 44
1646524823579 34.866431451612904 45
1646524845612 34.866431451612904 46
1646524867648 34.866431451612904 47
1646524889682 34.866431451612904 48
1646524911714 34.866431451612904 49
1646524933750 34.866431451612904 50
1646524955783 34.866431451612904 51
1646524977819 34.866431451612904 52
1646524999851 34.866431451612904 53
1646525021888 34.866431451612904 54
1646525043927 34.866431451612904 55
1646525065970 34.866431451612904 56
1646525088010 34.866431451612904 57
1646525110044 34.866431451612904 58
1646525132072 34.866431451612904 59
1646525154106 34.866431451612904 60
1646525176144 34.866431451612904 61
1646525198183 34.866431451612904 62
1646525220222 34.866431451612904 63
1646525242258 34.866431451612904 64
1646525264291 34.866431451612904 65
1646525286329 34.866431451612904 66
1646525308364 34.866431451612904 67
1646525330395 34.866431451612904 68
1646525352421 34.866431451612904 69
1646525374455 34.866431451612904 70
1646525396484 34.866431451612904 71
1646525418519 34.866431451612904 72
1646525440548 34.866431451612904 73
1646525462574 34.866431451612904 74
1646525484603 34.866431451612904 75
1646525506634 34.866431451612904 76
1646525528660 34.866431451612904 77
1646525550689 34.866431451612904 78
1646525572722 34.866431451612904 79
1646525594754 34.866431451612904 80
1646525616786 34.866431451612904 81
1646525638827 34.866431451612904 82
1646525660865 34.866431451612904 83
1646525682901 34.866431451612904 84
1646525704932 34.866431451612904 85
1646525726972 34.866431451612904 86
1646525749009 34.866431451612904 87
1646525771036 34.866431451612904 88
1646525793069 34.866431451612904 89
1646525815102 34.866431451612904 90
1646525837130 34.866431451612904 91
1646525859158 34.866431451612904 92
1646525881198 34.866431451612904 93
1646525903240 34.866431451612904 94
1646525925273 34.866431451612904 95
1646525947302 34.866431451612904 96
1646525969331 34.866431451612904 97
1646525991358 34.866431451612904 98
1646526013392 34.866431451612904 99
