1646523820900 0.001 0
1646523846968 0.001 1
1646523872148 0.001 2
1646523894153 0.001 3
1646523916134 0.001 4
1646523939479 0.001 5
1646523962844 0.001 6
1646523984834 0.001 7
1646524006824 0.001 8
1646524028826 0.001 9
1646524050907 0.001 10
1646524072934 0.001 11
1646524094959 0.001 12
1646524116990 0.001 13
1646524139012 0.001 14
1646524161040 0.001 15
1646524183068 0.001 16
1646524205099 0.001 17
1646524227130 0.001 18
1646524249158 0.001 19
1646524271185 0.0005 20
1646524293217 0.0005 21
1646524315245 0.0005 22
1646524337280 0.0005 23
1646524359307 0.0005 24
1646524381333 0.0005 25
1646524403366 0.0005 26
1646524426528 0.0005 27
1646524448765 0.0005 28
1646524470787 0.0005 29
1646524492819 0.0005 30
1646524514849 0.0005 31
1646524536877 0.0005 32
1646524558906 0.0005 33
1646524580934 0.0005 34
1646524602969 0.0005 35
1646524625001 0.0005 36
1646524647034 0.0005 37
1646524669066 0.0005 38
1646524691096 0.0005 39
1646524713371 0.00025 40
1646524735406 0.00025 41
1646524757439 0.00025 42
1646524779473 0.00025 43
1646524801508 0.00025 44
1646524823543 0.00025 45
1646524845601 0.00025 46
1646524867636 0.00025 47
1646524889672 0.00025 48
1646524911703 0.00025 49
1646524933738 0.00025 50
1646524955772 0.00025 51
1646524977808 0.00025 52
1646524999839 0.00025 53
1646525021877 0.00025 54
1646525043916 0.00025 55
1646525065958 0.00025 56
1646525087997 0.00025 57
1646525110031 0.00025 58
1646525132060 0.00025 59
1646525154094 0.000125 60
1646525176132 0.000125 61
1646525198172 0.000125 62
1646525220210 0.000125 63
1646525242246 0.000125 64
1646525264279 0.000125 65
1646525286315 0.000125 66
1646525308352 0.000125 67
1646525330382 0.000125 68
1646525352409 0.000125 69
1646525374442 0.000125 70
1646525396474 0.000125 71
1646525418507 0.000125 72
1646525440537 0.000125 73
1646525462563 0.000125 74
1646525484590 0.000125 75
1646525506621 0.000125 76
1646525528648 0.000125 77
1646525550677 0.000125 78
1646525572709 0.000125 79
1646525594741 6.25e-05 80
1646525616772 6.25e-05 81
1646525638814 6.25e-05 82
1646525660851 6.25e-05 83
1646525682888 6.25e-05 84
1646525704919 6.25e-05 85
1646525726959 6.25e-05 86
1646525748996 6.25e-05 87
1646525771023 6.25e-05 88
1646525793057 6.25e-05 89
1646525815089 6.25e-05 90
1646525837118 6.25e-05 91
1646525859144 6.25e-05 92
1646525881176 6.25e-05 93
1646525903227 6.25e-05 94
1646525925260 6.25e-05 95
1646525947290 6.25e-05 96
1646525969317 6.25e-05 97
1646525991346 6.25e-05 98
1646526013378 6.25e-05 99
