1646523821393 39.29398148148148 0
1646523848142 61.111111111111114 1
1646523872155 67.53472222222223 2
1646523894161 71.19502314814815 3
1646523916142 75.390625 4
1646523939487 77.82118055555556 5
1646523962852 81.2355324074074 6
1646523984840 73.22048611111111 7
1646524006831 26.982060185185187 8
1646524028833 34.707754629629626 9
1646524050915 38.816550925925924 10
1646524072941 43.489583333333336 11
1646524094967 46.151620370370374 12
1646524116998 48.451967592592595 13
1646524139020 50.50636574074074 14
1646524161048 52.719907407407405 15
1646524183077 54.904513888888886 16
1646524205107 57.11805555555556 17
1646524227138 58.7818287037037 18
1646524249165 61.863425925925924 19
1646524271192 65.11863425925925 20
1646524293224 65.6105324074074 21
1646524315252 67.80960648148148 22
1646524337287 69.44444444444444 23
1646524359315 69.66145833333333 24
1646524381341 70.73206018518519 25
1646524403374 72.85879629629629 26
1646524426536 73.68344907407408 27
1646524448773 74.68171296296296 28
1646524470795 76.33101851851852 29
1646524492828 76.99652777777777 30
1646524514857 79.07986111111111 31
1646524536886 80.19386574074075 32
1646524558914 81.10532407407408 33
1646524580942 82.85590277777777 34
1646524602977 82.91377314814815 35
1646524625009 84.46180555555556 36
1646524647042 85.59027777777777 37
1646524669074 85.76388888888889 38
1646524691349 86.38599537037037 39
1646524713380 89.4675925925926 40
1646524735413 90.97222222222223 41
1646524757448 90.91435185185185 42
1646524779482 91.55092592592592 43
1646524801516 91.31944444444444 44
1646524823575 92.5636574074074 45
1646524845608 92.44791666666667 46
1646524867644 92.73726851851852 47
1646524889679 92.9542824074074 48
1646524911710 93.66319444444444 49
1646524933746 93.33043981481481 50
1646524955779 93.95254629629629 51
1646524977815 94.1261574074074 52
1646524999847 94.32870370370371 53
1646525021884 94.56018518518519 54
1646525043923 95.57291666666667 55
1646525065966 94.70486111111111 56
1646525088005 95.10995370370371 57
1646525110039 95.38483796296296 58
1646525132068 95.74652777777777 59
1646525154101 96.52777777777777 60
1646525176140 96.74479166666667 61
1646525198179 97.16435185185185 62
1646525220217 96.97627314814815 63
1646525242254 96.97627314814815 64
1646525264286 97.06307870370371 65
1646525286324 97.2800925925926 66
1646525308359 97.43923611111111 67
1646525330390 97.04861111111111 68
1646525352416 97.04861111111111 69
1646525374451 97.35243055555556 70
1646525396480 97.48263888888889 71
1646525418514 97.59837962962963 72
1646525440544 97.56944444444444 73
1646525462571 97.88773148148148 74
1646525484599 97.54050925925925 75
1646525506629 97.55497685185185 76
1646525528656 97.87326388888889 77
1646525550684 97.88773148148148 78
1646525572717 97.75752314814815 79
1646525594749 98.39409722222223 80
1646525616780 98.35069444444444 81
1646525638822 98.33622685185185 82
1646525660860 98.59664351851852 83
1646525682896 98.4519675925926 84
1646525704927 98.26388888888889 85
1646525726968 98.79918981481481 86
1646525749004 98.29282407407408 87
1646525771032 98.64004629629629 88
1646525793064 98.53877314814815 89
1646525815097 98.71238425925925 90
1646525837125 98.52430555555556 91
1646525859153 98.58217592592592 92
1646525881188 98.8425925925926 93
1646525903236 98.72685185185185 94
1646525925268 98.72685185185185 95
1646525947297 98.95833333333333 96
1646525969326 98.77025462962963 97
1646525991353 98.68344907407408 98
1646526013387 98.8136574074074 99
