1646523821333 3.3943509040055453 0
1646523847406 1.4244505498144362 1
1646523872151 1.149574899011188 2
1646523894156 0.972636491060257 3
1646523916137 0.8298789461453756 4
1646523939482 0.7183065248860253 5
1646523962847 0.5928716698178539 6
1646523984837 3.243134806001628 7
1646524006827 3.7834968125378645 8
1646524028829 2.7824279599719577 9
1646524050910 2.5267063820803606 10
1646524072937 2.3038266036245556 11
1646524094962 2.1575083335240683 12
1646524116993 1.9997562258331865 13
1646524139015 1.911460883087582 14
1646524161043 1.7774191829893324 15
1646524183072 1.6926525191024497 16
1646524205102 1.5977676488735058 17
1646524227133 1.5069816951398496 18
1646524249161 1.382489972644382 19
1646524271188 1.2375168160155967 20
1646524293220 1.1870642249230985 21
1646524315248 1.1233404124224629 22
1646524337283 1.0789171159267426 23
1646524359310 1.0375677788699116 24
1646524381336 0.988596949312422 25
1646524403369 0.9233414663208855 26
1646524426531 0.8969735337628258 27
1646524448768 0.8474915745081725 28
1646524470791 0.7936099425510124 29
1646524492823 0.7706686567377161 30
1646524514852 0.7091759470877824 31
1646524536880 0.6844732667560931 32
1646524558910 0.6485419162997493 33
1646524580937 0.5937381072176827 34
1646524602972 0.5656084683206346 35
1646524625005 0.5236148453421063 36
1646524647037 0.49813913029653056 37
1646524669069 0.47892322418866334 38
1646524691342 0.45253473630657903 39
1646524713374 0.37604023295420186 40
1646524735408 0.3407633787503949 41
1646524757442 0.33280263040904645 42
1646524779476 0.31530032527667506 43
1646524801511 0.31878175144946136 44
1646524823568 0.28772008805363264 45
1646524845604 0.2856350888808568 46
1646524867639 0.2757590545548333 47
1646524889675 0.25781577825546265 48
1646524911706 0.2506394546341013 49
1646524933741 0.2537944777696221 50
1646524955775 0.226781423996996 51
1646524977810 0.23602582183149126 52
1646524999842 0.22264223214652804 53
1646525021880 0.21406688899905593 54
1646525043918 0.1910591289677002 55
1646525065961 0.19580331334361323 56
1646525088000 0.18527787013186348 57
1646525110034 0.1818423700277452 58
1646525132063 0.16975034621578675 59
1646525154097 0.14997411974602276 60
1646525176135 0.14383543227557782 61
1646525198175 0.13082187822847455 62
1646525220212 0.13036961784517323 63
1646525242249 0.1243622852144418 64
1646525264281 0.12358076642784807 65
1646525286319 0.12303965621524388 66
1646525308355 0.11838035064714926 67
1646525330385 0.11547602809689662 68
1646525352412 0.1212217426272454 69
1646525374445 0.10864412239580243 70
1646525396477 0.1052219621423218 71
1646525418510 0.10777821343530107 72
1646525440540 0.10415424192669215 73
1646525462566 0.09574176081352764 74
1646525484593 0.10297622993864396 75
1646525506624 0.10055457773032012 76
1646525528651 0.09477003153275561 77
1646525550680 0.09239661790154598 78
1646525572712 0.09189691498047775 79
1646525594744 0.08069619143174754 80
1646525616776 0.07984453853633669 81
1646525638817 0.07593962063805924 82
1646525660854 0.0688163290421168 83
1646525682891 0.07823862659710425 84
1646525704922 0.07450386088479448 85
1646525726962 0.06679068060798778 86
1646525749000 0.07258666679263115 87
1646525771026 0.06589679809770098 88
1646525793060 0.06626270200919222 89
1646525815092 0.06562901457288751 90
1646525837121 0.06944585767471129 91
1646525859148 0.06609141826629639 92
1646525881180 0.06096379293335809 93
1646525903231 0.0647333277458394 94
1646525925263 0.061089930055594 95
1646525947293 0.05698932441710322 96
1646525969321 0.06284267469136803 97
1646525991349 0.05820736516680983 98
1646526013382 0.06343809787735895 99
