1646517469222 0 0
1646517488361 33.13301282051282 1
1646517507533 42.888621794871796 2
1646517526735 48.11698717948718 3
1646517545958 48.157051282051285 4
1646517565204 50.18028846153846 5
1646517583167 50.18028846153846 6
1646517601129 50.18028846153846 7
1646517619101 50.18028846153846 8
1646517637065 50.18028846153846 9
1646517655031 50.18028846153846 10
1646517672995 50.18028846153846 11
1646517690962 50.18028846153846 12
1646517708944 50.18028846153846 13
1646517726928 50.18028846153846 14
1646517744912 50.18028846153846 15
1646517762893 50.18028846153846 16
1646517780883 50.18028846153846 17
1646517798863 50.18028846153846 18
1646517816847 50.18028846153846 19
1646517834829 50.18028846153846 20
1646517852818 50.18028846153846 21
1646517870797 50.18028846153846 22
1646517888781 50.18028846153846 23
1646517906768 50.18028846153846 24
1646517924755 50.18028846153846 25
1646517942733 50.18028846153846 26
1646517960713 50.18028846153846 27
1646517978689 50.18028846153846 28
1646517996675 50.18028846153846 29
1646518014653 50.18028846153846 30
1646518032637 50.18028846153846 31
1646518050620 50.18028846153846 32
1646518068607 50.18028846153846 33
1646518086597 50.18028846153846 34
1646518104581 50.18028846153846 35
1646518122568 50.18028846153846 36
1646518140550 50.18028846153846 37
1646518158525 50.18028846153846 38
1646518176507 50.18028846153846 39
1646518194489 50.18028846153846 40
1646518212477 50.18028846153846 41
1646518230464 50.18028846153846 42
1646518248448 50.18028846153846 43
1646518266426 50.18028846153846 44
1646518284409 50.18028846153846 45
1646518302389 50.18028846153846 46
1646518320371 50.18028846153846 47
1646518338357 50.18028846153846 48
1646518356340 50.18028846153846 49
1646518374325 50.18028846153846 50
1646518392305 50.18028846153846 51
1646518410292 50.18028846153846 52
1646518428277 50.18028846153846 53
1646518446262 50.18028846153846 54
1646518464245 50.18028846153846 55
1646518482228 50.18028846153846 56
1646518500213 50.18028846153846 57
1646518518195 50.18028846153846 58
1646518536181 50.18028846153846 59
1646518554170 50.18028846153846 60
1646518572153 50.18028846153846 61
1646518590137 50.18028846153846 62
1646518608118 50.18028846153846 63
1646518626104 50.18028846153846 64
1646518644090 50.18028846153846 65
1646518662073 50.18028846153846 66
1646518680061 50.18028846153846 67
1646518698046 50.18028846153846 68
1646518716033 50.18028846153846 69
1646518734021 50.18028846153846 70
1646518752007 50.18028846153846 71
1646518769992 50.18028846153846 72
1646518787982 50.18028846153846 73
1646518805965 50.18028846153846 74
1646518823950 50.18028846153846 75
1646518841927 50.18028846153846 76
1646518859910 50.18028846153846 77
1646518877892 50.18028846153846 78
1646518895881 50.18028846153846 79
1646518913863 50.18028846153846 80
1646518931853 50.18028846153846 81
1646518949846 50.18028846153846 82
1646518967829 50.18028846153846 83
1646518985818 50.18028846153846 84
1646519003801 50.18028846153846 85
1646519021787 50.18028846153846 86
1646519039768 50.18028846153846 87
1646519057754 50.18028846153846 88
1646519075743 50.18028846153846 89
1646519093728 50.18028846153846 90
1646519111716 50.18028846153846 91
1646519129696 50.18028846153846 92
1646519147677 50.18028846153846 93
1646519165659 50.18028846153846 94
1646519183638 50.18028846153846 95
1646519201618 50.18028846153846 96
1646519219596 50.18028846153846 97
1646519237572 50.18028846153846 98
1646519255555 50.18028846153846 99
