1646517469208 0.001 0
1646517488349 0.001 1
1646517507520 0.001 2
1646517526723 0.001 3
1646517545945 0.001 4
1646517565193 0.001 5
1646517583155 0.001 6
1646517601118 0.001 7
1646517619090 0.001 8
1646517637053 0.001 9
1646517655021 0.001 10
1646517672983 0.001 11
1646517690951 0.001 12
1646517708932 0.001 13
1646517726916 0.001 14
1646517744895 0.001 15
1646517762882 0.001 16
1646517780874 0.001 17
1646517798854 0.001 18
1646517816836 0.001 19
1646517834816 0.0005 20
1646517852804 0.0005 21
1646517870784 0.0005 22
1646517888769 0.0005 23
1646517906755 0.0005 24
1646517924743 0.0005 25
1646517942720 0.0005 26
1646517960700 0.0005 27
1646517978677 0.0005 28
1646517996663 0.0005 29
1646518014641 0.0005 30
1646518032625 0.0005 31
1646518050607 0.0005 32
1646518068594 0.0005 33
1646518086584 0.0005 34
1646518104568 0.0005 35
1646518122554 0.0005 36
1646518140537 0.0005 37
1646518158514 0.0005 38
1646518176497 0.0005 39
1646518194478 0.00025 40
1646518212465 0.00025 41
1646518230452 0.00025 42
1646518248436 0.00025 43
1646518266417 0.00025 44
1646518284399 0.00025 45
1646518302378 0.00025 46
1646518320360 0.00025 47
1646518338345 0.00025 48
1646518356327 0.00025 49
1646518374312 0.00025 50
1646518392293 0.00025 51
1646518410278 0.00025 52
1646518428263 0.00025 53
1646518446248 0.00025 54
1646518464231 0.00025 55
1646518482215 0.00025 56
1646518500199 0.00025 57
1646518518183 0.00025 58
1646518536167 0.00025 59
1646518554156 0.000125 60
1646518572140 0.000125 61
1646518590123 0.000125 62
1646518608104 0.000125 63
1646518626090 0.000125 64
1646518644078 0.000125 65
1646518662060 0.000125 66
1646518680049 0.000125 67
1646518698032 0.000125 68
1646518716019 0.000125 69
1646518734009 0.000125 70
1646518751996 0.000125 71
1646518769980 0.000125 72
1646518787970 0.000125 73
1646518805952 0.000125 74
1646518823938 0.000125 75
1646518841915 0.000125 76
1646518859897 0.000125 77
1646518877881 0.000125 78
1646518895868 0.000125 79
1646518913850 6.25e-05 80
1646518931840 6.25e-05 81
1646518949835 6.25e-05 82
1646518967816 6.25e-05 83
1646518985806 6.25e-05 84
1646519003789 6.25e-05 85
1646519021774 6.25e-05 86
1646519039755 6.25e-05 87
1646519057741 6.25e-05 88
1646519075730 6.25e-05 89
1646519093716 6.25e-05 90
1646519111702 6.25e-05 91
1646519129684 6.25e-05 92
1646519147665 6.25e-05 93
1646519165648 6.25e-05 94
1646519183626 6.25e-05 95
1646519201606 6.25e-05 96
1646519219584 6.25e-05 97
1646519237561 6.25e-05 98
1646519255543 6.25e-05 99
