1646517469217 36.5306712962963 0
1646517488356 59.46180555555556 1
1646517507528 66.84027777777777 2
1646517526731 71.16608796296296 3
1646517545953 74.14641203703704 4
1646517565200 77.3292824074074 5
1646517583162 79.6875 6
1646517601125 82.27719907407408 7
1646517619097 84.96817129629629 8
1646517637060 85.77835648148148 9
1646517655027 87.73148148148148 10
1646517672990 89.19270833333333 11
1646517690957 90.6394675925926 12
1646517708940 90.66840277777777 13
1646517726923 91.98495370370371 14
1646517744907 92.72280092592592 15
1646517762889 93.60532407407408 16
1646517780880 93.82233796296296 17
1646517798860 94.82060185185185 18
1646517816843 95.26909722222223 19
1646517834824 97.48263888888889 20
1646517852812 98.33622685185185 21
1646517870793 98.66898148148148 22
1646517888777 98.69791666666667 23
1646517906763 98.50983796296296 24
1646517924751 98.90046296296296 25
1646517942728 98.88599537037037 26
1646517960708 98.828125 27
1646517978685 98.94386574074075 28
1646517996671 98.94386574074075 29
1646518014649 99.03067129629629 30
1646518032633 98.77025462962963 31
1646518050615 98.66898148148148 32
1646518068601 98.87152777777777 33
1646518086593 98.95833333333333 34
1646518104576 98.66898148148148 35
1646518122562 98.97280092592592 36
1646518140545 99.00173611111111 37
1646518158521 99.03067129629629 38
1646518176503 99.13194444444444 39
1646518194485 99.18981481481481 40
1646518212472 99.66724537037037 41
1646518230460 99.58043981481481 42
1646518248443 99.72511574074075 43
1646518266423 99.85532407407408 44
1646518284405 99.79745370370371 45
1646518302385 99.71064814814815 46
1646518320367 99.78298611111111 47
1646518338353 99.79745370370371 48
1646518356336 99.78298611111111 49
1646518374320 99.72511574074075 50
1646518392300 99.88425925925925 51
1646518410286 99.86979166666667 52
1646518428272 99.79745370370371 53
1646518446257 99.78298611111111 54
1646518464240 99.84085648148148 55
1646518482223 99.78298611111111 56
1646518500208 99.73958333333333 57
1646518518191 99.5949074074074 58
1646518536176 99.6238425925926 59
1646518554165 99.76851851851852 60
1646518572149 99.88425925925925 61
1646518590131 99.92766203703704 62
1646518608113 99.82638888888889 63
1646518626099 99.76851851851852 64
1646518644086 99.88425925925925 65
1646518662068 99.75405092592592 66
1646518680057 99.82638888888889 67
1646518698041 99.75405092592592 68
1646518716028 99.78298611111111 69
1646518734016 99.91319444444444 70
1646518752003 99.91319444444444 71
1646518769988 99.84085648148148 72
1646518787978 99.92766203703704 73
1646518805961 99.91319444444444 74
1646518823946 99.85532407407408 75
1646518841923 99.82638888888889 76
1646518859905 99.85532407407408 77
1646518877888 99.78298611111111 78
1646518895876 99.92766203703704 79
1646518913858 99.9855324074074 80
1646518931848 99.91319444444444 81
1646518949842 99.95659722222223 82
1646518967825 99.92766203703704 83
1646518985814 99.94212962962963 84
1646519003797 99.97106481481481 85
1646519021782 99.92766203703704 86
1646519039763 99.92766203703704 87
1646519057749 99.88425925925925 88
1646519075738 99.95659722222223 89
1646519093724 99.89872685185185 90
1646519111711 99.95659722222223 91
1646519129692 99.94212962962963 92
1646519147673 99.92766203703704 93
1646519165655 99.97106481481481 94
1646519183634 99.97106481481481 95
1646519201613 99.95659722222223 96
1646519219591 99.86979166666667 97
1646519237568 99.91319444444444 98
1646519255551 99.92766203703704 99
