1646517469213 3.3401192250075162 0
1646517488352 1.4378549213762637 1
1646517507524 1.1399331192175548 2
1646517526726 0.9770733482307858 3
1646517545949 0.8583060271210141 4
1646517565196 0.7543870596973984 5
1646517583157 0.6629736798780935 6
1646517601121 0.5924562182691362 7
1646517619093 0.5130303297881726 8
1646517637056 0.4711760635729189 9
1646517655024 0.4183200658471496 10
1646517672986 0.36574596332179177 11
1646517690953 0.32584022840967886 12
1646517708935 0.3065247971702505 13
1646517726919 0.2709845514209182 14
1646517744898 0.2461944986824636 15
1646517762884 0.2298733906613456 16
1646517780877 0.2093865765189683 17
1646517798856 0.19018883616835983 18
1646517816839 0.1697898403637939 19
1646517834819 0.10766278331478436 20
1646517852807 0.07596511876693478 21
1646517870787 0.06681757882513382 22
1646517888772 0.06268534160874507 23
1646517906758 0.0692737439164409 24
1646517924746 0.0539380710709978 25
1646517942723 0.054947900516843354 26
1646517960703 0.05571059461821009 27
1646517978680 0.049302652236764076 28
1646517996666 0.04557015981387209 29
1646518014644 0.047027682299139326 30
1646518032629 0.057052460257653835 31
1646518050610 0.054036715999245644 32
1646518068597 0.05042906774690858 33
1646518086587 0.042911100632476586 34
1646518104571 0.05260842110685728 35
1646518122557 0.04684690624061558 36
1646518140540 0.04272936156916397 37
1646518158516 0.04097162290579743 38
1646518176500 0.04081826791581181 39
1646518194481 0.031999316057880166 40
1646518212468 0.020985947904625425 41
1646518230455 0.021597357466816902 42
1646518248439 0.016153849609610107 43
1646518266419 0.014285233432289076 44
1646518284401 0.015426555070681152 45
1646518302380 0.014825772157766752 46
1646518320363 0.014222673787218 47
1646518338348 0.012909061529811609 48
1646518356330 0.013030997438666722 49
1646518374315 0.01390209085204535 50
1646518392296 0.011760565961055734 51
1646518410282 0.012190705191137062 52
1646518428266 0.011414264906542721 53
1646518446252 0.014236184785625449 54
1646518464235 0.01142897622021674 55
1646518482218 0.01309318659413192 56
1646518500202 0.01303020757795484 57
1646518518186 0.01807219071606933 58
1646518536170 0.018186404688835697 59
1646518554160 0.014366041519679129 60
1646518572144 0.009178852619327329 61
1646518590126 0.007527308995594029 62
1646518608107 0.010165363155667566 63
1646518626093 0.009491397093774544 64
1646518644081 0.007807298934225131 65
1646518662064 0.010132707276002125 66
1646518680052 0.008764773301124849 67
1646518698036 0.01050591996560494 68
1646518716022 0.01034958046188371 69
1646518734012 0.007068172761204618 70
1646518751999 0.006381455265606443 71
1646518769984 0.008724510609344751 72
1646518787973 0.00642199422819195 73
1646518805956 0.006614237019136824 74
1646518823941 0.007005212237816994 75
1646518841918 0.008690203876338072 76
1646518859900 0.008373846045557272 77
1646518877884 0.008701050322054437 78
1646518895872 0.0061271118120876725 79
1646518913853 0.004411091708957597 80
1646518931844 0.0061659409418805605 81
1646518949838 0.005458949511025653 82
1646518967820 0.004915556021000224 83
1646518985809 0.005085440387052519 84
1646519003792 0.004427048000420823 85
1646519021777 0.004956594717913066 86
1646519039759 0.004040682377914588 87
1646519057744 0.005349862231890223 88
1646519075733 0.004471064366279515 89
1646519093719 0.005719990320762413 90
1646519111706 0.0051204432858395635 91
1646519129687 0.005181796963033439 92
1646519147668 0.004546073241659475 93
1646519165650 0.0038594278955349217 94
1646519183630 0.004113312006531352 95
1646519201609 0.004245642652407427 96
1646519219587 0.005248325766943809 97
1646519237564 0.004984827968723106 98
1646519255547 0.004277547989558015 99
