1646523821396 0 0
1646523846415 27.30594758064516 1
1646523870203 33.00151209677419 2
1646523891593 33.00151209677419 3
1646523912969 33.00151209677419 4
1646523935727 33.93397177419355 5
1646523957107 33.93397177419355 6
1646523979124 33.93397177419355 7
1646524001647 33.93397177419355 8
1646524023045 33.93397177419355 9
1646524045337 33.93397177419355 10
1646524067856 33.93397177419355 11
1646524090382 33.93397177419355 12
1646524111769 33.93397177419355 13
1646524133157 33.93397177419355 14
1646524154551 33.93397177419355 15
1646524175948 33.93397177419355 16
1646524197351 33.93397177419355 17
1646524218749 33.93397177419355 18
1646524240148 33.93397177419355 19
1646524261549 33.93397177419355 20
1646524282946 33.93397177419355 21
1646524304341 33.93397177419355 22
1646524325736 33.93397177419355 23
1646524347134 33.93397177419355 24
1646524368535 33.93397177419355 25
1646524389929 33.93397177419355 26
1646524411330 33.93397177419355 27
1646524433882 33.93397177419355 28
1646524455398 33.93397177419355 29
1646524476795 33.93397177419355 30
1646524498197 33.93397177419355 31
1646524519599 33.93397177419355 32
1646524540998 33.93397177419355 33
1646524562399 33.93397177419355 34
1646524583802 33.93397177419355 35
1646524605207 33.93397177419355 36
1646524626624 33.93397177419355 37
1646524648026 33.93397177419355 38
1646524669428 33.93397177419355 39
1646524690835 33.93397177419355 40
1646524712241 33.93397177419355 41
1646524733648 33.93397177419355 42
1646524755047 33.93397177419355 43
1646524776449 33.93397177419355 44
1646524797852 33.93397177419355 45
1646524819251 33.93397177419355 46
1646524840645 33.93397177419355 47
1646524862043 33.93397177419355 48
1646524883450 33.93397177419355 49
1646524904854 33.93397177419355 50
1646524926254 33.93397177419355 51
1646524947648 33.93397177419355 52
1646524969044 33.93397177419355 53
1646524990442 33.93397177419355 54
1646525011839 33.93397177419355 55
1646525033240 33.93397177419355 56
1646525054637 33.93397177419355 57
1646525076034 33.93397177419355 58
1646525097431 33.93397177419355 59
1646525118829 33.93397177419355 60
1646525140228 33.93397177419355 61
1646525161620 33.93397177419355 62
1646525183016 33.93397177419355 63
1646525204408 33.93397177419355 64
1646525225802 33.93397177419355 65
1646525247190 33.93397177419355 66
1646525268583 33.93397177419355 67
1646525289972 33.93397177419355 68
1646525311364 33.93397177419355 69
1646525332754 33.93397177419355 70
1646525354147 33.93397177419355 71
1646525375544 33.93397177419355 72
1646525396940 33.93397177419355 73
1646525418333 33.93397177419355 74
1646525439724 33.93397177419355 75
1646525461116 33.93397177419355 76
1646525482510 33.93397177419355 77
1646525503899 33.93397177419355 78
1646525525291 33.93397177419355 79
1646525546689 33.93397177419355 80
1646525568077 33.93397177419355 81
1646525589472 33.93397177419355 82
1646525610861 33.93397177419355 83
1646525632256 33.93397177419355 84
1646525653647 33.93397177419355 85
1646525675031 33.93397177419355 86
1646525696425 33.93397177419355 87
1646525717820 33.93397177419355 88
1646525739210 33.93397177419355 89
1646525760604 33.93397177419355 90
1646525781996 33.93397177419355 91
1646525803390 33.93397177419355 92
1646525824779 33.93397177419355 93
1646525846172 33.93397177419355 94
1646525867565 33.93397177419355 95
1646525888964 33.93397177419355 96
1646525910355 33.93397177419355 97
1646525931748 33.93397177419355 98
1646525953147 33.93397177419355 99
