1646523820527 0.001 0
1646523846404 0.001 1
1646523870192 0.001 2
1646523891582 0.001 3
1646523912959 0.001 4
1646523935715 0.001 5
1646523957095 0.001 6
1646523978484 0.001 7
1646524000498 0.001 8
1646524023026 0.001 9
1646524044428 0.001 10
1646524066720 0.001 11
1646524089243 0.001 12
1646524111758 0.001 13
1646524133148 0.001 14
1646524154539 0.001 15
1646524175933 0.001 16
1646524197338 0.001 17
1646524218740 0.001 18
1646524240137 0.001 19
1646524261538 0.0005 20
1646524282934 0.0005 21
1646524304332 0.0005 22
1646524325725 0.0005 23
1646524347119 0.0005 24
1646524368522 0.0005 25
1646524389918 0.0005 26
1646524411317 0.0005 27
1646524433869 0.0005 28
1646524455385 0.0005 29
1646524476783 0.0005 30
1646524498184 0.0005 31
1646524519585 0.0005 32
1646524540985 0.0005 33
1646524562387 0.0005 34
1646524583790 0.0005 35
1646524605193 0.0005 36
1646524626608 0.0005 37
1646524648014 0.0005 38
1646524669415 0.0005 39
1646524690822 0.00025 40
1646524712228 0.00025 41
1646524733635 0.00025 42
1646524755036 0.00025 43
1646524776436 0.00025 44
1646524797838 0.00025 45
1646524819239 0.00025 46
1646524840634 0.00025 47
1646524862032 0.00025 48
1646524883438 0.00025 49
1646524904841 0.00025 50
1646524926241 0.00025 51
1646524947638 0.00025 52
1646524969033 0.00025 53
1646524990430 0.00025 54
1646525011828 0.00025 55
1646525033228 0.00025 56
1646525054624 0.00025 57
1646525076022 0.00025 58
1646525097420 0.00025 59
1646525118818 0.000125 60
1646525140216 0.000125 61
1646525161607 0.000125 62
1646525183003 0.000125 63
1646525204396 0.000125 64
1646525225790 0.000125 65
1646525247179 0.000125 66
1646525268570 0.000125 67
1646525289960 0.000125 68
1646525311351 0.000125 69
1646525332742 0.000125 70
1646525354135 0.000125 71
1646525375530 0.000125 72
1646525396925 0.000125 73
1646525418321 0.000125 74
1646525439712 0.000125 75
1646525461105 0.000125 76
1646525482498 0.000125 77
1646525503888 0.000125 78
1646525525278 0.000125 79
1646525546677 6.25e-05 80
1646525568065 6.25e-05 81
1646525589458 6.25e-05 82
1646525610848 6.25e-05 83
1646525632243 6.25e-05 84
1646525653634 6.25e-05 85
1646525675019 6.25e-05 86
1646525696412 6.25e-05 87
1646525717807 6.25e-05 88
1646525739196 6.25e-05 89
1646525760593 6.25e-05 90
1646525781983 6.25e-05 91
1646525803378 6.25e-05 92
1646525824766 6.25e-05 93
1646525846158 6.25e-05 94
1646525867551 6.25e-05 95
1646525888950 6.25e-05 96
1646525910343 6.25e-05 97
1646525931734 6.25e-05 98
1646525953133 6.25e-05 99
