1646523820971 3.3862505268167564 0
1646523846407 1.45486628346973 1
1646523870195 1.1809218349280182 2
1646523891585 1.0060778315420504 3
1646523912961 0.8127864223939402 4
1646523935718 0.6847000839533629 5
1646523957099 0.5704163467442548 6
1646523978839 0.4986116996517888 7
1646524000854 3.331392503998898 8
1646524023029 3.011380420790778 9
1646524044779 2.5875824204197637 10
1646524067073 2.3522948644779347 11
1646524089671 2.1658284906987793 12
1646524111761 2.007357199986776 13
1646524133150 1.8897064880088523 14
1646524154542 1.7606664388268083 15
1646524175936 1.6386641065279643 16
1646524197341 1.5254860785272386 17
1646524218742 1.441402554512024 18
1646524240140 1.3414246815222282 19
1646524261541 1.2226431292516213 20
1646524282937 1.153396796297144 21
1646524304334 1.110816455549664 22
1646524325728 1.0547825649932578 23
1646524347123 1.0056150997126545 24
1646524368525 0.9655245233465124 25
1646524389921 0.9275103123099716 26
1646524411320 0.8744652205043368 27
1646524433872 0.8342494611386899 28
1646524455388 0.792746486487212 29
1646524476786 0.7394659165982846 30
1646524498187 0.7010454502370622 31
1646524519588 0.6575401055592077 32
1646524540988 0.6288210324667118 33
1646524562390 0.5917095094919205 34
1646524583793 0.543599874884994 35
1646524605196 0.5177053384206913 36
1646524626612 0.4857419977585475 37
1646524648017 0.460849498157148 38
1646524669418 0.417941783313398 39
1646524690825 0.3633027115353831 40
1646524712231 0.3440023508888704 41
1646524733638 0.32227461260777934 42
1646524755039 0.3161605969071388 43
1646524776439 0.29768302539984387 44
1646524797842 0.2947060512723746 45
1646524819241 0.2859220148788558 46
1646524840637 0.2785884514451027 47
1646524862035 0.2563980994401155 48
1646524883441 0.2480462279032778 49
1646524904844 0.24438986058036485 50
1646524926244 0.22918088375418275 51
1646524947640 0.2180159224404229 52
1646524969036 0.2214119402622735 53
1646524990433 0.21181649218002954 54
1646525011831 0.20386143139115087 55
1646525033231 0.20229726753852986 56
1646525054627 0.1835753069155746 57
1646525076025 0.18683722049549775 58
1646525097423 0.18329931091931131 59
1646525118821 0.14951064934333166 60
1646525140219 0.1405255968372027 61
1646525161609 0.13886485662725237 62
1646525183007 0.13522681842247644 63
1646525204399 0.12593440739093004 64
1646525225793 0.12295516966669648 65
1646525247182 0.12935769958076654 66
1646525268573 0.11947477326073029 67
1646525289963 0.11627927850242015 68
1646525311354 0.11230822121379552 69
1646525332745 0.11274089905674811 70
1646525354138 0.10884308601143183 71
1646525375533 0.10578000186770051 72
1646525396929 0.10411534920610764 73
1646525418324 0.09785129074697141 74
1646525439716 0.10440969681022344 75
1646525461108 0.10094129114791199 76
1646525482501 0.0980042786233955 77
1646525503891 0.09255050253812913 78
1646525525281 0.09951840127231898 79
1646525546680 0.08099556652208169 80
1646525568068 0.0775581558269483 81
1646525589462 0.07673522919692376 82
1646525610851 0.07493517858286698 83
1646525632247 0.07201700357513295 84
1646525653637 0.07263903202558006 85
1646525675023 0.07440926003511306 86
1646525696416 0.0666611449861968 87
1646525717810 0.06597070168289873 88
1646525739200 0.06845518601713357 89
1646525760596 0.06444648663616842 90
1646525781986 0.06156311839543007 91
1646525803381 0.06677961601289334 92
1646525824770 0.06122924484036587 93
1646525846162 0.06375828019722744 94
1646525867554 0.06388773251738813 95
1646525888954 0.06369615090941941 96
1646525910346 0.06094022381498858 97
1646525931737 0.05739835911878833 98
1646525953136 0.056936650812901834 99
