1646523821390 39.56886574074074 0
1646523846411 60.300925925925924 1
1646523870199 66.91261574074075 2
1646523891589 70.42824074074075 3
1646523912965 75.36168981481481 4
1646523935723 78.99305555555556 5
1646523957103 82.55208333333333 6
1646523979119 84.07118055555556 7
1646524001566 49.88425925925926 8
1646524023036 31.380208333333332 9
1646524045331 38.16550925925926 10
1646524067787 42.27430555555556 11
1646524090375 46.151620370370374 12
1646524111765 48.929398148148145 13
1646524133154 51.25868055555556 14
1646524154547 54.079861111111114 15
1646524175941 56.394675925925924 16
1646524197347 59.05671296296296 17
1646524218745 60.373263888888886 18
1646524240145 62.45659722222222 19
1646524261545 65.6105324074074 20
1646524282942 66.86921296296296 21
1646524304338 68.11342592592592 22
1646524325732 69.140625 23
1646524347128 70.39930555555556 24
1646524368531 71.61458333333333 25
1646524389925 72.36689814814815 26
1646524411325 73.92939814814815 27
1646524433877 75.4050925925926 28
1646524455393 77.03993055555556 29
1646524476791 78.05266203703704 30
1646524498192 79.26793981481481 31
1646524519593 80.55555555555556 32
1646524540994 81.30787037037037 33
1646524562395 82.27719907407408 34
1646524583798 84.08564814814815 35
1646524605201 84.67881944444444 36
1646524626619 85.79282407407408 37
1646524648022 87.08043981481481 38
1646524669423 88.39699074074075 39
1646524690830 90.42245370370371 40
1646524712236 90.43692129629629 41
1646524733644 91.37731481481481 42
1646524755043 91.55092592592592 43
1646524776444 91.97048611111111 44
1646524797847 92.1730324074074 45
1646524819247 92.40451388888889 46
1646524840641 92.49131944444444 47
1646524862039 93.48958333333333 48
1646524883446 93.38831018518519 49
1646524904849 93.70659722222223 50
1646524926249 94.19849537037037 51
1646524947644 94.22743055555556 52
1646524969040 94.42997685185185 53
1646524990438 94.35763888888889 54
1646525011835 94.9363425925926 55
1646525033236 94.80613425925925 56
1646525054632 95.25462962962963 57
1646525076029 95.13888888888889 58
1646525097427 95.44270833333333 59
1646525118825 96.52777777777777 60
1646525140224 96.68692129629629 61
1646525161615 96.90393518518519 62
1646525183011 96.75925925925925 63
1646525204404 97.22222222222223 64
1646525225798 97.19328703703704 65
1646525247186 97.01967592592592 66
1646525268579 97.17881944444444 67
1646525289968 97.58391203703704 68
1646525311359 97.55497685185185 69
1646525332750 97.33796296296296 70
1646525354143 97.52604166666667 71
1646525375539 97.38136574074075 72
1646525396936 97.59837962962963 73
1646525418329 97.96006944444444 74
1646525439720 97.52604166666667 75
1646525461112 97.75752314814815 76
1646525482505 97.98900462962963 77
1646525503895 97.82986111111111 78
1646525525286 97.69965277777777 79
1646525546684 98.22048611111111 80
1646525568073 98.48090277777777 81
1646525589467 98.30729166666667 82
1646525610856 98.53877314814815 83
1646525632252 98.65451388888889 84
1646525653642 98.46643518518519 85
1646525675027 98.4230324074074 86
1646525696420 98.68344907407408 87
1646525717815 98.59664351851852 88
1646525739205 98.64004629629629 89
1646525760600 98.69791666666667 90
1646525781992 98.88599537037037 91
1646525803386 98.58217592592592 92
1646525824774 98.75578703703704 93
1646525846167 98.52430555555556 94
1646525867561 98.71238425925925 95
1646525888959 98.68344907407408 96
1646525910351 98.77025462962963 97
1646525931742 98.85706018518519 98
1646525953141 98.79918981481481 99
