1646530855844 0 0
1646530993572 69.33092948717949 1
1646531132404 76.78285256410257 2
1646531270311 78.1650641025641 3
1646531408454 81.03966346153847 4
1646531546513 82.47195512820512 5
1646531684582 83.0829326923077 6
1646531822588 83.95432692307692 7
1646531961328 84.55528846153847 8
1646532099416 85.17628205128206 9
1646532238220 85.34655448717949 10
1646532376255 86.0576923076923 11
1646532514352 86.74879807692308 12
1646532651508 86.74879807692308 13
1646532788445 86.74879807692308 14
1646532925398 86.74879807692308 15
1646533063347 88.21113782051282 16
1646533200310 88.21113782051282 17
1646533337197 88.21113782051282 18
1646533474365 88.21113782051282 19
1646533612326 88.96233974358974 20
1646533750346 90.73517628205128 21
1646533887346 90.73517628205128 22
1646534024303 90.73517628205128 23
1646534161263 90.73517628205128 24
1646534299976 90.73517628205128 25
1646534436982 90.73517628205128 26
1646534578663 90.73517628205128 27
1646534715501 90.73517628205128 28
1646534853904 90.83533653846153 29
1646534991837 90.83533653846153 30
1646535128785 90.83533653846153 31
1646535265785 90.83533653846153 32
1646535402724 90.83533653846153 33
1646535540687 91.0556891025641 34
1646535677602 91.0556891025641 35
1646535815572 91.63661858974359 36
1646535952481 91.63661858974359 37
1646536089478 91.63661858974359 38
1646536226394 91.63661858974359 39
1646536363284 91.63661858974359 40
1646536501271 92.5380608974359 41
1646536638169 92.5380608974359 42
1646536775146 92.5380608974359 43
1646536912425 92.5380608974359 44
1646537049347 92.5380608974359 45
1646537186259 92.5380608974359 46
1646537323119 92.5380608974359 47
1646537460017 92.5380608974359 48
1646537596903 92.5380608974359 49
1646537733795 92.5380608974359 50
1646537870744 92.5380608974359 51
1646538007735 92.5380608974359 52
1646538144691 92.5380608974359 53
1646538281522 92.5380608974359 54
1646538418345 92.5380608974359 55
1646538555231 92.5380608974359 56
1646538692412 92.5380608974359 57
1646538829306 92.5380608974359 58
1646538966229 92.5380608974359 59
1646539103083 92.5380608974359 60
1646539239984 92.5380608974359 61
1646539376894 92.5380608974359 62
1646539513854 92.5380608974359 63
1646539650779 92.5380608974359 64
1646539788540 92.5380608974359 65
1646539925454 92.5380608974359 66
1646540062380 92.5380608974359 67
1646540199321 92.5380608974359 68
1646540336240 92.5380608974359 69
1646540473169 92.5380608974359 70
1646540610335 92.5380608974359 71
1646540748344 92.54807692307692 72
1646540885300 92.54807692307692 73
1646541022372 92.54807692307692 74
1646541159288 92.54807692307692 75
1646541296178 92.54807692307692 76
1646541435032 92.54807692307692 77
1646541571985 92.54807692307692 78
1646541712042 92.70833333333333 79
1646541848996 92.70833333333333 80
1646541985974 92.70833333333333 81
1646542124000 92.71834935897436 82
1646542265122 92.71834935897436 83
1646542403099 92.9286858974359 84
1646542539925 92.9286858974359 85
1646542676733 92.9286858974359 86
1646542813578 92.9286858974359 87
1646542953195 92.9286858974359 88
1646543090034 92.9286858974359 89
1646543226930 92.9286858974359 90
1646543363833 92.9286858974359 91
1646543500759 92.9286858974359 92
1646543637604 92.9286858974359 93
1646543774504 92.9286858974359 94
1646543911350 92.9286858974359 95
1646544048233 92.9286858974359 96
1646544185096 92.9286858974359 97
1646544322456 92.9286858974359 98
1646544459666 92.9286858974359 99
