1646530855830 0.001 0
1646530993559 0.001 1
1646531132391 0.001 2
1646531270298 0.001 3
1646531408440 0.001 4
1646531546501 0.001 5
1646531684569 0.001 6
1646531822575 0.001 7
1646531961315 0.001 8
1646532099403 0.001 9
1646532238208 0.001 10
1646532376243 0.001 11
1646532514320 0.001 12
1646532651497 0.001 13
1646532788433 0.001 14
1646532925386 0.001 15
1646533063337 0.001 16
1646533200299 0.001 17
1646533337186 0.001 18
1646533474353 0.001 19
1646533612314 0.0005 20
1646533750333 0.0005 21
1646533887331 0.0005 22
1646534024290 0.0005 23
1646534161251 0.0005 24
1646534299964 0.0005 25
1646534436970 0.0005 26
1646534578647 0.0005 27
1646534715487 0.0005 28
1646534853893 0.0005 29
1646534991826 0.0005 30
1646535128775 0.0005 31
1646535265772 0.0005 32
1646535402710 0.0005 33
1646535540675 0.0005 34
1646535677589 0.0005 35
1646535815559 0.0005 36
1646535952468 0.0005 37
1646536089464 0.0005 38
1646536226381 0.0005 39
1646536363258 0.00025 40
1646536501259 0.00025 41
1646536638155 0.00025 42
1646536775133 0.00025 43
1646536912410 0.00025 44
1646537049334 0.00025 45
1646537186245 0.00025 46
1646537323107 0.00025 47
1646537460004 0.00025 48
1646537596888 0.00025 49
1646537733783 0.00025 50
1646537870731 0.00025 51
1646538007721 0.00025 52
1646538144678 0.00025 53
1646538281509 0.00025 54
1646538418332 0.00025 55
1646538555217 0.00025 56
1646538692398 0.00025 57
1646538829291 0.00025 58
1646538966214 0.00025 59
1646539103069 0.000125 60
1646539239969 0.000125 61
1646539376880 0.000125 62
1646539513838 0.000125 63
1646539650764 0.000125 64
1646539788527 0.000125 65
1646539925441 0.000125 66
1646540062367 0.000125 67
1646540199306 0.000125 68
1646540336225 0.000125 69
1646540473157 0.000125 70
1646540610324 0.000125 71
1646540748330 0.000125 72
1646540885286 0.000125 73
1646541022358 0.000125 74
1646541159276 0.000125 75
1646541296166 0.000125 76
1646541435019 0.000125 77
1646541571972 0.000125 78
1646541712030 0.000125 79
1646541848983 6.25e-05 80
1646541985961 6.25e-05 81
1646542123989 6.25e-05 82
1646542265109 6.25e-05 83
1646542403086 6.25e-05 84
1646542539914 6.25e-05 85
1646542676720 6.25e-05 86
1646542813564 6.25e-05 87
1646542953183 6.25e-05 88
1646543090022 6.25e-05 89
1646543226916 6.25e-05 90
1646543363818 6.25e-05 91
1646543500744 6.25e-05 92
1646543637591 6.25e-05 93
1646543774491 6.25e-05 94
1646543911336 6.25e-05 95
1646544048218 6.25e-05 96
1646544185081 6.25e-05 97
1646544322445 6.25e-05 98
1646544459653 6.25e-05 99
