1646530855838 58.830128205128204 0
1646530993567 73.11298076923077 1
1646531132400 77.68429487179488 2
1646531270306 80.3145032051282 3
1646531408449 82.09735576923077 4
1646531546509 83.41947115384616 5
1646531684577 84.36498397435898 6
1646531822583 85.546875 7
1646531961324 86.1298076923077 8
1646532099411 86.82491987179488 9
1646532238215 87.36177884615384 10
1646532376251 88.0889423076923 11
1646532514346 88.04286858974359 12
1646532651504 88.69391025641026 13
1646532788441 89.23878205128206 14
1646532925394 89.2568108974359 15
1646533063343 89.65945512820512 16
1646533200306 90.07011217948718 17
1646533337193 90.44070512820512 18
1646533474360 90.63902243589743 19
1646533612321 93.48357371794872 20
1646533750341 94.12660256410257 21
1646533887340 94.20072115384616 22
1646534024298 94.40304487179488 23
1646534161259 94.30488782051282 24
1646534299972 94.53125 25
1646534436978 94.85977564102564 26
1646534578657 94.89783653846153 27
1646534715496 95.1943108974359 28
1646534853900 95.35857371794872 29
1646534991833 95.54286858974359 30
1646535128781 95.703125 31
1646535265781 95.7051282051282 32
1646535402718 95.95953525641026 33
1646535540683 96.1738782051282 34
1646535677598 96.24198717948718 35
1646535815568 96.36217948717949 36
1646535952477 96.71274038461539 37
1646536089473 96.55849358974359 38
1646536226389 96.69871794871794 39
1646536363280 98.02083333333333 40
1646536501267 98.48357371794872 41
1646536638164 98.37740384615384 42
1646536775141 98.37540064102564 43
1646536912419 98.46955128205128 44
1646537049342 98.60576923076923 45
1646537186254 98.62179487179488 46
1646537323114 98.40544871794872 47
1646537460013 98.56370192307692 48
1646537596897 98.57572115384616 49
1646537733791 98.64383012820512 50
1646537870739 98.73397435897436 51
1646538007730 98.70192307692308 52
1646538144686 98.67988782051282 53
1646538281517 98.69991987179488 54
1646538418341 98.5917467948718 55
1646538555226 98.77003205128206 56
1646538692407 92.6161858974359 57
1646538829301 96.015625 58
1646538966224 97.5 59
1646539103078 98.22315705128206 60
1646539239978 98.3613782051282 61
1646539376890 98.57972756410257 62
1646539513848 98.81610576923077 63
1646539650773 98.95432692307692 64
1646539788535 99.05248397435898 65
1646539925449 99.08453525641026 66
1646540062375 99.25080128205128 67
1646540199314 99.35496794871794 68
1646540336235 99.23477564102564 69
1646540473165 99.34094551282051 70
1646540610331 99.3369391025641 71
1646540748338 99.4110576923077 72
1646540885295 99.44511217948718 73
1646541022368 99.39903846153847 74
1646541159284 99.38701923076923 75
1646541296174 99.37099358974359 76
1646541435028 99.39703525641026 77
1646541571980 99.43910256410257 78
1646541712037 99.42307692307692 79
1646541848991 99.55528846153847 80
1646541985969 99.57732371794872 81
1646542123996 99.58533653846153 82
1646542265118 99.609375 83
1646542403093 99.62740384615384 84
1646542539921 99.63341346153847 85
1646542676728 99.6895032051282 86
1646542813573 99.63341346153847 87
1646542953191 99.65945512820512 88
1646543090029 99.67147435897436 89
1646543226926 99.60536858974359 90
1646543363827 99.67948717948718 91
1646543500753 99.67748397435898 92
1646543637599 99.65544871794872 93
1646543774499 99.73758012820512 94
1646543911345 99.69551282051282 95
1646544048228 99.67548076923077 96
1646544185091 99.64342948717949 97
1646544322452 99.6514423076923 98
1646544459661 99.67147435897436 99
