1646530855833 2.8434030155340833 0
1646530993562 0.7724741899050199 1
1646531132395 0.6446288571143761 2
1646531270302 0.5670442377145474 3
1646531408444 0.5125337955279228 4
1646531546504 0.47572375688797386 5
1646531684573 0.44203797636123804 6
1646531822578 0.4144713026208755 7
1646531961319 0.3974892295323885 8
1646532099407 0.38006564810489996 9
1646532238211 0.3636878265784337 10
1646532376246 0.3438683568667143 11
1646532514339 0.34108183628473526 12
1646532651500 0.32406458308299385 13
1646532788437 0.3101059609498733 14
1646532925390 0.3051107192268738 15
1646533063339 0.2958987627656032 16
1646533200302 0.2846706225894965 17
1646533337189 0.27063177101887187 18
1646533474356 0.2689554488429656 19
1646533612317 0.18690996672480534 20
1646533750336 0.16752212536640657 21
1646533887335 0.1676360604281609 22
1646534024294 0.1589913383221779 23
1646534161255 0.16112658658470863 24
1646534299968 0.1541257792749466 25
1646534436973 0.14374161263306937 26
1646534578651 0.14210483939983906 27
1646534715491 0.13410490719744791 28
1646534853896 0.13246006817580797 29
1646534991830 0.12289304999777904 30
1646535128778 0.12022886586685975 31
1646535265776 0.11915450894202177 32
1646535402714 0.1114647572955642 33
1646535540678 0.1072856154674903 34
1646535677592 0.10546405551811823 35
1646535815562 0.10224075336486865 36
1646535952471 0.0934436606338773 37
1646536089468 0.09687722271833664 38
1646536226385 0.09142741006440841 39
1646536363274 0.055482290422496125 40
1646536501262 0.044127463525495465 41
1646536638159 0.047338390408847957 42
1646536775136 0.04697045319212171 43
1646536912414 0.044181484525474025 44
1646537049338 0.04045309218613861 45
1646537186249 0.04024114784641335 46
1646537323110 0.04400616334094547 47
1646537460008 0.041843966171384236 48
1646537596892 0.04122904596181634 49
1646537733786 0.03942798757925629 50
1646537870734 0.038090215787554206 51
1646538007725 0.0367770437282534 52
1646538144681 0.036107365276592855 53
1646538281512 0.03705007820211064 54
1646538418336 0.038953006352321844 55
1646538555221 0.0344964176016406 56
1646538692402 0.28883545108091757 57
1646538829295 0.11932454509899403 58
1646538966218 0.07270815785353382 59
1646539103073 0.05409940352711158 60
1646539239973 0.04858461047212283 61
1646539376884 0.04353014285532901 62
1646539513843 0.03710166662453841 63
1646539650768 0.032779093840135595 64
1646539788530 0.03045387168486531 65
1646539925444 0.02937131502116338 66
1646540062371 0.024516457831487058 67
1646540199310 0.023117043105407784 68
1646540336230 0.02254922453982708 69
1646540473161 0.021034634574794042 70
1646540610327 0.019962761968445892 71
1646540748334 0.01870897648891864 72
1646540885289 0.017656409830595247 73
1646541022362 0.01851403365443007 74
1646541159279 0.01905113436618987 75
1646541296170 0.018754726783253062 76
1646541435022 0.017820098139017294 77
1646541571975 0.018112765886755183 78
1646541712033 0.01742280930018005 79
1646541848987 0.013891578173467842 80
1646541985965 0.012960040929297416 81
1646542123992 0.012333876530054766 82
1646542265113 0.011775252851060567 83
1646542403089 0.011893779163484653 84
1646542539917 0.011509752786085486 85
1646542676724 0.010483588297248412 86
1646542813568 0.011401247946643987 87
1646542953186 0.010527452198603453 88
1646543090025 0.010731115888428086 89
1646543226920 0.011973459669239581 90
1646543363823 0.010006410080285815 91
1646543500748 0.01067208315041334 92
1646543637595 0.011052809675964408 93
1646543774495 0.008401388899670938 94
1646543911340 0.009664897078003448 95
1646544048222 0.009870343726614897 96
1646544185085 0.009941022571337482 97
1646544322448 0.010243462904569848 98
1646544459656 0.009136542435720539 99
