1646530828433 0 0
1646530944416 74.74959935897436 1
1646531060471 79.57732371794872 2
1646531178257 82.57211538461539 3
1646531294365 82.76241987179488 4
1646531410852 83.21314102564102 5
1646531527029 83.66386217948718 6
1646531643173 84.15464743589743 7
1646531759272 84.74559294871794 8
1646531875380 85.65705128205128 9
1646531990156 85.65705128205128 10
1646532105054 85.65705128205128 11
1646532223392 86.52844551282051 12
1646532339356 87.2295673076923 13
1646532454110 87.2295673076923 14
1646532570180 87.35977564102564 15
1646532686224 88.3213141025641 16
1646532800942 88.3213141025641 17
1646532917013 89.40304487179488 18
1646533031971 89.40304487179488 19
1646533146796 89.40304487179488 20
1646533262859 91.26602564102564 21
1646533377984 91.26602564102564 22
1646533494016 91.42628205128206 23
1646533608791 91.42628205128206 24
1646533723572 91.42628205128206 25
1646533839111 91.42628205128206 26
1646533953910 91.42628205128206 27
1646534068766 91.42628205128206 28
1646534183595 91.42628205128206 29
1646534299124 91.42628205128206 30
1646534415219 91.51642628205128 31
1646534531370 91.54647435897436 32
1646534648179 91.54647435897436 33
1646534764243 91.72676282051282 34
1646534880273 91.72676282051282 35
1646534995093 91.72676282051282 36
1646535111133 91.73677884615384 37
1646535225913 91.73677884615384 38
1646535341926 91.99719551282051 39
1646535456683 91.99719551282051 40
1646535572710 92.6983173076923 41
1646535687473 92.6983173076923 42
1646535803551 92.72836538461539 43
1646535918338 92.72836538461539 44
1646536033129 92.72836538461539 45
1646536147933 92.72836538461539 46
1646536262730 92.72836538461539 47
1646536378789 92.8485576923077 48
1646536493590 92.8485576923077 49
1646536608358 92.8485576923077 50
1646536723134 92.8485576923077 51
1646536837904 92.8485576923077 52
1646536953293 92.8485576923077 53
1646537068082 92.8485576923077 54
1646537182900 92.8485576923077 55
1646537298987 92.85857371794872 56
1646537413775 92.85857371794872 57
1646537528575 92.85857371794872 58
1646537643392 92.85857371794872 59
1646537758204 92.85857371794872 60
1646537873016 92.85857371794872 61
1646537987842 92.85857371794872 62
1646538102642 92.85857371794872 63
1646538218705 92.87860576923077 64
1646538333489 92.87860576923077 65
1646538448297 92.87860576923077 66
1646538564373 92.9286858974359 67
1646538680876 93.15905448717949 68
1646538795634 93.15905448717949 69
1646538910469 93.15905448717949 70
1646539025239 93.15905448717949 71
1646539140057 93.15905448717949 72
1646539254860 93.15905448717949 73
1646539369664 93.15905448717949 74
1646539484490 93.15905448717949 75
1646539599302 93.15905448717949 76
1646539714114 93.15905448717949 77
1646539828902 93.15905448717949 78
1646539943698 93.15905448717949 79
1646540061750 93.15905448717949 80
1646540177798 93.16907051282051 81
1646540292617 93.16907051282051 82
1646540407426 93.16907051282051 83
1646540526746 93.32932692307692 84
1646540641837 93.32932692307692 85
1646540756671 93.32932692307692 86
1646540871540 93.32932692307692 87
1646540986318 93.32932692307692 88
1646541101092 93.32932692307692 89
1646541215877 93.32932692307692 90
1646541330590 93.32932692307692 91
1646541445462 93.32932692307692 92
1646541560263 93.32932692307692 93
1646541675041 93.32932692307692 94
1646541789820 93.32932692307692 95
1646541904570 93.32932692307692 96
1646542019368 93.32932692307692 97
1646542137237 93.32932692307692 98
1646542251975 93.32932692307692 99
