1646530828420 0.001 0
1646530944403 0.001 1
1646531060460 0.001 2
1646531178244 0.001 3
1646531294353 0.001 4
1646531410489 0.001 5
1646531527017 0.001 6
1646531643161 0.001 7
1646531759260 0.001 8
1646531875367 0.001 9
1646531990142 0.001 10
1646532104943 0.001 11
1646532223377 0.001 12
1646532339344 0.001 13
1646532454099 0.001 14
1646532570168 0.001 15
1646532686212 0.001 16
1646532800932 0.001 17
1646532917001 0.001 18
1646533031961 0.001 19
1646533146785 0.0005 20
1646533262848 0.0005 21
1646533377971 0.0005 22
1646533494007 0.0005 23
1646533608779 0.0005 24
1646533723560 0.0005 25
1646533838354 0.0005 26
1646533953896 0.0005 27
1646534068754 0.0005 28
1646534183585 0.0005 29
1646534299109 0.0005 30
1646534415205 0.0005 31
1646534531356 0.0005 32
1646534648164 0.0005 33
1646534764229 0.0005 34
1646534880261 0.0005 35
1646534995078 0.0005 36
1646535111117 0.0005 37
1646535225899 0.0005 38
1646535341914 0.0005 39
1646535456673 0.00025 40
1646535572698 0.00025 41
1646535687463 0.00025 42
1646535803540 0.00025 43
1646535918328 0.00025 44
1646536033119 0.00025 45
1646536147921 0.00025 46
1646536262717 0.00025 47
1646536378779 0.00025 48
1646536493577 0.00025 49
1646536608345 0.00025 50
1646536723123 0.00025 51
1646536837891 0.00025 52
1646536953280 0.00025 53
1646537068069 0.00025 54
1646537182889 0.00025 55
1646537298972 0.00025 56
1646537413761 0.00025 57
1646537528564 0.00025 58
1646537643380 0.00025 59
1646537758191 0.000125 60
1646537873003 0.000125 61
1646537987831 0.000125 62
1646538102630 0.000125 63
1646538218692 0.000125 64
1646538333475 0.000125 65
1646538448282 0.000125 66
1646538564358 0.000125 67
1646538680862 0.000125 68
1646538795622 0.000125 69
1646538910456 0.000125 70
1646539025225 0.000125 71
1646539140043 0.000125 72
1646539254848 0.000125 73
1646539369651 0.000125 74
1646539484478 0.000125 75
1646539599291 0.000125 76
1646539714101 0.000125 77
1646539828889 0.000125 78
1646539943686 0.000125 79
1646540061738 6.25e-05 80
1646540177784 6.25e-05 81
1646540292603 6.25e-05 82
1646540407413 6.25e-05 83
1646540526733 6.25e-05 84
1646540641823 6.25e-05 85
1646540756658 6.25e-05 86
1646540871527 6.25e-05 87
1646540986305 6.25e-05 88
1646541101079 6.25e-05 89
1646541215865 6.25e-05 90
1646541330576 6.25e-05 91
1646541445449 6.25e-05 92
1646541560252 6.25e-05 93
1646541675027 6.25e-05 94
1646541789805 6.25e-05 95
1646541904557 6.25e-05 96
1646542019353 6.25e-05 97
1646542137212 6.25e-05 98
1646542251958 6.25e-05 99
