1646530828428 64.82772435897436 0
1646530944411 76.45833333333333 1
1646531060467 80.24439102564102 2
1646531178252 82.51802884615384 3
1646531294360 83.77604166666667 4
1646531410847 84.98998397435898 5
1646531527024 85.93149038461539 6
1646531643169 86.86097756410257 7
1646531759267 87.3818108974359 8
1646531875375 87.82852564102564 9
1646531990151 88.49358974358974 10
1646532105048 88.91426282051282 11
1646532223386 89.4130608974359 12
1646532339352 89.80969551282051 13
1646532454107 90.23838141025641 14
1646532570176 90.78525641025641 15
1646532686220 90.98958333333333 16
1646532800939 91.53245192307692 17
1646532917008 91.7568108974359 18
1646533031967 92.35176282051282 19
1646533146792 94.89383012820512 20
1646533262855 95.50080128205128 21
1646533377979 95.44471153846153 22
1646533494013 95.80128205128206 23
1646533608787 95.91145833333333 24
1646533723568 95.97155448717949 25
1646533839105 96.25801282051282 26
1646533953904 96.21995192307692 27
1646534068761 96.54847756410257 28
1646534183591 96.64863782051282 29
1646534299118 96.54647435897436 30
1646534415214 96.99719551282051 31
1646534531365 97.04527243589743 32
1646534648173 97.1514423076923 33
1646534764238 97.17548076923077 34
1646534880269 97.2636217948718 35
1646534995088 97.43990384615384 36
1646535111127 97.43189102564102 37
1646535225908 97.64222756410257 38
1646535341922 97.63221153846153 39
1646535456679 98.61177884615384 40
1646535572706 98.8661858974359 41
1646535687470 98.97235576923077 42
1646535803547 98.9042467948718 43
1646535918335 98.99238782051282 44
1646536033125 98.92628205128206 45
1646536147928 98.93229166666667 46
1646536262725 99.00440705128206 47
1646536378786 99.00641025641026 48
1646536493585 99.07451923076923 49
1646536608353 99.06650641025641 50
1646536723131 98.93028846153847 51
1646536837900 99.00040064102564 52
1646536953288 99.12459935897436 53
1646537068077 99.11658653846153 54
1646537182896 99.09455128205128 55
1646537298982 99.20072115384616 56
1646537413769 99.16466346153847 57
1646537528571 96.47235576923077 58
1646537643388 96.97115384615384 59
1646537758199 98.53766025641026 60
1646537873012 98.87419871794872 61
1646537987838 99.08253205128206 62
1646538102638 99.17267628205128 63
1646538218700 99.3329326923077 64
1646538333484 99.3729967948718 65
1646538448291 99.42107371794872 66
1646538564367 99.50721153846153 67
1646538680871 99.54527243589743 68
1646538795630 99.5733173076923 69
1646538910464 99.53125 70
1646539025233 99.53125 71
1646539140052 99.62940705128206 72
1646539254855 99.56530448717949 73
1646539369660 99.59334935897436 74
1646539484485 99.57532051282051 75
1646539599298 99.62540064102564 76
1646539714109 99.69551282051282 77
1646539828898 99.67347756410257 78
1646539943694 99.61939102564102 79
1646540061745 99.69350961538461 80
1646540177792 99.68349358974359 81
1646540292612 99.74559294871794 82
1646540407422 99.78565705128206 83
1646540526741 99.73958333333333 84
1646540641832 99.77564102564102 85
1646540756666 99.74358974358974 86
1646540871536 99.76161858974359 87
1646540986313 99.77163461538461 88
1646541101087 99.75961538461539 89
1646541215873 99.77363782051282 90
1646541330585 99.79767628205128 91
1646541445457 99.80969551282051 92
1646541560259 99.82171474358974 93
1646541675036 99.81169871794872 94
1646541789815 99.8056891025641 95
1646541904565 99.79366987179488 96
1646542019363 99.79366987179488 97
1646542137225 99.8056891025641 98
1646542251968 99.78365384615384 99
