1646530828424 1.2362977353426126 0
1646530944406 0.6697981447745592 1
1646531060463 0.5619375941845087 2
1646531178247 0.5025253204963146 3
1646531294356 0.46410847352101253 4
1646531410840 0.4346074490975111 5
1646531527020 0.40272261527104253 6
1646531643165 0.3806494780457937 7
1646531759263 0.36372915364992925 8
1646531875370 0.34726258585086234 9
1646531990146 0.32814335635839365 10
1646532105043 0.3140973567389525 11
1646532223381 0.30311563267157626 12
1646532339347 0.28936330727659737 13
1646532454102 0.27687091957300136 14
1646532570171 0.2653444741971982 15
1646532686215 0.2560557966048901 16
1646532800935 0.2429370869237643 17
1646532917004 0.23267869418248152 18
1646533031963 0.21870089587874902 19
1646533146788 0.14507875748169727 20
1646533262851 0.1282633404032542 21
1646533377975 0.12637037290021394 22
1646533494009 0.12102153874360598 23
1646533608783 0.11776468358360805 24
1646533723564 0.1128022649540351 25
1646533838816 0.10507089048624038 26
1646533953900 0.10439819698818983 27
1646534068757 0.09733904140690962 28
1646534183588 0.09353260126155921 29
1646534299113 0.0973061874222297 30
1646534415209 0.08340045409038281 31
1646534531360 0.08581920710917658 32
1646534648168 0.08241590643540407 33
1646534764232 0.08133513636600513 34
1646534880264 0.07732364264054176 35
1646534995083 0.0740659846040683 36
1646535111121 0.07223454317889917 37
1646535225902 0.06645982248278764 38
1646535341917 0.06745602538068898 39
1646535456676 0.04146563267120375 40
1646535572701 0.03328969688453258 41
1646535687466 0.029847469533351847 42
1646535803543 0.03106738629882248 43
1646535918331 0.0307169087869951 44
1646536033122 0.031049919267817853 45
1646536147924 0.0308686804283076 46
1646536262720 0.027810766713287777 47
1646536378782 0.029418872999481094 48
1646536493581 0.026398021772575494 49
1646536608348 0.027200263661021986 50
1646536723127 0.029872602850007705 51
1646536837895 0.028002977947620914 52
1646536953284 0.0262739158483246 53
1646537068072 0.02556673606368116 54
1646537182892 0.025567848414916976 55
1646537298977 0.023903130599781153 56
1646537413764 0.023194203592645818 57
1646537528568 0.22740673028165476 58
1646537643383 0.09240465061500286 59
1646537758194 0.044256566407588814 60
1646537873006 0.03425333994584015 61
1646537987834 0.029149238859565975 62
1646538102633 0.02544314108478526 63
1646538218695 0.020728609594516455 64
1646538333478 0.019265647134922733 65
1646538448286 0.017631540546725052 66
1646538564362 0.015665498964834768 67
1646538680865 0.014560013535754899 68
1646538795626 0.013602578391183694 69
1646538910459 0.014564646642881995 70
1646539025229 0.013913851405661076 71
1646539140047 0.012546559335598244 72
1646539254851 0.012865217904805038 73
1646539369654 0.012179347331477448 74
1646539484481 0.012691086683965598 75
1646539599294 0.011267810319968237 76
1646539714104 0.00985775078618481 77
1646539828893 0.010652220752224542 78
1646539943689 0.011299086779987332 79
1646540061741 0.009043196092982096 80
1646540177788 0.008699280389984592 81
1646540292607 0.008267748631904116 82
1646540407417 0.007504347643071714 83
1646540526737 0.007657488982248394 84
1646540641827 0.006960526040870135 85
1646540756661 0.007428081818738391 86
1646540871530 0.007118005833800476 87
1646540986308 0.0071003209668560885 88
1646541101082 0.007180597170932183 89
1646541215868 0.007112344916020401 90
1646541330580 0.0071172347856097475 91
1646541445453 0.00594925517119312 92
1646541560255 0.0056699679473986644 93
1646541675031 0.005890508107143269 94
1646541789809 0.005879555503260911 95
1646541904560 0.006180815245151723 96
1646542019357 0.0060880620062958675 97
1646542137216 0.006172482618561704 98
1646542251962 0.0061070292150991285 99
