1646521700227 0 0
1646521721049 18.287037037037038 1
1646521741936 25.651041666666668 2
1646521762870 33.0005787037037 3
1646521783847 36.154513888888886 4
1646521804835 38.25231481481482 5
1646521825871 38.425925925925924 6
1646521846917 41.464120370370374 7
1646521868690 42.983217592592595 8
1646521888683 42.983217592592595 9
1646521908737 42.983217592592595 10
1646521928863 42.983217592592595 11
1646521948989 42.983217592592595 12
1646521969124 42.983217592592595 13
1646521989270 42.983217592592595 14
1646522009443 42.983217592592595 15
1646522029648 42.983217592592595 16
1646522049851 42.983217592592595 17
1646522070061 42.983217592592595 18
1646522090271 42.983217592592595 19
1646522110475 42.983217592592595 20
1646522130695 42.983217592592595 21
1646522150923 42.983217592592595 22
1646522171158 42.983217592592595 23
1646522191394 42.983217592592595 24
1646522211641 42.983217592592595 25
1646522231877 42.983217592592595 26
1646522252127 42.983217592592595 27
1646522272362 42.983217592592595 28
1646522292617 42.983217592592595 29
1646522312870 42.983217592592595 30
1646522333127 42.983217592592595 31
1646522353373 42.983217592592595 32
1646522373640 42.983217592592595 33
1646522393902 42.983217592592595 34
1646522414136 42.983217592592595 35
1646522434384 42.983217592592595 36
1646522454640 42.983217592592595 37
1646522474896 42.983217592592595 38
1646522495145 42.983217592592595 39
1646522515409 42.983217592592595 40
1646522535686 42.983217592592595 41
1646522555964 42.983217592592595 42
1646522576241 42.983217592592595 43
1646522596528 42.983217592592595 44
1646522616818 42.983217592592595 45
1646522637091 42.983217592592595 46
1646522657365 42.983217592592595 47
1646522677644 42.983217592592595 48
1646522697922 42.983217592592595 49
1646522719021 42.983217592592595 50
1646522739285 42.983217592592595 51
1646522759566 42.983217592592595 52
1646522779832 42.983217592592595 53
1646522800097 42.983217592592595 54
1646522820355 42.983217592592595 55
1646522840629 42.983217592592595 56
1646522860884 42.983217592592595 57
1646522881151 42.983217592592595 58
1646522901412 42.983217592592595 59
1646522921687 42.983217592592595 60
1646522941951 42.983217592592595 61
1646522962225 42.983217592592595 62
1646522982502 42.983217592592595 63
1646523002775 42.983217592592595 64
1646523023045 42.983217592592595 65
1646523043326 42.983217592592595 66
1646523063603 42.983217592592595 67
1646523083888 42.983217592592595 68
1646523104179 42.983217592592595 69
1646523124467 42.983217592592595 70
1646523144775 42.983217592592595 71
1646523165075 42.983217592592595 72
1646523185348 42.983217592592595 73
1646523205621 42.983217592592595 74
1646523225895 42.983217592592595 75
1646523246169 42.983217592592595 76
1646523266440 42.983217592592595 77
1646523286713 42.983217592592595 78
1646523306987 42.983217592592595 79
1646523327253 42.983217592592595 80
1646523347519 42.983217592592595 81
1646523367774 42.983217592592595 82
1646523388049 42.983217592592595 83
1646523408301 42.983217592592595 84
1646523428575 42.983217592592595 85
1646523448829 42.983217592592595 86
1646523469032 42.983217592592595 87
1646523489175 42.983217592592595 88
1646523509261 42.983217592592595 89
1646523529264 42.983217592592595 90
1646523549224 42.983217592592595 91
1646523569174 42.983217592592595 92
1646523589116 42.983217592592595 93
1646523609044 42.983217592592595 94
1646523628961 42.983217592592595 95
1646523648862 42.983217592592595 96
1646523668752 42.983217592592595 97
1646523688631 42.983217592592595 98
1646523708508 42.983217592592595 99
