1646521699756 0.001 0
1646521721035 0.001 1
1646521741924 0.001 2
1646521762859 0.001 3
1646521783837 0.001 4
1646521804825 0.001 5
1646521825859 0.001 6
1646521846905 0.001 7
1646521867972 0.001 8
1646521888671 0.001 9
1646521908724 0.001 10
1646521928851 0.001 11
1646521948979 0.001 12
1646521969113 0.001 13
1646521989257 0.001 14
1646522009432 0.001 15
1646522029636 0.001 16
1646522049841 0.001 17
1646522070049 0.001 18
1646522090261 0.001 19
1646522110464 0.0005 20
1646522130684 0.0005 21
1646522150912 0.0005 22
1646522171148 0.0005 23
1646522191383 0.0005 24
1646522211629 0.0005 25
1646522231865 0.0005 26
1646522252116 0.0005 27
1646522272351 0.0005 28
1646522292606 0.0005 29
1646522312854 0.0005 30
1646522333115 0.0005 31
1646522353361 0.0005 32
1646522373627 0.0005 33
1646522393890 0.0005 34
1646522414126 0.0005 35
1646522434371 0.0005 36
1646522454625 0.0005 37
1646522474879 0.0005 38
1646522495131 0.0005 39
1646522515398 0.00025 40
1646522535674 0.00025 41
1646522555952 0.00025 42
1646522576229 0.00025 43
1646522596517 0.00025 44
1646522616804 0.00025 45
1646522637079 0.00025 46
1646522657353 0.00025 47
1646522677631 0.00025 48
1646522697906 0.00025 49
1646522719007 0.00025 50
1646522739272 0.00025 51
1646522759552 0.00025 52
1646522779816 0.00025 53
1646522800085 0.00025 54
1646522820340 0.00025 55
1646522840616 0.00025 56
1646522860871 0.00025 57
1646522881138 0.00025 58
1646522901400 0.00025 59
1646522921672 0.000125 60
1646522941939 0.000125 61
1646522962211 0.000125 62
1646522982482 0.000125 63
1646523002762 0.000125 64
1646523023031 0.000125 65
1646523043313 0.000125 66
1646523063585 0.000125 67
1646523083867 0.000125 68
1646523104165 0.000125 69
1646523124452 0.000125 70
1646523144759 0.000125 71
1646523165055 0.000125 72
1646523185334 0.000125 73
1646523205604 0.000125 74
1646523225881 0.000125 75
1646523246155 0.000125 76
1646523266427 0.000125 77
1646523286701 0.000125 78
1646523306975 0.000125 79
1646523327241 6.25e-05 80
1646523347505 6.25e-05 81
1646523367757 6.25e-05 82
1646523388037 6.25e-05 83
1646523408290 6.25e-05 84
1646523428559 6.25e-05 85
1646523448817 6.25e-05 86
1646523469018 6.25e-05 87
1646523489163 6.25e-05 88
1646523509249 6.25e-05 89
1646523529251 6.25e-05 90
1646523549211 6.25e-05 91
1646523569162 6.25e-05 92
1646523589098 6.25e-05 93
1646523609026 6.25e-05 94
1646523628945 6.25e-05 95
1646523648850 6.25e-05 96
1646523668739 6.25e-05 97
1646523688618 6.25e-05 98
1646523708495 6.25e-05 99
