1646521700187 6.2378406877870916 0
1646521721039 1.9146886512085244 1
1646521741927 1.5717205648069028 2
1646521762862 1.3760838243696425 3
1646521783840 1.2104855234976168 4
1646521804828 1.1050783351615623 5
1646521825862 0.9949566092756059 6
1646521846908 0.917771205857948 7
1646521868327 0.8179421976760581 8
1646521888675 0.7519309929123631 9
1646521908727 0.68269599698208 10
1646521928854 0.6020829765884964 11
1646521948982 0.5483688596222136 12
1646521969116 0.4811597764492035 13
1646521989260 0.4410195725935477 14
1646522009435 0.3991035752826267 15
1646522029639 0.3578939106729295 16
1646522049844 0.3113131589359707 17
1646522070052 0.2829465763988318 18
1646522090264 0.25802274765791716 19
1646522110467 0.19462872600113904 20
1646522130687 0.15758734637940372 21
1646522150914 0.13943518325686455 22
1646522171151 0.13187699861548566 23
1646522191386 0.11656587736474143 24
1646522211632 0.1191600165847275 25
1646522231868 0.10823387349093402 26
1646522252119 0.10645303951093445 27
1646522272354 0.08769167794121636 28
1646522292609 0.08311294791875062 29
1646522312857 0.08244090637675038 30
1646522333118 0.09322637864560993 31
1646522353364 0.08795796817651501 32
1646522373629 0.07099921759907846 33
1646522393893 0.0772560956991381 34
1646522414128 0.0655636332101292 35
1646522434375 0.06824584805441124 36
1646522454629 0.07050073291692469 37
1646522474883 0.058425826089525665 38
1646522495134 0.058820775917006865 39
1646522515401 0.04530990068559294 40
1646522535677 0.03400277249791004 41
1646522555955 0.03201299662598305 42
1646522576232 0.029198524714620026 43
1646522596520 0.030145374713120638 44
1646522616807 0.027945546053901867 45
1646522637081 0.02949599352561765 46
1646522657357 0.027831359938890847 47
1646522677635 0.024156162377308915 48
1646522697909 0.026369684186108685 49
1646522719010 0.02302369497785414 50
1646522739276 0.024171477597620752 51
1646522759554 0.024664667900651693 52
1646522779820 0.021897873927459673 53
1646522800088 0.025761460471484397 54
1646522820344 0.026370155521565013 55
1646522840620 0.0232891199282474 56
1646522860874 0.02385690356432288 57
1646522881141 0.03100161987391335 58
1646522901403 0.02945431378773517 59
1646522921676 0.020408836969484884 60
1646522941942 0.015555634723838281 61
1646522962213 0.015476019449394059 62
1646522982486 0.013345360402362767 63
1646523002765 0.014097771107184666 64
1646523023034 0.013784722726861084 65
1646523043316 0.012409156826497228 66
1646523063589 0.012141758041387354 67
1646523083871 0.012218732033269826 68
1646523104168 0.012118065790100782 69
1646523124456 0.014817604062112945 70
1646523144763 0.014816244003466435 71
1646523165060 0.010469142011263304 72
1646523185338 0.011778778750104484 73
1646523205608 0.01183728126084639 74
1646523225885 0.011152896098792553 75
1646523246158 0.011285699024382565 76
1646523266430 0.010073851638784012 77
1646523286705 0.013227594248881494 78
1646523306978 0.013545431205312963 79
1646523327244 0.010839906771218887 80
1646523347508 0.0089570425743996 81
1646523367761 0.01056464841692812 82
1646523388040 0.009114167109752694 83
1646523408293 0.008028745625375045 84
1646523428563 0.007994271349161863 85
1646523448821 0.010125226298071168 86
1646523469022 0.00726451419500841 87
1646523489167 0.008291489517971597 88
1646523509252 0.009588288397666204 89
1646523529255 0.009528171443552882 90
1646523549214 0.008835893822833896 91
1646523569165 0.008761424536782282 92
1646523589102 0.009170284994912369 93
1646523609031 0.009693762343549342 94
1646523628948 0.00903901979499669 95
1646523648853 0.009819284141822546 96
1646523668742 0.008401977208753427 97
1646523688621 0.008319057670801325 98
1646523708497 0.006945798100248255 99
