1646521700220 27.79224537037037 0
1646521721044 49.8119212962963 1
1646521741931 56.901041666666664 2
1646521762866 61.038773148148145 3
1646521783844 65.50925925925925 4
1646521804831 68.56192129629629 5
1646521825866 71.00694444444444 6
1646521846912 73.39409722222223 7
1646521868684 75.94039351851852 8
1646521888679 77.83564814814815 9
1646521908732 80.33854166666667 10
1646521928858 83.00057870370371 11
1646521948986 84.67881944444444 12
1646521969120 87.28298611111111 13
1646521989265 88.19444444444444 14
1646522009439 88.84548611111111 15
1646522029642 90.42245370370371 16
1646522049848 91.796875 17
1646522070056 92.73726851851852 18
1646522090268 93.75 19
1646522110471 95.48611111111111 20
1646522130691 96.875 21
1646522150919 97.13541666666667 22
1646522171155 97.62731481481481 23
1646522191390 97.93113425925925 24
1646522211636 97.58391203703704 25
1646522231872 97.97453703703704 26
1646522252123 97.75752314814815 27
1646522272358 98.55324074074075 28
1646522292613 98.55324074074075 29
1646522312863 98.46643518518519 30
1646522333122 97.88773148148148 31
1646522353368 98.10474537037037 32
1646522373634 98.75578703703704 33
1646522393897 98.55324074074075 34
1646522414132 98.75578703703704 35
1646522434380 98.56770833333333 36
1646522454634 98.50983796296296 37
1646522474889 98.828125 38
1646522495140 98.92939814814815 39
1646522515405 99.11747685185185 40
1646522535681 99.46469907407408 41
1646522555959 99.53703703703704 42
1646522576236 99.68171296296296 43
1646522596524 99.50810185185185 44
1646522616813 99.609375 45
1646522637086 99.47916666666667 46
1646522657361 99.609375 47
1646522677639 99.69618055555556 48
1646522697916 99.6238425925926 49
1646522719015 99.68171296296296 50
1646522739280 99.65277777777777 51
1646522759560 99.63831018518519 52
1646522779826 99.6238425925926 53
1646522800093 99.55150462962963 54
1646522820349 99.5949074074074 55
1646522840624 99.58043981481481 56
1646522860878 99.65277777777777 57
1646522881146 99.50810185185185 58
1646522901408 99.39236111111111 59
1646522921681 99.68171296296296 60
1646522941947 99.84085648148148 61
1646522962220 99.84085648148148 62
1646522982493 99.85532407407408 63
1646523002771 99.82638888888889 64
1646523023040 99.85532407407408 65
1646523043322 99.85532407407408 66
1646523063596 99.85532407407408 67
1646523083879 99.85532407407408 68
1646523104173 99.84085648148148 69
1646523124462 99.79745370370371 70
1646523144769 99.81192129629629 71
1646523165067 99.95659722222223 72
1646523185343 99.85532407407408 73
1646523205614 99.88425925925925 74
1646523225889 99.86979166666667 75
1646523246164 99.89872685185185 76
1646523266435 99.97106481481481 77
1646523286709 99.78298611111111 78
1646523306982 99.86979166666667 79
1646523327248 99.86979166666667 80
1646523347513 99.89872685185185 81
1646523367768 99.88425925925925 82
1646523388045 99.86979166666667 83
1646523408297 99.95659722222223 84
1646523428569 99.97106481481481 85
1646523448825 99.84085648148148 86
1646523469027 99.95659722222223 87
1646523489171 99.92766203703704 88
1646523509256 99.82638888888889 89
1646523529259 99.88425925925925 90
1646523549219 99.86979166666667 91
1646523569169 99.89872685185185 92
1646523589110 99.84085648148148 93
1646523609037 99.89872685185185 94
1646523628954 99.86979166666667 95
1646523648858 99.84085648148148 96
1646523668746 99.94212962962963 97
1646523688626 99.95659722222223 98
1646523708503 99.95659722222223 99
