1646519568132 0 0
1646519590153 32.33695652173913 1
1646519612228 39.09646739130435 2
1646519634261 39.57201086956522 3
1646519655214 39.656929347826086 4
1646519674817 39.656929347826086 5
1646519695786 43.58016304347826 6
1646519715393 43.58016304347826 7
1646519735005 43.58016304347826 8
1646519754629 43.58016304347826 9
1646519774263 43.58016304347826 10
1646519793898 43.58016304347826 11
1646519813541 43.58016304347826 12
1646519833181 43.58016304347826 13
1646519852820 43.58016304347826 14
1646519872454 43.58016304347826 15
1646519892093 43.58016304347826 16
1646519911727 43.58016304347826 17
1646519931364 43.58016304347826 18
1646519950996 43.58016304347826 19
1646519970633 43.58016304347826 20
1646519990271 43.58016304347826 21
1646520009920 43.58016304347826 22
1646520029564 43.58016304347826 23
1646520049209 43.58016304347826 24
1646520068853 43.58016304347826 25
1646520088499 43.58016304347826 26
1646520108142 43.58016304347826 27
1646520127790 43.58016304347826 28
1646520147430 43.58016304347826 29
1646520167075 43.58016304347826 30
1646520186699 43.58016304347826 31
1646520206337 43.58016304347826 32
1646520225975 43.58016304347826 33
1646520245616 43.58016304347826 34
1646520265252 43.58016304347826 35
1646520284898 43.58016304347826 36
1646520304539 43.58016304347826 37
1646520324187 43.58016304347826 38
1646520343822 43.58016304347826 39
1646520363461 43.58016304347826 40
1646520383098 43.58016304347826 41
1646520402735 43.58016304347826 42
1646520422376 43.58016304347826 43
1646520442018 43.58016304347826 44
1646520461660 43.58016304347826 45
1646520481301 43.58016304347826 46
1646520500932 43.58016304347826 47
1646520520571 43.58016304347826 48
1646520540210 43.58016304347826 49
1646520559848 43.58016304347826 50
1646520579483 43.58016304347826 51
1646520599121 43.58016304347826 52
1646520618757 43.58016304347826 53
1646520638398 43.58016304347826 54
1646520658036 43.58016304347826 55
1646520677672 43.58016304347826 56
1646520697307 43.58016304347826 57
1646520716943 43.58016304347826 58
1646520736582 43.58016304347826 59
1646520756222 43.58016304347826 60
1646520775857 43.58016304347826 61
1646520795493 43.58016304347826 62
1646520815134 43.58016304347826 63
1646520834769 43.58016304347826 64
1646520854409 43.58016304347826 65
1646520874045 43.58016304347826 66
1646520893683 43.58016304347826 67
1646520913322 43.58016304347826 68
1646520932956 43.58016304347826 69
1646520952596 43.58016304347826 70
1646520972236 43.58016304347826 71
1646520991881 43.58016304347826 72
1646521011520 43.58016304347826 73
1646521031161 43.58016304347826 74
1646521050797 43.58016304347826 75
1646521070432 43.58016304347826 76
1646521090065 43.58016304347826 77
1646521109696 43.58016304347826 78
1646521129328 43.58016304347826 79
1646521148967 43.58016304347826 80
1646521168602 43.58016304347826 81
1646521188240 43.58016304347826 82
1646521207878 43.58016304347826 83
1646521227715 43.58016304347826 84
1646521247791 43.58016304347826 85
1646521267428 43.58016304347826 86
1646521287062 43.58016304347826 87
1646521306694 43.58016304347826 88
1646521326331 43.58016304347826 89
1646521345971 43.58016304347826 90
1646521365617 43.58016304347826 91
1646521385264 43.58016304347826 92
1646521404899 43.58016304347826 93
1646521424544 43.58016304347826 94
1646521444185 43.58016304347826 95
1646521463819 43.58016304347826 96
1646521483791 43.58016304347826 97
1646521503426 43.58016304347826 98
1646521523067 43.58016304347826 99
