1646519567122 0.001 0
1646519590144 0.001 1
1646519612217 0.001 2
1646519634250 0.001 3
1646519655202 0.001 4
1646519674807 0.001 5
1646519695775 0.001 6
1646519715382 0.001 7
1646519734994 0.001 8
1646519754617 0.001 9
1646519774251 0.001 10
1646519793888 0.001 11
1646519813529 0.001 12
1646519833169 0.001 13
1646519852806 0.001 14
1646519872442 0.001 15
1646519892081 0.001 16
1646519911716 0.001 17
1646519931353 0.001 18
1646519950986 0.001 19
1646519970622 0.0005 20
1646519990260 0.0005 21
1646520009909 0.0005 22
1646520029551 0.0005 23
1646520049198 0.0005 24
1646520068842 0.0005 25
1646520088487 0.0005 26
1646520108131 0.0005 27
1646520127780 0.0005 28
1646520147419 0.0005 29
1646520167058 0.0005 30
1646520186688 0.0005 31
1646520206325 0.0005 32
1646520225964 0.0005 33
1646520245604 0.0005 34
1646520265241 0.0005 35
1646520284886 0.0005 36
1646520304527 0.0005 37
1646520324176 0.0005 38
1646520343812 0.0005 39
1646520363450 0.00025 40
1646520383086 0.00025 41
1646520402724 0.00025 42
1646520422364 0.00025 43
1646520442007 0.00025 44
1646520461648 0.00025 45
1646520481288 0.00025 46
1646520500919 0.00025 47
1646520520559 0.00025 48
1646520540199 0.00025 49
1646520559836 0.00025 50
1646520579472 0.00025 51
1646520599109 0.00025 52
1646520618745 0.00025 53
1646520638386 0.00025 54
1646520658023 0.00025 55
1646520677660 0.00025 56
1646520697295 0.00025 57
1646520716930 0.00025 58
1646520736569 0.00025 59
1646520756209 0.000125 60
1646520775844 0.000125 61
1646520795480 0.000125 62
1646520815118 0.000125 63
1646520834756 0.000125 64
1646520854396 0.000125 65
1646520874033 0.000125 66
1646520893671 0.000125 67
1646520913306 0.000125 68
1646520932942 0.000125 69
1646520952582 0.000125 70
1646520972222 0.000125 71
1646520991867 0.000125 72
1646521011507 0.000125 73
1646521031148 0.000125 74
1646521050783 0.000125 75
1646521070420 0.000125 76
1646521090052 0.000125 77
1646521109683 0.000125 78
1646521129315 0.000125 79
1646521148953 6.25e-05 80
1646521168589 6.25e-05 81
1646521188228 6.25e-05 82
1646521207865 6.25e-05 83
1646521227703 6.25e-05 84
1646521247779 6.25e-05 85
1646521267416 6.25e-05 86
1646521287050 6.25e-05 87
1646521306682 6.25e-05 88
1646521326319 6.25e-05 89
1646521345959 6.25e-05 90
1646521365594 6.25e-05 91
1646521385252 6.25e-05 92
1646521404888 6.25e-05 93
1646521424532 6.25e-05 94
1646521444173 6.25e-05 95
1646521463806 6.25e-05 96
1646521483780 6.25e-05 97
1646521503414 6.25e-05 98
1646521523057 6.25e-05 99
