1646519567560 3.400209301047855 0
1646519590146 1.3166513111856248 1
1646519612220 1.0592648508372131 2
1646519634253 0.8873080721607914 3
1646519655205 0.7737807123749344 4
1646519674809 0.6591493432168607 5
1646519695777 0.5453909745922795 6
1646519715385 0.5046017628025126 7
1646519734997 0.4151312523969897 8
1646519754621 3.6021318913058 9
1646519774254 2.385708082605291 10
1646519793891 2.0163177384270563 11
1646519813532 1.7824721137682598 12
1646519833172 1.5961013458393238 13
1646519852809 1.4365025030242071 14
1646519872445 1.2928079123850222 15
1646519892084 1.1450514440183286 16
1646519911719 1.048578103383382 17
1646519931356 0.9204002640865467 18
1646519950988 0.8308190328103525 19
1646519970625 0.6794809897740682 20
1646519990263 0.6315785243555352 21
1646520009912 0.581579014107033 22
1646520029553 0.542034924030304 23
1646520049201 0.5058255604019871 24
1646520068844 0.47289606652877947 25
1646520088491 0.4324334098233117 26
1646520108134 0.4039777015094404 27
1646520127782 0.38703685171074337 28
1646520147422 0.358786384816523 29
1646520167062 0.32302202725851975 30
1646520186691 0.2932991666926278 31
1646520206328 0.2778072064673459 32
1646520225967 0.25931860478939833 33
1646520245607 0.24168414870897928 34
1646520265244 0.23746030308582164 35
1646520284889 0.22091633178017758 36
1646520304530 0.20744398595006378 37
1646520324179 0.19983585482394253 38
1646520343815 0.17132855455080667 39
1646520363453 0.15090031825281955 40
1646520383089 0.13349261728149872 41
1646520402727 0.1246915575530794 42
1646520422367 0.1158256585261336 43
1646520442010 0.10464665286794857 44
1646520461651 0.10948029008728487 45
1646520481291 0.1038159378286865 46
1646520500922 0.10801861035051169 47
1646520520562 0.10315490838278223 48
1646520540201 0.10667768513990773 49
1646520559839 0.09701118990778923 50
1646520579475 0.09567278885730991 51
1646520599112 0.10390432834349296 52
1646520618748 0.0896284497446484 53
1646520638389 0.08384750652368422 54
1646520658025 0.08243241885470019 55
1646520677663 0.08557362357775371 56
1646520697298 0.08129780912012965 57
1646520716934 0.07772520977865767 58
1646520736572 0.08162376629533591 59
1646520756212 0.06917804065677854 60
1646520775847 0.06019865386877899 61
1646520795484 0.05392283428874281 62
1646520815122 0.05181396742247873 63
1646520834759 0.04988602869626549 64
1646520854399 0.05614034665955438 65
1646520874036 0.05327374257009338 66
1646520893673 0.051325296672681965 67
1646520913310 0.05137599207874802 68
1646520932945 0.05021873927088799 69
1646520952585 0.04976397973519785 70
1646520972226 0.04679142849312888 71
1646520991871 0.0439730376108653 72
1646521011511 0.0425487459740705 73
1646521031152 0.04636443433938203 74
1646521050787 0.04290464554947836 75
1646521070423 0.041120455565827864 76
1646521090055 0.04240456804702127 77
1646521109687 0.040117871585405536 78
1646521129318 0.041049533506372464 79
1646521148956 0.0346562669750441 80
1646521168593 0.03436578418714581 81
1646521188232 0.037863966594967574 82
1646521207869 0.03172021276421017 83
1646521227706 0.033441355589915206 84
1646521247782 0.0315634205730425 85
1646521267419 0.029109945589745487 86
1646521287053 0.027971691865887906 87
1646521306685 0.02693024786465146 88
1646521326322 0.0288506296325337 89
1646521345962 0.028687200509011745 90
1646521365597 0.03149045445887303 91
1646521385255 0.031026208480061206 92
1646521404891 0.029503396384555985 93
1646521424535 0.0276152520371532 94
1646521444176 0.026007584054712898 95
1646521463809 0.03087308995977596 96
1646521483783 0.02574144400380276 97
1646521503417 0.027656953488649043 98
1646521523059 0.028979462398974982 99
