1646519568126 37.7025462962963 0
1646519590149 61.617476851851855 1
1646519612224 67.9832175925926 2
1646519634257 72.07754629629629 3
1646519655210 76.12847222222223 4
1646519674813 78.8917824074074 5
1646519695782 81.91550925925925 6
1646519715388 82.97164351851852 7
1646519735001 86.08217592592592 8
1646519754625 47.323495370370374 9
1646519774259 41.073495370370374 10
1646519793895 46.629050925925924 11
1646519813536 50.911458333333336 12
1646519833176 55.295138888888886 13
1646519852815 58.0150462962963 14
1646519872450 61.80555555555556 15
1646519892088 64.84375 16
1646519911723 67.9542824074074 17
1646519931360 71.62905092592592 18
1646519950992 73.55324074074075 19
1646519970629 78.96412037037037 20
1646519990267 79.96238425925925 21
1646520009916 81.30787037037037 22
1646520029558 82.68229166666667 23
1646520049205 84.33159722222223 24
1646520068849 84.89583333333333 25
1646520088495 86.42939814814815 26
1646520108138 87.68807870370371 27
1646520127787 88.2667824074074 28
1646520147426 88.83101851851852 29
1646520167069 90.30671296296296 30
1646520186695 91.23263888888889 31
1646520206332 91.36284722222223 32
1646520225971 92.08622685185185 33
1646520245611 92.9832175925926 34
1646520265248 92.9542824074074 35
1646520284893 93.50405092592592 36
1646520304535 93.79340277777777 37
1646520324183 94.25636574074075 38
1646520343819 94.87847222222223 39
1646520363457 95.80439814814815 40
1646520383093 96.28182870370371 41
1646520402731 96.58564814814815 42
1646520422372 96.96180555555556 43
1646520442014 97.16435185185185 44
1646520461655 97.29456018518519 45
1646520481296 97.29456018518519 46
1646520500927 96.90393518518519 47
1646520520567 97.39583333333333 48
1646520540205 97.14988425925925 49
1646520559844 97.32349537037037 50
1646520579479 97.52604166666667 51
1646520599117 96.94733796296296 52
1646520618752 97.74305555555556 53
1646520638394 97.88773148148148 54
1646520658031 97.74305555555556 55
1646520677667 97.74305555555556 56
1646520697302 97.74305555555556 57
1646520716938 97.74305555555556 58
1646520736577 97.62731481481481 59
1646520756217 98.23495370370371 60
1646520775852 98.48090277777777 61
1646520795489 98.64004629629629 62
1646520815127 98.72685185185185 63
1646520834764 98.72685185185185 64
1646520854404 98.55324074074075 65
1646520874041 98.59664351851852 66
1646520893679 98.65451388888889 67
1646520913316 98.64004629629629 68
1646520932951 98.8136574074074 69
1646520952590 98.74131944444444 70
1646520972231 98.78472222222223 71
1646520991877 98.98726851851852 72
1646521011516 99.04513888888889 73
1646521031156 98.88599537037037 74
1646521050792 99.05960648148148 75
1646521070428 99.05960648148148 76
1646521090060 99.00173611111111 77
1646521109692 98.98726851851852 78
1646521129324 99.00173611111111 79
1646521148962 99.2042824074074 80
1646521168598 99.17534722222223 81
1646521188236 99.08854166666667 82
1646521207873 99.2042824074074 83
1646521227710 99.2042824074074 84
1646521247787 99.32002314814815 85
1646521267424 99.37789351851852 86
1646521287058 99.42129629629629 87
1646521306690 99.43576388888889 88
1646521326327 99.32002314814815 89
1646521345966 99.34895833333333 90
1646521365606 99.17534722222223 91
1646521385260 99.29108796296296 92
1646521404895 99.29108796296296 93
1646521424540 99.43576388888889 94
1646521444181 99.43576388888889 95
1646521463815 99.29108796296296 96
1646521483787 99.50810185185185 97
1646521503422 99.43576388888889 98
1646521523063 99.40682870370371 99
