1646523828128 0 0
1646523853688 14.427923387096774 1
1646523877347 20.539314516129032 2
1646523901070 24.57157258064516 3
1646523924782 27.079133064516128 4
1646523948523 28.641633064516128 5
1646523972255 30.355342741935484 6
1646523995989 35.168850806451616 7
1646524018390 35.168850806451616 8
1646524042131 35.609879032258064 9
1646524065866 38.43245967741935 10
1646524088237 38.43245967741935 11
1646524110616 38.43245967741935 12
1646524134365 39.67993951612903 13
1646524156739 39.67993951612903 14
1646524179111 39.67993951612903 15
1646524201486 39.67993951612903 16
1646524223864 39.67993951612903 17
1646524246239 39.67993951612903 18
1646524268620 39.67993951612903 19
1646524290999 39.67993951612903 20
1646524313375 39.67993951612903 21
1646524335750 39.67993951612903 22
1646524358125 39.67993951612903 23
1646524380495 39.67993951612903 24
1646524402867 39.67993951612903 25
1646524425241 39.67993951612903 26
1646524447623 39.67993951612903 27
1646524469999 39.67993951612903 28
1646524492387 39.67993951612903 29
1646524514764 39.67993951612903 30
1646524537139 39.67993951612903 31
1646524559516 39.67993951612903 32
1646524581901 39.67993951612903 33
1646524604276 39.67993951612903 34
1646524626657 39.67993951612903 35
1646524649037 39.67993951612903 36
1646524671713 39.67993951612903 37
1646524694094 39.67993951612903 38
1646524716471 39.67993951612903 39
1646524738847 39.67993951612903 40
1646524761226 39.67993951612903 41
1646524783609 39.67993951612903 42
1646524805994 39.67993951612903 43
1646524828383 39.67993951612903 44
1646524850780 39.67993951612903 45
1646524873189 39.67993951612903 46
1646524895599 39.67993951612903 47
1646524918006 39.67993951612903 48
1646524940408 39.67993951612903 49
1646524962813 39.67993951612903 50
1646524985215 39.67993951612903 51
1646525007620 39.67993951612903 52
1646525030031 39.67993951612903 53
1646525053773 39.67993951612903 54
1646525076153 39.67993951612903 55
1646525098538 39.67993951612903 56
1646525120929 39.67993951612903 57
1646525143338 39.67993951612903 58
1646525165744 39.67993951612903 59
1646525188157 39.67993951612903 60
1646525210927 39.67993951612903 61
1646525233328 39.67993951612903 62
1646525255732 39.67993951612903 63
1646525279414 39.67993951612903 64
1646525301811 39.67993951612903 65
1646525324685 39.67993951612903 66
1646525347087 39.67993951612903 67
1646525369493 39.67993951612903 68
1646525391899 39.67993951612903 69
1646525414702 39.67993951612903 70
1646525437115 39.67993951612903 71
1646525459525 39.67993951612903 72
1646525481933 39.67993951612903 73
1646525504348 39.67993951612903 74
1646525526758 39.67993951612903 75
1646525549163 39.67993951612903 76
1646525571575 39.67993951612903 77
1646525593980 39.67993951612903 78
1646525616390 39.67993951612903 79
1646525638798 39.67993951612903 80
1646525661211 39.67993951612903 81
1646525683615 39.67993951612903 82
1646525706020 39.67993951612903 83
1646525728442 39.67993951612903 84
1646525750853 39.67993951612903 85
1646525773260 39.67993951612903 86
1646525795669 39.67993951612903 87
1646525818080 39.67993951612903 88
1646525840498 39.67993951612903 89
1646525862914 39.67993951612903 90
1646525885327 39.67993951612903 91
1646525907744 39.67993951612903 92
1646525930155 39.67993951612903 93
1646525952565 39.67993951612903 94
1646525974981 39.67993951612903 95
1646525997394 39.67993951612903 96
1646526019804 39.67993951612903 97
1646526042242 39.67993951612903 98
1646526064647 39.67993951612903 99
