1646523828097 0.001 0
1646523852838 0.001 1
1646523877334 0.001 2
1646523901059 0.001 3
1646523924770 0.001 4
1646523948511 0.001 5
1646523972244 0.001 6
1646523995978 0.001 7
1646524018378 0.001 8
1646524042119 0.001 9
1646524065856 0.001 10
1646524088226 0.001 11
1646524110605 0.001 12
1646524134353 0.001 13
1646524156728 0.001 14
1646524179099 0.001 15
1646524201475 0.001 16
1646524223852 0.001 17
1646524246227 0.001 18
1646524268607 0.001 19
1646524290986 0.0005 20
1646524313363 0.0005 21
1646524335739 0.0005 22
1646524358113 0.0005 23
1646524380484 0.0005 24
1646524402855 0.0005 25
1646524425229 0.0005 26
1646524447608 0.0005 27
1646524469986 0.0005 28
1646524492371 0.0005 29
1646524514751 0.0005 30
1646524537128 0.0005 31
1646524559503 0.0005 32
1646524581888 0.0005 33
1646524604263 0.0005 34
1646524626643 0.0005 35
1646524649025 0.0005 36
1646524671698 0.0005 37
1646524694080 0.0005 38
1646524716458 0.0005 39
1646524738834 0.00025 40
1646524761213 0.00025 41
1646524783595 0.00025 42
1646524805981 0.00025 43
1646524828370 0.00025 44
1646524850765 0.00025 45
1646524873176 0.00025 46
1646524895586 0.00025 47
1646524917992 0.00025 48
1646524940395 0.00025 49
1646524962798 0.00025 50
1646524985201 0.00025 51
1646525007606 0.00025 52
1646525030017 0.00025 53
1646525053758 0.00025 54
1646525076140 0.00025 55
1646525098523 0.00025 56
1646525120916 0.00025 57
1646525143325 0.00025 58
1646525165731 0.00025 59
1646525188145 0.000125 60
1646525210917 0.000125 61
1646525233317 0.000125 62
1646525255720 0.000125 63
1646525279402 0.000125 64
1646525301798 0.000125 65
1646525324672 0.000125 66
1646525347075 0.000125 67
1646525369480 0.000125 68
1646525391886 0.000125 69
1646525414692 0.000125 70
1646525437102 0.000125 71
1646525459513 0.000125 72
1646525481921 0.000125 73
1646525504337 0.000125 74
1646525526746 0.000125 75
1646525549151 0.000125 76
1646525571562 0.000125 77
1646525593970 0.000125 78
1646525616377 0.000125 79
1646525638786 6.25e-05 80
1646525661198 6.25e-05 81
1646525683603 6.25e-05 82
1646525706008 6.25e-05 83
1646525728432 6.25e-05 84
1646525750842 6.25e-05 85
1646525773248 6.25e-05 86
1646525795652 6.25e-05 87
1646525818068 6.25e-05 88
1646525840484 6.25e-05 89
1646525862900 6.25e-05 90
1646525885314 6.25e-05 91
1646525907730 6.25e-05 92
1646525930141 6.25e-05 93
1646525952550 6.25e-05 94
1646525974968 6.25e-05 95
1646525997379 6.25e-05 96
1646526019792 6.25e-05 97
1646526042229 6.25e-05 98
1646526064633 6.25e-05 99
