1646523828124 25.50636574074074 0
1646523853683 42.173032407407405 1
1646523877342 50.998263888888886 2
1646523901066 54.99131944444444 3
1646523924777 58.36226851851852 4
1646523948519 62.094907407407405 5
1646523972251 64.14930555555556 6
1646523995985 66.57986111111111 7
1646524018386 67.21643518518519 8
1646524042126 69.921875 9
1646524065862 72.09201388888889 10
1646524088233 73.01793981481481 11
1646524110612 74.33449074074075 12
1646524134360 77.05439814814815 13
1646524156735 77.53182870370371 14
1646524179107 79.78877314814815 15
1646524201482 81.51041666666667 16
1646524223859 82.08912037037037 17
1646524246235 83.75289351851852 18
1646524268615 84.73668981481481 19
1646524290994 87.84722222222223 20
1646524313371 89.94502314814815 21
1646524335746 90.20543981481481 22
1646524358120 89.94502314814815 23
1646524380492 90.95775462962963 24
1646524402863 91.59432870370371 25
1646524425237 92.69386574074075 26
1646524447617 92.86747685185185 27
1646524469994 93.28703703703704 28
1646524492381 93.25810185185185 29
1646524514759 93.89467592592592 30
1646524537136 94.67592592592592 31
1646524559512 94.79166666666667 32
1646524581896 94.9363425925926 33
1646524604271 95.703125 34
1646524626652 95.3269675925926 35
1646524649033 95.63078703703704 36
1646524671707 95.80439814814815 37
1646524694088 95.90567129629629 38
1646524716466 96.68692129629629 39
1646524738842 97.55497685185185 40
1646524761222 97.58391203703704 41
1646524783604 97.78645833333333 42
1646524805989 98.046875 43
1646524828378 97.85879629629629 44
1646524850774 98.26388888888889 45
1646524873184 98.39409722222223 46
1646524895594 97.96006944444444 47
1646524918001 98.22048611111111 48
1646524940403 98.50983796296296 49
1646524962807 98.36516203703704 50
1646524985210 98.26388888888889 51
1646525007615 98.71238425925925 52
1646525030026 98.72685185185185 53
1646525053767 98.55324074074075 54
1646525076149 98.49537037037037 55
1646525098533 98.65451388888889 56
1646525120924 98.50983796296296 57
1646525143333 98.88599537037037 58
1646525165739 99.04513888888889 59
1646525188153 99.24768518518519 60
1646525210924 99.18981481481481 61
1646525233324 99.29108796296296 62
1646525255727 99.18981481481481 63
1646525279409 99.33449074074075 64
1646525301806 99.43576388888889 65
1646525324680 99.27662037037037 66
1646525347082 99.29108796296296 67
1646525369488 99.40682870370371 68
1646525391894 99.26215277777777 69
1646525414698 99.32002314814815 70
1646525437110 99.43576388888889 71
1646525459521 99.32002314814815 72
1646525481929 99.39236111111111 73
1646525504344 99.26215277777777 74
1646525526754 99.42129629629629 75
1646525549158 99.37789351851852 76
1646525571570 99.46469907407408 77
1646525593976 99.39236111111111 78
1646525616385 99.30555555555556 79
1646525638793 99.72511574074075 80
1646525661207 99.5949074074074 81
1646525683610 99.63831018518519 82
1646525706015 99.5949074074074 83
1646525728438 99.55150462962963 84
1646525750849 99.65277777777777 85
1646525773256 99.53703703703704 86
1646525795663 99.52256944444444 87
1646525818076 99.58043981481481 88
1646525840492 99.68171296296296 89
1646525862909 99.6238425925926 90
1646525885322 99.609375 91
1646525907738 99.63831018518519 92
1646525930150 99.58043981481481 93
1646525952559 99.53703703703704 94
1646525974976 99.81192129629629 95
1646525997388 99.75405092592592 96
1646526019800 99.49363425925925 97
1646526042237 99.66724537037037 98
1646526064642 99.58043981481481 99
