1646523828120 7.623271721380728 0
1646523853262 2.422555168469747 1
1646523877337 1.9595894592779655 2
1646523901062 1.7222906792605366 3
1646523924773 1.5550170430430659 4
1646523948514 1.4095729854371812 5
1646523972247 1.314559946457545 6
1646523995981 1.2145087796228904 7
1646524018381 1.1529707191167053 8
1646524042122 1.0680466658539243 9
1646524065858 0.9837191082813121 10
1646524088229 0.9269015932524646 11
1646524110608 0.8735165894031525 12
1646524134356 0.811065924388391 13
1646524156730 0.759006522319935 14
1646524179102 0.6890293486692287 15
1646524201478 0.6428309425159737 16
1646524223854 0.6013793056761777 17
1646524246230 0.5601466673391836 18
1646524268610 0.513035531397219 19
1646524290989 0.421307024580461 20
1646524313367 0.3841753491648921 21
1646524335742 0.3663088160532492 22
1646524358116 0.35893501920832527 23
1646524380488 0.3390905534227689 24
1646524402858 0.3111999951027058 25
1646524425232 0.29116236197727696 26
1646524447611 0.2775847006727148 27
1646524469989 0.26567447902979674 28
1646524492375 0.26807576611086176 29
1646524514754 0.24180885818269518 30
1646524537132 0.22278209665307291 31
1646524559506 0.2085143686444671 32
1646524581892 0.2047705522014035 33
1646524604266 0.18712558569731536 34
1646524626646 0.18488338700047247 35
1646524649028 0.17419983998492913 36
1646524671701 0.1669486802485254 37
1646524694083 0.15660796093719978 38
1646524716461 0.14049297584979623 39
1646524738837 0.11605272759441976 40
1646524761217 0.1101180864153085 41
1646524783599 0.10192293390907624 42
1646524805984 0.0964647153461421 43
1646524828373 0.09626277818999908 44
1646524850769 0.08663246214941696 45
1646524873179 0.08025215973180753 46
1646524895590 0.0874990805707596 47
1646524917996 0.08418420660826895 48
1646524940398 0.07501719136618906 49
1646524962802 0.07746964920726088 50
1646524985205 0.07879767035720525 51
1646525007610 0.06856435013038141 52
1646525030020 0.06524460093566666 53
1646525053762 0.06788242070211305 54
1646525076144 0.0703391123701025 55
1646525098527 0.06658608597461824 56
1646525120919 0.06425700491915147 57
1646525143328 0.05834668578097114 58
1646525165734 0.052785627957847386 59
1646525188149 0.043215384844828536 60
1646525210920 0.04340222022599644 61
1646525233320 0.0394206105352 62
1646525255722 0.042467855382710695 63
1646525279404 0.04094687894124676 64
1646525301801 0.03746377952672817 65
1646525324675 0.03736800415855315 66
1646525347078 0.04041833820304385 67
1646525369483 0.03594398426098956 68
1646525391889 0.03870881659289201 69
1646525414694 0.03537172468862048 70
1646525437105 0.034924335277604836 71
1646525459516 0.035262747598743 72
1646525481924 0.03439591214474705 73
1646525504340 0.03752883223609792 74
1646525526749 0.031849182262602777 75
1646525549154 0.03614136569753841 76
1646525571565 0.03248191114377092 77
1646525593973 0.03456468457632043 78
1646525616380 0.03428917069470993 79
1646525638789 0.027157557576342865 80
1646525661202 0.024444435326451505 81
1646525683605 0.02650848827842209 82
1646525706011 0.024955644686188962 83
1646525728435 0.025275582188947335 84
1646525750845 0.023590760133056728 85
1646525773251 0.028047831125419448 86
1646525795656 0.025229061557049 87
1646525818071 0.02586082001734111 88
1646525840487 0.022020813802050218 89
1646525862904 0.022916992177703866 90
1646525885317 0.024139183021529956 91
1646525907733 0.02311238153251233 92
1646525930145 0.023451105519025413 93
1646525952553 0.023974533520500968 94
1646525974971 0.019342274456802342 95
1646525997383 0.02153797221749469 96
1646526019795 0.023102914879995363 97
1646526042232 0.022502558978481427 98
1646526064636 0.023043150297814497 99
