1646523820063 0 0
1646523842488 11.013104838709678 1
1646523864985 16.481854838709676 2
1646523887572 21.786794354838708 3
1646523910098 24.987399193548388 4
1646523932689 27.860383064516128 5
1646523955219 30.078125 6
1646523977752 32.434475806451616 7
1646524000280 33.770161290322584 8
1646524022809 35.59727822580645 9
1646524043969 35.59727822580645 10
1646524066487 36.02570564516129 11
1646524089011 36.66834677419355 12
1646524111546 37.512600806451616 13
1646524132707 37.512600806451616 14
1646524153867 37.512600806451616 15
1646524175031 37.512600806451616 16
1646524196191 37.512600806451616 17
1646524217348 37.512600806451616 18
1646524239887 38.24344758064516 19
1646524261048 38.24344758064516 20
1646524282210 38.24344758064516 21
1646524303369 38.24344758064516 22
1646524324534 38.24344758064516 23
1646524345695 38.24344758064516 24
1646524366860 38.24344758064516 25
1646524388024 38.24344758064516 26
1646524409189 38.24344758064516 27
1646524431489 38.24344758064516 28
1646524452685 38.24344758064516 29
1646524473851 38.24344758064516 30
1646524495016 38.24344758064516 31
1646524516183 38.24344758064516 32
1646524537351 38.24344758064516 33
1646524558515 38.24344758064516 34
1646524579682 38.24344758064516 35
1646524600848 38.24344758064516 36
1646524622020 38.24344758064516 37
1646524643187 38.24344758064516 38
1646524664355 38.24344758064516 39
1646524685518 38.24344758064516 40
1646524706688 38.24344758064516 41
1646524727855 38.24344758064516 42
1646524749024 38.24344758064516 43
1646524770193 38.24344758064516 44
1646524791364 38.24344758064516 45
1646524812529 38.24344758064516 46
1646524833694 38.24344758064516 47
1646524854858 38.24344758064516 48
1646524876023 38.24344758064516 49
1646524897190 38.24344758064516 50
1646524918356 38.24344758064516 51
1646524939519 38.24344758064516 52
1646524960682 38.24344758064516 53
1646524981844 38.24344758064516 54
1646525003008 38.24344758064516 55
1646525024176 38.24344758064516 56
1646525045335 38.24344758064516 57
1646525066493 38.24344758064516 58
1646525087653 38.24344758064516 59
1646525108813 38.24344758064516 60
1646525129974 38.24344758064516 61
1646525151132 38.24344758064516 62
1646525172295 38.24344758064516 63
1646525193456 38.24344758064516 64
1646525214617 38.24344758064516 65
1646525235780 38.24344758064516 66
1646525256939 38.24344758064516 67
1646525278098 38.24344758064516 68
1646525299257 38.24344758064516 69
1646525320414 38.24344758064516 70
1646525341573 38.24344758064516 71
1646525362728 38.24344758064516 72
1646525383897 38.24344758064516 73
1646525405057 38.24344758064516 74
1646525426219 38.24344758064516 75
1646525447381 38.24344758064516 76
1646525468540 38.24344758064516 77
1646525489699 38.24344758064516 78
1646525510857 38.24344758064516 79
1646525532020 38.24344758064516 80
1646525553180 38.24344758064516 81
1646525574339 38.24344758064516 82
1646525595499 38.24344758064516 83
1646525616657 38.24344758064516 84
1646525637818 38.24344758064516 85
1646525658981 38.24344758064516 86
1646525680142 38.24344758064516 87
1646525701308 38.24344758064516 88
1646525722472 38.24344758064516 89
1646525743634 38.24344758064516 90
1646525764797 38.24344758064516 91
1646525785956 38.24344758064516 92
1646525807116 38.24344758064516 93
1646525828275 38.24344758064516 94
1646525849436 38.24344758064516 95
1646525870601 38.24344758064516 96
1646525891762 38.24344758064516 97
1646525912918 38.24344758064516 98
1646525934078 38.24344758064516 99
