1646523820050 0.001 0
1646523842476 0.001 1
1646523864974 0.001 2
1646523887560 0.001 3
1646523910088 0.001 4
1646523932675 0.001 5
1646523955207 0.001 6
1646523977740 0.001 7
1646524000268 0.001 8
1646524022795 0.001 9
1646524043957 0.001 10
1646524066476 0.001 11
1646524089000 0.001 12
1646524111535 0.001 13
1646524132691 0.001 14
1646524153853 0.001 15
1646524175018 0.001 16
1646524196179 0.001 17
1646524217335 0.001 18
1646524239872 0.001 19
1646524261037 0.0005 20
1646524282198 0.0005 21
1646524303359 0.0005 22
1646524324522 0.0005 23
1646524345684 0.0005 24
1646524366848 0.0005 25
1646524388013 0.0005 26
1646524409175 0.0005 27
1646524431475 0.0005 28
1646524452671 0.0005 29
1646524473838 0.0005 30
1646524495004 0.0005 31
1646524516171 0.0005 32
1646524537336 0.0005 33
1646524558502 0.0005 34
1646524579668 0.0005 35
1646524600835 0.0005 36
1646524622006 0.0005 37
1646524643174 0.0005 38
1646524664342 0.0005 39
1646524685506 0.00025 40
1646524706676 0.00025 41
1646524727843 0.00025 42
1646524749011 0.00025 43
1646524770181 0.00025 44
1646524791352 0.00025 45
1646524812518 0.00025 46
1646524833683 0.00025 47
1646524854846 0.00025 48
1646524876011 0.00025 49
1646524897178 0.00025 50
1646524918345 0.00025 51
1646524939507 0.00025 52
1646524960669 0.00025 53
1646524981833 0.00025 54
1646525002996 0.00025 55
1646525024160 0.00025 56
1646525045322 0.00025 57
1646525066482 0.00025 58
1646525087641 0.00025 59
1646525108801 0.000125 60
1646525129961 0.000125 61
1646525151121 0.000125 62
1646525172282 0.000125 63
1646525193443 0.000125 64
1646525214605 0.000125 65
1646525235768 0.000125 66
1646525256927 0.000125 67
1646525278085 0.000125 68
1646525299245 0.000125 69
1646525320401 0.000125 70
1646525341561 0.000125 71
1646525362717 0.000125 72
1646525383883 0.000125 73
1646525405045 0.000125 74
1646525426208 0.000125 75
1646525447369 0.000125 76
1646525468528 0.000125 77
1646525489687 0.000125 78
1646525510845 0.000125 79
1646525532008 6.25e-05 80
1646525553168 6.25e-05 81
1646525574326 6.25e-05 82
1646525595485 6.25e-05 83
1646525616644 6.25e-05 84
1646525637805 6.25e-05 85
1646525658968 6.25e-05 86
1646525680128 6.25e-05 87
1646525701294 6.25e-05 88
1646525722457 6.25e-05 89
1646525743620 6.25e-05 90
1646525764783 6.25e-05 91
1646525785944 6.25e-05 92
1646525807104 6.25e-05 93
1646525828262 6.25e-05 94
1646525849424 6.25e-05 95
1646525870587 6.25e-05 96
1646525891749 6.25e-05 97
1646525912906 6.25e-05 98
1646525934064 6.25e-05 99
