1646523820058 24.479166666666668 0
1646523842484 41.68113425925926 1
1646523864981 49.84085648148148 2
1646523887568 53.44328703703704 3
1646523910095 57.50868055555556 4
1646523932684 60.50347222222222 5
1646523955215 62.47106481481482 6
1646523977747 64.65567129629629 7
1646524000276 66.21817129629629 8
1646524022804 68.86574074074075 9
1646524043964 69.89293981481481 10
1646524066483 71.71585648148148 11
1646524089007 74.36342592592592 12
1646524111542 75.96932870370371 13
1646524132702 77.53182870370371 14
1646524153861 79.42708333333333 15
1646524175026 80.96064814814815 16
1646524196187 82.49421296296296 17
1646524217344 83.53587962962963 18
1646524239882 85.19965277777777 19
1646524261044 87.68807870370371 20
1646524282206 89.51099537037037 21
1646524303365 90.01736111111111 22
1646524324530 91.07349537037037 23
1646524345691 91.31944444444444 24
1646524366856 91.46412037037037 25
1646524388020 92.5925925925926 26
1646524409184 92.88194444444444 27
1646524431484 92.9832175925926 28
1646524452679 93.43171296296296 29
1646524473846 93.96701388888889 30
1646524495012 94.5457175925926 31
1646524516179 94.27083333333333 32
1646524537345 94.63252314814815 33
1646524558510 95.26909722222223 34
1646524579676 95.65972222222223 35
1646524600843 95.48611111111111 36
1646524622014 96.36863425925925 37
1646524643181 96.4988425925926 38
1646524664350 96.58564814814815 39
1646524685514 97.2511574074074 40
1646524706683 97.87326388888889 41
1646524727851 97.85879629629629 42
1646524749020 98.07581018518519 43
1646524770188 98.20601851851852 44
1646524791360 98.4375 45
1646524812525 98.58217592592592 46
1646524833690 98.37962962962963 47
1646524854854 98.26388888888889 48
1646524876018 98.62557870370371 49
1646524897186 98.58217592592592 50
1646524918351 98.39409722222223 51
1646524939515 98.61111111111111 52
1646524960677 98.74131944444444 53
1646524981840 98.74131944444444 54
1646525003004 98.68344907407408 55
1646525024171 98.53877314814815 56
1646525045330 98.69791666666667 57
1646525066489 98.71238425925925 58
1646525087649 98.77025462962963 59
1646525108809 99.13194444444444 60
1646525129969 99.29108796296296 61
1646525151128 99.32002314814815 62
1646525172290 99.2042824074074 63
1646525193451 99.37789351851852 64
1646525214613 99.33449074074075 65
1646525235776 99.34895833333333 66
1646525256935 99.609375 67
1646525278093 99.49363425925925 68
1646525299253 99.36342592592592 69
1646525320409 99.29108796296296 70
1646525341569 99.52256944444444 71
1646525362724 99.50810185185185 72
1646525383892 99.40682870370371 73
1646525405052 99.53703703703704 74
1646525426215 99.40682870370371 75
1646525447377 99.49363425925925 76
1646525468536 99.52256944444444 77
1646525489694 99.53703703703704 78
1646525510853 99.34895833333333 79
1646525532016 99.63831018518519 80
1646525553176 99.50810185185185 81
1646525574334 99.5949074074074 82
1646525595494 99.68171296296296 83
1646525616652 99.5949074074074 84
1646525637814 99.68171296296296 85
1646525658976 99.63831018518519 86
1646525680137 99.72511574074075 87
1646525701302 99.63831018518519 88
1646525722466 99.5949074074074 89
1646525743629 99.6238425925926 90
1646525764792 99.65277777777777 91
1646525785952 99.63831018518519 92
1646525807111 99.56597222222223 93
1646525828271 99.6238425925926 94
1646525849432 99.66724537037037 95
1646525870596 99.71064814814815 96
1646525891757 99.75405092592592 97
1646525912914 99.76851851851852 98
1646525934073 99.75405092592592 99
