1646523820053 4.492845658902769 0
1646523842480 2.5664088372830993 1
1646523864977 2.079011513127221 2
1646523887563 1.813935191543014 3
1646523910091 1.6199181366849829 4
1646523932679 1.4963462551434834 5
1646523955210 1.3798464050999395 6
1646523977743 1.2774937660605818 7
1646524000271 1.1931995065123946 8
1646524022799 1.1042581542774483 9
1646524043960 1.0425091871508845 10
1646524066479 0.96493191630752 11
1646524089003 0.9030783507559035 12
1646524111537 0.8395949833922915 13
1646524132695 0.7627556180512464 14
1646524153857 0.7132770032794388 15
1646524175021 0.6629412875131324 16
1646524196182 0.6000551686242774 17
1646524217338 0.5659110855173182 18
1646524239876 0.5113587384974515 19
1646524261040 0.4312417051858372 20
1646524282201 0.3906811133578972 21
1646524303362 0.36813874929039564 22
1646524324525 0.347381515359437 23
1646524345687 0.33084406344978895 24
1646524366851 0.315764631110209 25
1646524388016 0.2861100120676888 26
1646524409179 0.27436935901641846 27
1646524431479 0.270501477850808 28
1646524452674 0.24992496147751808 29
1646524473841 0.23298677940059592 30
1646524495007 0.2255274592726319 31
1646524516174 0.2099518726269404 32
1646524537340 0.20519199636247423 33
1646524558505 0.18797556310892105 34
1646524579671 0.17624555541961281 35
1646524600838 0.1716256854986703 36
1646524622009 0.1580755658171795 37
1646524643177 0.14097246996782445 38
1646524664346 0.1414600849427559 39
1646524685509 0.11850779503583908 40
1646524706679 0.09890180412265989 41
1646524727846 0.09661964540956197 42
1646524749015 0.09060579924671738 43
1646524770184 0.08820952033555066 44
1646524791355 0.08007952667496822 45
1646524812521 0.07570091752266442 46
1646524833686 0.07557373128279492 47
1646524854849 0.07810487887925571 48
1646524876014 0.07219078674636505 49
1646524897181 0.06890770216920862 50
1646524918348 0.07077695456919847 51
1646524939510 0.06678664615308796 52
1646524960672 0.06568300965483542 53
1646524981836 0.06227718579962298 54
1646525002999 0.06176689777661253 55
1646525024164 0.0667893096666645 56
1646525045325 0.05916026614054486 57
1646525066485 0.06247116583916876 58
1646525087643 0.057989884443857054 59
1646525108804 0.0466673726008998 60
1646525129964 0.03995391633361578 61
1646525151124 0.036935184323401364 62
1646525172285 0.03992293750936234 63
1646525193446 0.03809271131952604 64
1646525214608 0.03703442898889383 65
1646525235771 0.03615310141402814 66
1646525256930 0.031232971473838442 67
1646525278089 0.03103640716936853 68
1646525299248 0.03643534668824739 69
1646525320404 0.03466034330496633 70
1646525341564 0.03175114905806603 71
1646525362720 0.03137380312438364 72
1646525383886 0.031022597052570846 73
1646525405048 0.03332715227992998 74
1646525426211 0.03278483938494766 75
1646525447372 0.029663106961244787 76
1646525468531 0.02724005514755845 77
1646525489690 0.030787125298822368 78
1646525510848 0.030230034453173477 79
1646525532011 0.023479695690588817 80
1646525553171 0.026624542488544074 81
1646525574330 0.02376443775439704 82
1646525595489 0.02157464449259418 83
1646525616648 0.023892538164983743 84
1646525637809 0.02254704327357036 85
1646525658972 0.021966138113014125 86
1646525680132 0.02070298363213186 87
1646525701297 0.021157237528650848 88
1646525722460 0.021561798708582366 89
1646525743624 0.020381972987066815 90
1646525764787 0.02160568969945113 91
1646525785947 0.02070597712709396 92
1646525807107 0.02256710841147988 93
1646525828265 0.020523209055816685 94
1646525849427 0.01976391681711431 95
1646525870591 0.01988574568423684 96
1646525891752 0.020406365032411285 97
1646525912909 0.018002690626653255 98
1646525934068 0.018479467352369317 99
