1646519566734 0 0
1646519587165 16.728940217391305 1
1646519607617 23.114809782608695 2
1646519628065 30.38383152173913 3
1646519648541 35.12228260869565 4
1646519669022 38.80774456521739 5
1646519689538 40.01358695652174 6
1646519710052 41.338315217391305 7
1646519730557 44.17459239130435 8
1646519751070 44.81997282608695 9
1646519771573 44.87092391304348 10
1646519792083 45.04076086956522 11
1646519812602 45.32948369565217 12
1646519831745 45.32948369565217 13
1646519850893 45.32948369565217 14
1646519870042 45.32948369565217 15
1646519889194 45.32948369565217 16
1646519908344 45.32948369565217 17
1646519927491 45.32948369565217 18
1646519946642 45.32948369565217 19
1646519965789 45.32948369565217 20
1646519984938 45.32948369565217 21
1646520004088 45.32948369565217 22
1646520023241 45.32948369565217 23
1646520042383 45.32948369565217 24
1646520061530 45.32948369565217 25
1646520080680 45.32948369565217 26
1646520099824 45.32948369565217 27
1646520118974 45.32948369565217 28
1646520138120 45.32948369565217 29
1646520157263 45.32948369565217 30
1646520176407 45.32948369565217 31
1646520195552 45.32948369565217 32
1646520214695 45.32948369565217 33
1646520233836 45.32948369565217 34
1646520252981 45.32948369565217 35
1646520272127 45.32948369565217 36
1646520291273 45.32948369565217 37
1646520310421 45.32948369565217 38
1646520329575 45.32948369565217 39
1646520348722 45.32948369565217 40
1646520367861 45.32948369565217 41
1646520387002 45.32948369565217 42
1646520406148 45.32948369565217 43
1646520425289 45.32948369565217 44
1646520444432 45.32948369565217 45
1646520463568 45.32948369565217 46
1646520482708 45.32948369565217 47
1646520501846 45.32948369565217 48
1646520520991 45.32948369565217 49
1646520540135 45.32948369565217 50
1646520559278 45.32948369565217 51
1646520578422 45.32948369565217 52
1646520597566 45.32948369565217 53
1646520616713 45.32948369565217 54
1646520635855 45.32948369565217 55
1646520654996 45.32948369565217 56
1646520674141 45.32948369565217 57
1646520693283 45.32948369565217 58
1646520712427 45.32948369565217 59
1646520731571 45.32948369565217 60
1646520750716 45.32948369565217 61
1646520769864 45.32948369565217 62
1646520789013 45.32948369565217 63
1646520808161 45.32948369565217 64
1646520827308 45.32948369565217 65
1646520846456 45.32948369565217 66
1646520865604 45.32948369565217 67
1646520884752 45.32948369565217 68
1646520903906 45.32948369565217 69
1646520923057 45.32948369565217 70
1646520942205 45.32948369565217 71
1646520961353 45.32948369565217 72
1646520980503 45.32948369565217 73
1646520999660 45.32948369565217 74
1646521018821 45.32948369565217 75
1646521037971 45.32948369565217 76
1646521057115 45.32948369565217 77
1646521076261 45.32948369565217 78
1646521095403 45.32948369565217 79
1646521114552 45.32948369565217 80
1646521133704 45.32948369565217 81
1646521152857 45.32948369565217 82
1646521172005 45.32948369565217 83
1646521191148 45.32948369565217 84
1646521210318 45.32948369565217 85
1646521229466 45.32948369565217 86
1646521249201 45.32948369565217 87
1646521268348 45.32948369565217 88
1646521287495 45.32948369565217 89
1646521306647 45.32948369565217 90
1646521325791 45.32948369565217 91
1646521344938 45.32948369565217 92
1646521364086 45.32948369565217 93
1646521383239 45.32948369565217 94
1646521402392 45.32948369565217 95
1646521421540 45.32948369565217 96
1646521440683 45.32948369565217 97
1646521459828 45.32948369565217 98
1646521479348 45.32948369565217 99
