1646519566721 0.001 0
1646519587155 0.001 1
1646519607606 0.001 2
1646519628056 0.001 3
1646519648529 0.001 4
1646519669011 0.001 5
1646519689527 0.001 6
1646519710041 0.001 7
1646519730547 0.001 8
1646519751057 0.001 9
1646519771561 0.001 10
1646519792072 0.001 11
1646519812590 0.001 12
1646519831733 0.001 13
1646519850881 0.001 14
1646519870030 0.001 15
1646519889183 0.001 16
1646519908334 0.001 17
1646519927482 0.001 18
1646519946631 0.001 19
1646519965778 0.0005 20
1646519984927 0.0005 21
1646520004077 0.0005 22
1646520023230 0.0005 23
1646520042371 0.0005 24
1646520061519 0.0005 25
1646520080669 0.0005 26
1646520099813 0.0005 27
1646520118962 0.0005 28
1646520138108 0.0005 29
1646520157250 0.0005 30
1646520176395 0.0005 31
1646520195540 0.0005 32
1646520214683 0.0005 33
1646520233824 0.0005 34
1646520252970 0.0005 35
1646520272115 0.0005 36
1646520291262 0.0005 37
1646520310409 0.0005 38
1646520329564 0.0005 39
1646520348710 0.00025 40
1646520367850 0.00025 41
1646520386990 0.00025 42
1646520406137 0.00025 43
1646520425278 0.00025 44
1646520444421 0.00025 45
1646520463558 0.00025 46
1646520482696 0.00025 47
1646520501833 0.00025 48
1646520520979 0.00025 49
1646520540122 0.00025 50
1646520559267 0.00025 51
1646520578411 0.00025 52
1646520597554 0.00025 53
1646520616701 0.00025 54
1646520635845 0.00025 55
1646520654983 0.00025 56
1646520674129 0.00025 57
1646520693271 0.00025 58
1646520712416 0.00025 59
1646520731559 0.000125 60
1646520750703 0.000125 61
1646520769851 0.000125 62
1646520788999 0.000125 63
1646520808148 0.000125 64
1646520827295 0.000125 65
1646520846443 0.000125 66
1646520865591 0.000125 67
1646520884738 0.000125 68
1646520903892 0.000125 69
1646520923044 0.000125 70
1646520942193 0.000125 71
1646520961340 0.000125 72
1646520980489 0.000125 73
1646520999639 0.000125 74
1646521018807 0.000125 75
1646521037958 0.000125 76
1646521057102 0.000125 77
1646521076248 0.000125 78
1646521095391 0.000125 79
1646521114539 6.25e-05 80
1646521133690 6.25e-05 81
1646521152843 6.25e-05 82
1646521171992 6.25e-05 83
1646521191136 6.25e-05 84
1646521210306 6.25e-05 85
1646521229454 6.25e-05 86
1646521249189 6.25e-05 87
1646521268336 6.25e-05 88
1646521287483 6.25e-05 89
1646521306635 6.25e-05 90
1646521325779 6.25e-05 91
1646521344926 6.25e-05 92
1646521364075 6.25e-05 93
1646521383227 6.25e-05 94
1646521402380 6.25e-05 95
1646521421528 6.25e-05 96
1646521440670 6.25e-05 97
1646521459816 6.25e-05 98
1646521479336 6.25e-05 99
