1646519566725 7.1989107794231835 0
1646519587157 2.175928016503652 1
1646519607609 1.7075531902136627 2
1646519628058 1.4272453299275152 3
1646519648533 1.2369701442895111 4
1646519669014 1.079378487887206 5
1646519689531 0.9790218571821848 6
1646519710044 0.8698922472971456 7
1646519730549 0.7729669698962459 8
1646519751060 0.6904643564312546 9
1646519771564 0.6025301681624519 10
1646519792075 0.5391030918668818 11
1646519812593 0.4904844484947346 12
1646519831736 0.42207366945566954 13
1646519850884 0.3670965377931242 14
1646519870033 0.3373416518723523 15
1646519889186 0.30758543257360105 16
1646519908337 0.2747543658371325 17
1646519927484 0.2558230721840152 18
1646519946634 0.22404657635423872 19
1646519965781 0.1699177360645047 20
1646519984930 0.13178502809670237 21
1646520004080 0.11999403754318202 22
1646520023233 0.112648853963172 23
1646520042375 0.10096504815198758 24
1646520061522 0.09802910030164101 25
1646520080672 0.10304915918796151 26
1646520099816 0.08950386058401179 27
1646520118965 0.08726602668563525 28
1646520138111 0.08421674943356602 29
1646520157253 0.08504358182350795 30
1646520176398 0.08913692328389045 31
1646520195544 0.08623888854075361 32
1646520214686 0.06401300299222823 33
1646520233827 0.06742881300548713 34
1646520252972 0.07398728957330739 35
1646520272118 0.069402776175627 36
1646520291265 0.06629008896372936 37
1646520310412 0.07480146108126198 38
1646520329566 0.06359254030717744 39
1646520348713 0.04579177836853045 40
1646520367853 0.03378565219679364 41
1646520386994 0.03298418539472752 42
1646520406140 0.03346381515816406 43
1646520425281 0.030314364711995476 44
1646520444424 0.029697757938669786 45
1646520463560 0.031082934268784744 46
1646520482699 0.03243094706838882 47
1646520501836 0.02607258648128697 48
1646520520982 0.0226503591467109 49
1646520540125 0.023338312369391875 50
1646520559270 0.02358873652432252 51
1646520578414 0.02976865264483624 52
1646520597557 0.03254942007845751 53
1646520616704 0.030697026928127917 54
1646520635847 0.029962268019853917 55
1646520654986 0.024506286390263726 56
1646520674132 0.03145822018591894 57
1646520693274 0.023476147593033535 58
1646520712419 0.027528811453117266 59
1646520731562 0.02091879472653899 60
1646520750706 0.016478747689958523 61
1646520769854 0.015701862207303446 62
1646520789002 0.014110747638537927 63
1646520808152 0.01211106506417747 64
1646520827298 0.014467230286552675 65
1646520846446 0.014844455238845613 66
1646520865594 0.014326772980254006 67
1646520884741 0.012712469143379066 68
1646520903896 0.011255212059175526 69
1646520923047 0.012290791565276406 70
1646520942196 0.014741866676895707 71
1646520961344 0.013219374417396332 72
1646520980492 0.014584935882508202 73
1646520999643 0.013656003926708191 74
1646521018811 0.01090164971537888 75
1646521037961 0.01153775002307224 76
1646521057105 0.012437079571773884 77
1646521076252 0.013158606421374888 78
1646521095393 0.01125854936738809 79
1646521114542 0.01107683125452173 80
1646521133694 0.010361014391054158 81
1646521152846 0.008287598258229318 82
1646521171996 0.007101691560819745 83
1646521191140 0.007855703769665625 84
1646521210309 0.007665429272930379 85
1646521229457 0.00787237985059619 86
1646521249192 0.00683090313234263 87
1646521268339 0.008491183782030863 88
1646521287486 0.007900433532928151 89
1646521306638 0.008766261420937048 90
1646521325781 0.0076771128633818415 91
1646521344929 0.010492379535679464 92
1646521364078 0.006946078833641001 93
1646521383230 0.007220856306419053 94
1646521402383 0.006970886093633318 95
1646521421531 0.0062213210147564054 96
1646521440673 0.009085318560850012 97
1646521459819 0.0056303384653465065 98
1646521479339 0.006147002723688881 99
