1646519566730 24.94212962962963 0
1646519587161 43.113425925925924 1
1646519607613 53.05266203703704 2
1646519628062 58.94097222222222 3
1646519648537 63.614004629629626 4
1646519669017 68.05555555555556 5
1646519689534 70.08101851851852 6
1646519710048 72.93113425925925 7
1646519730553 75.81018518518519 8
1646519751065 78.80497685185185 9
1646519771569 81.90104166666667 10
1646519792079 83.31886574074075 11
1646519812598 84.49074074074075 12
1646519831741 87.03703703703704 13
1646519850888 88.6574074074074 14
1646519870037 89.67013888888889 15
1646519889190 90.85648148148148 16
1646519908340 92.08622685185185 17
1646519927488 92.37557870370371 18
1646519946638 93.53298611111111 19
1646519965785 95.03761574074075 20
1646519984934 96.78819444444444 21
1646520004083 96.77372685185185 22
1646520023237 97.06307870370371 23
1646520042378 97.41030092592592 24
1646520061526 97.46817129629629 25
1646520080676 97.01967592592592 26
1646520099820 97.78645833333333 27
1646520118970 97.68518518518519 28
1646520138115 97.68518518518519 29
1646520157258 97.91666666666667 30
1646520176402 97.51157407407408 31
1646520195548 97.56944444444444 32
1646520214691 98.4519675925926 33
1646520233831 98.35069444444444 34
1646520252977 98.10474537037037 35
1646520272122 98.27835648148148 36
1646520291269 98.20601851851852 37
1646520310417 97.97453703703704 38
1646520329571 98.39409722222223 39
1646520348717 98.95833333333333 40
1646520367857 99.30555555555556 41
1646520386997 99.27662037037037 42
1646520406144 99.32002314814815 43
1646520425285 99.2042824074074 44
1646520444428 99.33449074074075 45
1646520463564 99.17534722222223 46
1646520482704 99.21875 47
1646520501840 99.47916666666667 48
1646520520986 99.52256944444444 49
1646520540130 99.53703703703704 50
1646520559274 99.45023148148148 51
1646520578418 99.24768518518519 52
1646520597562 99.11747685185185 53
1646520616708 99.17534722222223 54
1646520635851 99.17534722222223 55
1646520654991 99.6238425925926 56
1646520674137 99.11747685185185 57
1646520693278 99.52256944444444 58
1646520712423 99.34895833333333 59
1646520731567 99.609375 60
1646520750711 99.6238425925926 61
1646520769859 99.71064814814815 62
1646520789008 99.76851851851852 63
1646520808157 99.78298611111111 64
1646520827303 99.72511574074075 65
1646520846451 99.73958333333333 66
1646520865599 99.65277777777777 67
1646520884747 99.72511574074075 68
1646520903900 99.79745370370371 69
1646520923052 99.75405092592592 70
1646520942201 99.69618055555556 71
1646520961348 99.69618055555556 72
1646520980497 99.71064814814815 73
1646520999650 99.73958333333333 74
1646521018816 99.84085648148148 75
1646521037966 99.78298611111111 76
1646521057110 99.71064814814815 77
1646521076257 99.73958333333333 78
1646521095399 99.82638888888889 79
1646521114547 99.79745370370371 80
1646521133699 99.84085648148148 81
1646521152852 99.86979166666667 82
1646521172001 99.86979166666667 83
1646521191144 99.85532407407408 84
1646521210314 99.89872685185185 85
1646521229462 99.84085648148148 86
1646521249197 99.88425925925925 87
1646521268344 99.82638888888889 88
1646521287491 99.85532407407408 89
1646521306642 99.86979166666667 90
1646521325786 99.84085648148148 91
1646521344934 99.69618055555556 92
1646521364082 99.88425925925925 93
1646521383235 99.86979166666667 94
1646521402388 99.91319444444444 95
1646521421536 99.94212962962963 96
1646521440678 99.76851851851852 97
1646521459824 99.97106481481481 98
1646521479344 99.94212962962963 99
