1646521697059 0 0
1646521715049 21.571180555555557 1
1646521735312 29.094328703703702 2
1646521753399 35.995370370370374 3
1646521771515 39.10590277777778 4
1646521788643 39.10590277777778 5
1646521806790 39.6412037037037 6
1646521824959 41.72453703703704 7
1646521842122 41.72453703703704 8
1646521859293 41.72453703703704 9
1646521876458 41.72453703703704 10
1646521893627 41.72453703703704 11
1646521910791 41.72453703703704 12
1646521927958 41.72453703703704 13
1646521945128 41.72453703703704 14
1646521963358 42.73726851851852 15
1646521980532 42.73726851851852 16
1646521997704 42.73726851851852 17
1646522014878 42.73726851851852 18
1646522032896 42.73726851851852 19
1646522050076 42.73726851851852 20
1646522067385 42.73726851851852 21
1646522084558 42.73726851851852 22
1646522101737 42.73726851851852 23
1646522118920 42.73726851851852 24
1646522136097 42.73726851851852 25
1646522153268 42.73726851851852 26
1646522170447 42.73726851851852 27
1646522187618 42.73726851851852 28
1646522204797 42.73726851851852 29
1646522221979 42.73726851851852 30
1646522240804 42.73726851851852 31
1646522257978 42.73726851851852 32
1646522275161 42.73726851851852 33
1646522292338 42.73726851851852 34
1646522309512 42.73726851851852 35
1646522326700 42.73726851851852 36
1646522343881 42.73726851851852 37
1646522361058 42.73726851851852 38
1646522378234 42.73726851851852 39
1646522395406 42.73726851851852 40
1646522412580 42.73726851851852 41
1646522429919 42.73726851851852 42
1646522447093 42.73726851851852 43
1646522464271 42.73726851851852 44
1646522481457 42.73726851851852 45
1646522498633 42.73726851851852 46
1646522516677 42.73726851851852 47
1646522533855 42.73726851851852 48
1646522551031 42.73726851851852 49
1646522568215 42.73726851851852 50
1646522585398 42.73726851851852 51
1646522602581 42.73726851851852 52
1646522619776 42.73726851851852 53
1646522636955 42.73726851851852 54
1646522654131 42.73726851851852 55
1646522671304 42.73726851851852 56
1646522688478 42.73726851851852 57
1646522706785 42.73726851851852 58
1646522723950 42.73726851851852 59
1646522741118 42.73726851851852 60
1646522758298 42.73726851851852 61
1646522775469 42.73726851851852 62
1646522792641 42.73726851851852 63
1646522809812 42.73726851851852 64
1646522826986 42.73726851851852 65
1646522844153 42.73726851851852 66
1646522861327 42.73726851851852 67
1646522878507 42.73726851851852 68
1646522896420 42.73726851851852 69
1646522913595 42.73726851851852 70
1646522930776 42.73726851851852 71
1646522947957 42.73726851851852 72
1646522965132 42.73726851851852 73
1646522982318 42.73726851851852 74
1646522999497 42.73726851851852 75
1646523016678 42.73726851851852 76
1646523033854 42.73726851851852 77
1646523051034 42.73726851851852 78
1646523068215 42.73726851851852 79
1646523085393 42.73726851851852 80
1646523102579 42.73726851851852 81
1646523119768 42.73726851851852 82
1646523136957 42.73726851851852 83
1646523154136 42.73726851851852 84
1646523171316 42.73726851851852 85
1646523188495 42.73726851851852 86
1646523205666 42.73726851851852 87
1646523222841 42.73726851851852 88
1646523240032 42.73726851851852 89
1646523257214 42.73726851851852 90
1646523274396 42.73726851851852 91
1646523291574 42.73726851851852 92
1646523308747 42.73726851851852 93
1646523325921 42.73726851851852 94
1646523343094 42.73726851851852 95
1646523360259 42.73726851851852 96
1646523377428 42.73726851851852 97
1646523394593 42.73726851851852 98
1646523411759 42.73726851851852 99
