1646521697043 0.001 0
1646521715035 0.001 1
1646521735300 0.001 2
1646521753387 0.001 3
1646521771504 0.001 4
1646521788632 0.001 5
1646521806780 0.001 6
1646521824948 0.001 7
1646521842110 0.001 8
1646521859282 0.001 9
1646521876447 0.001 10
1646521893616 0.001 11
1646521910777 0.001 12
1646521927947 0.001 13
1646521945118 0.001 14
1646521963346 0.001 15
1646521980522 0.001 16
1646521997693 0.001 17
1646522014866 0.001 18
1646522032046 0.001 19
1646522050060 0.0005 20
1646522067245 0.0005 21
1646522084548 0.0005 22
1646522101720 0.0005 23
1646522118904 0.0005 24
1646522136086 0.0005 25
1646522153257 0.0005 26
1646522170432 0.0005 27
1646522187607 0.0005 28
1646522204786 0.0005 29
1646522221967 0.0005 30
1646522239154 0.0005 31
1646522257966 0.0005 32
1646522275150 0.0005 33
1646522292326 0.0005 34
1646522309501 0.0005 35
1646522326684 0.0005 36
1646522343865 0.0005 37
1646522361046 0.0005 38
1646522378222 0.0005 39
1646522395394 0.00025 40
1646522412569 0.00025 41
1646522429743 0.00025 42
1646522447080 0.00025 43
1646522464258 0.00025 44
1646522481442 0.00025 45
1646522498621 0.00025 46
1646522515803 0.00025 47
1646522533843 0.00025 48
1646522551020 0.00025 49
1646522568202 0.00025 50
1646522585387 0.00025 51
1646522602569 0.00025 52
1646522619751 0.00025 53
1646522636942 0.00025 54
1646522654118 0.00025 55
1646522671292 0.00025 56
1646522688465 0.00025 57
1646522706773 0.00025 58
1646522723937 0.00025 59
1646522741105 0.000125 60
1646522758280 0.000125 61
1646522775457 0.000125 62
1646522792629 0.000125 63
1646522809798 0.000125 64
1646522826973 0.000125 65
1646522844140 0.000125 66
1646522861314 0.000125 67
1646522878495 0.000125 68
1646522895668 0.000125 69
1646522913579 0.000125 70
1646522930763 0.000125 71
1646522947941 0.000125 72
1646522965120 0.000125 73
1646522982301 0.000125 74
1646522999483 0.000125 75
1646523016664 0.000125 76
1646523033840 0.000125 77
1646523051021 0.000125 78
1646523068198 0.000125 79
1646523085380 6.25e-05 80
1646523102563 6.25e-05 81
1646523119754 6.25e-05 82
1646523136943 6.25e-05 83
1646523154123 6.25e-05 84
1646523171302 6.25e-05 85
1646523188478 6.25e-05 86
1646523205653 6.25e-05 87
1646523222828 6.25e-05 88
1646523240013 6.25e-05 89
1646523257199 6.25e-05 90
1646523274382 6.25e-05 91
1646523291562 6.25e-05 92
1646523308736 6.25e-05 93
1646523325909 6.25e-05 94
1646523343081 6.25e-05 95
1646523360245 6.25e-05 96
1646523377416 6.25e-05 97
1646523394579 6.25e-05 98
1646523411747 6.25e-05 99
