1646521697053 38.36805555555556 0
1646521715045 56.91550925925926 1
1646521735308 64.27951388888889 2
1646521753395 68.79340277777777 3
1646521771511 71.54224537037037 4
1646521788639 75.14467592592592 5
1646521806787 77.34375 6
1646521824956 79.58622685185185 7
1646521842117 82.37847222222223 8
1646521859289 84.46180555555556 9
1646521876454 86.64641203703704 10
1646521893623 88.06423611111111 11
1646521910785 89.80034722222223 12
1646521927954 91.94155092592592 13
1646521945124 92.43344907407408 14
1646521963353 93.3738425925926 15
1646521980528 93.09895833333333 16
1646521997700 94.97974537037037 17
1646522014874 95.55844907407408 18
1646522032890 95.78993055555556 19
1646522050070 97.72858796296296 20
1646522067252 98.56770833333333 21
1646522084554 99.03067129629629 22
1646522101730 99.16087962962963 23
1646522118913 99.10300925925925 24
1646522136093 99.13194444444444 25
1646522153264 99.17534722222223 26
1646522170441 99.27662037037037 27
1646522187613 99.05960648148148 28
1646522204793 99.16087962962963 29
1646522221974 99.34895833333333 30
1646522240799 99.17534722222223 31
1646522257974 98.88599537037037 32
1646522275157 99.26215277777777 33
1646522292333 99.11747685185185 34
1646522309509 99.13194444444444 35
1646522326693 99.37789351851852 36
1646522343874 99.14641203703704 37
1646522361053 99.08854166666667 38
1646522378230 99.17534722222223 39
1646522395402 99.58043981481481 40
1646522412576 99.79745370370371 41
1646522429914 99.82638888888889 42
1646522447088 99.79745370370371 43
1646522464266 99.88425925925925 44
1646522481450 99.88425925925925 45
1646522498629 99.84085648148148 46
1646522516672 99.85532407407408 47
1646522533850 99.84085648148148 48
1646522551028 99.76851851851852 49
1646522568210 99.86979166666667 50
1646522585394 99.76851851851852 51
1646522602577 99.94212962962963 52
1646522619771 99.84085648148148 53
1646522636951 99.88425925925925 54
1646522654126 99.76851851851852 55
1646522671299 99.78298611111111 56
1646522688472 99.76851851851852 57
1646522706781 99.81192129629629 58
1646522723945 99.81192129629629 59
1646522741113 99.92766203703704 60
1646522758290 99.92766203703704 61
1646522775465 99.91319444444444 62
1646522792637 99.94212962962963 63
1646522809807 99.88425925925925 64
1646522826981 99.89872685185185 65
1646522844148 99.97106481481481 66
1646522861322 99.94212962962963 67
1646522878502 99.94212962962963 68
1646522896414 99.95659722222223 69
1646522913588 99.95659722222223 70
1646522930772 99.94212962962963 71
1646522947950 99.95659722222223 72
1646522965128 99.89872685185185 73
1646522982311 99.97106481481481 74
1646522999492 99.95659722222223 75
1646523016673 99.97106481481481 76
1646523033848 99.97106481481481 77
1646523051029 99.88425925925925 78
1646523068209 99.97106481481481 79
1646523085389 99.97106481481481 80
1646523102573 99.92766203703704 81
1646523119762 99.97106481481481 82
1646523136951 99.95659722222223 83
1646523154131 99.97106481481481 84
1646523171310 99.9855324074074 85
1646523188489 99.97106481481481 86
1646523205661 99.95659722222223 87
1646523222837 99.94212962962963 88
1646523240024 99.94212962962963 89
1646523257209 99.9855324074074 90
1646523274390 100.0 91
1646523291570 100.0 92
1646523308743 99.97106481481481 93
1646523325917 99.97106481481481 94
1646523343090 99.94212962962963 95
1646523360253 99.92766203703704 96
1646523377423 99.94212962962963 97
1646523394589 99.95659722222223 98
1646523411754 99.95659722222223 99
