1646521697048 2.803233391708798 0
1646521715039 1.5894595804037872 1
1646521735302 1.304154657655292 2
1646521753391 1.1374546764073548 3
1646521771507 1.0197145453205816 4
1646521788635 0.9039478721442046 5
1646521806783 0.8150895425566921 6
1646521824951 0.7233756526752755 7
1646521842113 0.6436247494485643 8
1646521859285 0.5788297117860229 9
1646521876450 0.5077787808797978 10
1646521893619 0.4578017310963737 11
1646521910780 0.3993051372192524 12
1646521927950 0.34685445218174543 13
1646521945121 0.31813396099540925 14
1646521963349 0.2818220966943988 15
1646521980525 0.28093733693714495 16
1646521997696 0.22495905889405143 17
1646522014869 0.202702222874871 18
1646522032049 0.1914765978301013 19
1646522050064 0.11973473622843071 20
1646522067248 0.08219245855730993 21
1646522084551 0.06916458835756337 22
1646522101723 0.06391944770735723 23
1646522118908 0.05933361228003546 24
1646522136089 0.05609101336449385 25
1646522153260 0.05400160731126865 26
1646522170436 0.050631180233149616 27
1646522187609 0.05173224148650964 28
1646522204789 0.05093000584316475 29
1646522221970 0.044623503668440714 30
1646522240791 0.05120352807420271 31
1646522257969 0.05387720941669411 32
1646522275153 0.04768215733821745 33
1646522292329 0.04769456234795076 34
1646522309504 0.05121531292658161 35
1646522326687 0.040344512572994935 36
1646522343868 0.0479334175793661 37
1646522361049 0.04491108183369592 38
1646522378225 0.043999524511120935 39
1646522395397 0.0305204044993001 40
1646522412572 0.0216617529383964 41
1646522429908 0.017071688513237017 42
1646522447083 0.018426953901157336 43
1646522464261 0.01521580945700407 44
1646522481445 0.014134623343124986 45
1646522498624 0.014128756649033338 46
1646522516666 0.013549095959644075 47
1646522533846 0.012861242535075656 48
1646522551023 0.013310926017799863 49
1646522568204 0.012287065291915226 50
1646522585389 0.013830866423194055 51
1646522602572 0.011829518816537328 52
1646522619764 0.012631336994538153 53
1646522636945 0.011465787482275456 54
1646522654122 0.013091656663972471 55
1646522671294 0.014794784166884643 56
1646522688467 0.01381090148869488 57
1646522706776 0.014123554384611823 58
1646522723940 0.013603884364581771 59
1646522741108 0.01035977676683278 60
1646522758284 0.009766328605581765 61
1646522775460 0.007707406439025093 62
1646522792632 0.0075845747875670595 63
1646522809802 0.008747163155392089 64
1646522826976 0.008311005537743095 65
1646522844143 0.007281619149984585 66
1646522861317 0.00705958753220599 67
1646522878498 0.007685375580978062 68
1646522896408 0.006090897092319749 69
1646522913582 0.00662382257481416 70
1646522930766 0.0073173046586345195 71
1646522947945 0.005522537894581479 72
1646522965123 0.00788940031391879 73
1646522982304 0.006020275246420944 74
1646522999487 0.0059889183267606075 75
1646523016668 0.005317978313003012 76
1646523033843 0.005191106870942922 77
1646523051024 0.0073027937129760785 78
1646523068202 0.00627318954664386 79
1646523085384 0.005154540512227902 80
1646523102566 0.005853957677673962 81
1646523119757 0.005302116658573074 82
1646523136947 0.00539629340292541 83
1646523154126 0.005143679186908735 84
1646523171305 0.004190030020523678 85
1646523188482 0.004499389044078136 86
1646523205656 0.0049665292242059 87
1646523222832 0.005350921824746938 88
1646523240017 0.005005174648465106 89
1646523257203 0.004363886201409278 90
1646523274385 0.004635934442005775 91
1646523291565 0.00447333800278742 92
1646523308739 0.004645616848763355 93
1646523325913 0.004344075413731237 94
1646523343085 0.004448155273200461 95
1646523360248 0.005066979629056597 96
1646523377419 0.00531493553771051 97
1646523394583 0.00540846933748711 98
1646523411749 0.004155600268859416 99
