1646511437429 0 0
1646511447032 31.026785714285715 1
1646511457549 42.075892857142854 2
1646511465953 51.11607142857143 3
1646511470599 51.11607142857143 4
1646511477127 53.013392857142854 5
1646511482951 53.013392857142854 6
1646511490222 60.267857142857146 7
1646511494867 60.267857142857146 8
1646511503287 69.19642857142857 9
1646511507936 69.19642857142857 10
1646511513958 69.75446428571429 11
1646511518612 69.75446428571429 12
1646511525785 71.09375 13
1646511530431 71.09375 14
1646511536459 76.67410714285714 15
1646511542402 76.67410714285714 16
1646511547056 76.67410714285714 17
1646511553088 78.23660714285714 18
1646511557739 78.23660714285714 19
1646511562387 78.23660714285714 20
1646511570793 83.48214285714286 21
1646511575445 83.48214285714286 22
1646511581537 84.93303571428571 23
1646511586184 84.93303571428571 24
1646511592219 86.71875 25
1646511596873 86.71875 26
1646511602910 87.5 27
1646511607563 87.5 28
1646511612214 87.5 29
1646511616871 87.5 30
1646511621530 87.5 31
1646511626191 87.5 32
1646511631604 87.5 33
1646511636263 87.5 34
1646511640921 87.5 35
1646511645585 87.5 36
1646511650248 87.5 37
1646511655733 87.5 38
1646511660393 87.5 39
1646511666442 87.72321428571429 40
1646511672332 87.72321428571429 41
1646511679551 88.72767857142857 42
1646511684224 88.72767857142857 43
1646511691425 89.84375 44
1646511696081 89.84375 45
1646511700733 89.84375 46
1646511705389 89.84375 47
1646511710049 89.84375 48
1646511714709 89.84375 49
1646511719368 89.84375 50
1646511724033 89.84375 51
1646511728697 89.84375 52
1646511733363 89.84375 53
1646511738029 89.84375 54
1646511742692 89.84375 55
1646511747353 89.84375 56
1646511752016 89.84375 57
1646511756678 89.84375 58
1646511761342 89.84375 59
1646511766006 89.84375 60
1646511770670 89.84375 61
1646511775339 89.84375 62
1646511780005 89.84375 63
1646511784669 89.84375 64
1646511790710 90.06696428571429 65
1646511797930 90.40178571428571 66
1646511802590 90.40178571428571 67
1646511808630 90.51339285714286 68
1646511813546 90.51339285714286 69
1646511818204 90.51339285714286 70
1646511822866 90.51339285714286 71
1646511827529 90.51339285714286 72
1646511832192 90.51339285714286 73
1646511836854 90.51339285714286 74
1646511841514 90.51339285714286 75
1646511846177 90.51339285714286 76
1646511850840 90.51339285714286 77
1646511855506 90.51339285714286 78
1646511860170 90.51339285714286 79
1646511864833 90.51339285714286 80
1646511870875 90.73660714285714 81
1646511875535 90.73660714285714 82
1646511881581 90.95982142857143 83
1646511887627 91.18303571428571 84
1646511892288 91.18303571428571 85
1646511896949 91.18303571428571 86
1646511901920 91.18303571428571 87
1646511906601 91.18303571428571 88
1646511911262 91.18303571428571 89
1646511915930 91.18303571428571 90
1646511920591 91.18303571428571 91
1646511925256 91.18303571428571 92
1646511929912 91.18303571428571 93
1646511934575 91.18303571428571 94
1646511939236 91.18303571428571 95
1646511943896 91.18303571428571 96
1646511948557 91.18303571428571 97
1646511953222 91.18303571428571 98
1646511957881 91.18303571428571 99
