1646511437418 0.001 0
1646511447021 0.001 1
1646511456570 0.001 2
1646511465942 0.001 3
1646511470589 0.001 4
1646511476613 0.001 5
1646511481759 0.001 6
1646511490153 0.001 7
1646511494857 0.001 8
1646511503276 0.001 9
1646511507926 0.001 10
1646511513948 0.001 11
1646511518599 0.001 12
1646511525775 0.001 13
1646511530418 0.001 14
1646511536448 0.001 15
1646511541105 0.001 16
1646511547046 0.001 17
1646511553076 0.001 18
1646511557730 0.001 19
1646511562378 0.0005 20
1646511570783 0.0005 21
1646511575434 0.0005 22
1646511581525 0.0005 23
1646511586172 0.0005 24
1646511592206 0.0005 25
1646511596859 0.0005 26
1646511602899 0.0005 27
1646511607552 0.0005 28
1646511612204 0.0005 29
1646511616860 0.0005 30
1646511621518 0.0005 31
1646511626179 0.0005 32
1646511630839 0.0005 33
1646511636251 0.0005 34
1646511640910 0.0005 35
1646511645573 0.0005 36
1646511650235 0.0005 37
1646511654901 0.0005 38
1646511660381 0.0005 39
1646511666433 0.00025 40
1646511671094 0.00025 41
1646511678445 0.00025 42
1646511684212 0.00025 43
1646511691413 0.00025 44
1646511696068 0.00025 45
1646511700721 0.00025 46
1646511705376 0.00025 47
1646511710036 0.00025 48
1646511714697 0.00025 49
1646511719355 0.00025 50
1646511724021 0.00025 51
1646511728684 0.00025 52
1646511733350 0.00025 53
1646511738016 0.00025 54
1646511742679 0.00025 55
1646511747340 0.00025 56
1646511752003 0.00025 57
1646511756665 0.00025 58
1646511761328 0.00025 59
1646511765993 0.000125 60
1646511770658 0.000125 61
1646511775323 0.000125 62
1646511779990 0.000125 63
1646511784656 0.000125 64
1646511790698 0.000125 65
1646511797918 0.000125 66
1646511802577 0.000125 67
1646511808618 0.000125 68
1646511813273 0.000125 69
1646511818193 0.000125 70
1646511822855 0.000125 71
1646511827515 0.000125 72
1646511832181 0.000125 73
1646511836842 0.000125 74
1646511841503 0.000125 75
1646511846166 0.000125 76
1646511850828 0.000125 77
1646511855494 0.000125 78
1646511860158 0.000125 79
1646511864823 6.25e-05 80
1646511870863 6.25e-05 81
1646511875524 6.25e-05 82
1646511881570 6.25e-05 83
1646511887617 6.25e-05 84
1646511892276 6.25e-05 85
1646511896937 6.25e-05 86
1646511901602 6.25e-05 87
1646511906572 6.25e-05 88
1646511911252 6.25e-05 89
1646511915918 6.25e-05 90
1646511920579 6.25e-05 91
1646511925245 6.25e-05 92
1646511929901 6.25e-05 93
1646511934563 6.25e-05 94
1646511939224 6.25e-05 95
1646511943885 6.25e-05 96
1646511948545 6.25e-05 97
1646511953209 6.25e-05 98
1646511957870 6.25e-05 99
