1646511437420 2.0503381307308493 0
1646511447024 1.702953882706471 1
1646511456939 1.5756198442899263 2
1646511465945 1.4295207262039185 3
1646511470592 1.2621017908438659 4
1646511476966 1.149564577982976 5
1646511482115 1.0226974456738203 6
1646511490213 1.0037985826149964 7
1646511494860 0.8639760506458771 8
1646511503279 0.7948677891340011 9
1646511507929 0.7285218361096505 10
1646511513951 0.6846643808560494 11
1646511518602 0.66552845789836 12
1646511525777 0.60253023260679 13
1646511530422 0.5662198357093029 14
1646511536451 0.5270146032174429 15
1646511541470 0.48678421668517285 16
1646511547048 0.5135270571097349 17
1646511553079 0.46427564513988984 18
1646511557733 0.41973358392715454 19
1646511562380 0.3420269611554268 20
1646511570785 0.2813692012658486 21
1646511575437 0.28034691015879315 22
1646511581528 0.25874101313260883 23
1646511586175 0.263018263456149 24
1646511592209 0.22334858641410485 25
1646511596862 0.23607851068178812 26
1646511602902 0.21591536509685028 27
1646511607555 0.22084835229011682 28
1646511612207 0.20081285750254607 29
1646511616863 0.20843119747363603 30
1646511621521 0.18992211688787508 31
1646511626182 0.19236848770807952 32
1646511631198 0.1889391940755722 33
1646511636254 0.16789866850162163 34
1646511640913 0.1690067375699679 35
1646511645576 0.15231948651564428 36
1646511650238 0.1755776816071608 37
1646511655255 0.13763603740013564 38
1646511660384 0.12070110478462318 39
1646511666435 0.09631915228107037 40
1646511671450 0.07702482955004925 41
1646511678811 0.06413544915043391 42
1646511684215 0.05685847056790804 43
1646511691416 0.056321764699159525 44
1646511696072 0.05333360461279368 45
1646511700724 0.051203322955049 46
1646511705379 0.05397656008314628 47
1646511710039 0.053625536557191454 48
1646511714700 0.05341725094387165 49
1646511719359 0.05523548676417424 50
1646511724024 0.04814707151112648 51
1646511728687 0.053719506288568176 52
1646511733353 0.050944650975557476 53
1646511738019 0.05368301840737844 54
1646511742682 0.05405657688299051 55
1646511747343 0.048704372671170115 56
1646511752006 0.04765174194024159 57
1646511756668 0.04241237861032669 58
1646511761331 0.041819428045971274 59
1646511765996 0.030199029996322516 60
1646511770660 0.021311325033028156 61
1646511775326 0.02289883681358053 62
1646511779994 0.018391798680218365 63
1646511784659 0.018564185832077876 64
1646511790701 0.021221414530793063 65
1646511797920 0.022136673187980287 66
1646511802581 0.01838831385024465 67
1646511808620 0.02338166304458028 68
1646511813535 0.023170206230133772 69
1646511818196 0.015272730173399815 70
1646511822858 0.01643692175499522 71
1646511827518 0.018441319453697175 72
1646511832184 0.015924317344354514 73
1646511836845 0.020518176353130586 74
1646511841505 0.020328139456418846 75
1646511846169 0.01982106079753393 76
1646511850831 0.016227279127073977 77
1646511855497 0.016903982479841664 78
1646511860161 0.014571579591108438 79
1646511864825 0.014813828974580154 80
1646511870866 0.009838047294089427 81
1646511875527 0.008397441727515215 82
1646511881573 0.008069879315697994 83
1646511887620 0.009455855547760924 84
1646511892279 0.009263441691963145 85
1646511896940 0.009418679281878166 86
1646511901909 0.008550894936212363 87
1646511906592 0.00809249235317111 88
1646511911255 0.009383680746675683 89
1646511915921 0.007702041865111544 90
1646511920582 0.007023452879646077 91
1646511925248 0.006510608047485733 92
1646511929903 0.007573233845715339 93
1646511934566 0.006889001573794163 94
1646511939227 0.008409913775558846 95
1646511943887 0.009109688982463036 96
1646511948548 0.010848102315018574 97
1646511953212 0.007492688654635388 98
1646511957873 0.0073373837408442525 99
