1646511437424 28.30528846153846 0
1646511447028 40.524839743589745 1
1646511457543 45.79326923076923 2
1646511465949 50.280448717948715 3
1646511470595 56.61057692307692 4
1646511477122 60.49679487179487 5
1646511482828 64.64342948717949 6
1646511490218 65.64503205128206 7
1646511494863 70.59294871794872 8
1646511503283 72.89663461538461 9
1646511507933 75.14022435897436 10
1646511513955 76.70272435897436 11
1646511518607 77.58413461538461 12
1646511525781 79.32692307692308 13
1646511530427 80.56891025641026 14
1646511536455 81.67067307692308 15
1646511542207 83.19310897435898 16
1646511547052 82.05128205128206 17
1646511553083 84.15464743589743 18
1646511557736 85.1963141025641 19
1646511562384 88.18108974358974 20
1646511570789 90.28445512820512 21
1646511575442 90.30448717948718 22
1646511581534 90.90544871794872 23
1646511586180 90.92548076923077 24
1646511592214 91.90705128205128 25
1646511596867 91.76682692307692 26
1646511602906 92.2275641025641 27
1646511607559 92.52804487179488 28
1646511612211 93.06891025641026 29
1646511616867 92.64823717948718 30
1646511621525 93.46955128205128 31
1646511626187 93.72996794871794 32
1646511631599 93.14903846153847 33
1646511636258 94.31089743589743 34
1646511640918 94.01041666666667 35
1646511645580 94.47115384615384 36
1646511650243 94.15064102564102 37
1646511655728 95.37259615384616 38
1646511660388 95.81330128205128 39
1646511666439 96.59455128205128 40
1646511672158 97.5360576923077 41
1646511679540 97.93669871794872 42
1646511684219 98.09695512820512 43
1646511691420 98.33733974358974 44
1646511696077 98.3573717948718 45
1646511700728 98.5176282051282 46
1646511705385 98.23717948717949 47
1646511710044 98.4775641025641 48
1646511714705 98.23717948717949 49
1646511719364 98.33733974358974 50
1646511724029 98.4375 51
1646511728692 98.13701923076923 52
1646511733358 98.41746794871794 53
1646511738024 98.19711538461539 54
1646511742687 98.23717948717949 55
1646511747348 98.49759615384616 56
1646511752012 98.63782051282051 57
1646511756673 98.79807692307692 58
1646511761336 98.67788461538461 59
1646511766001 99.0985576923077 60
1646511770666 99.41907051282051 61
1646511775334 99.19871794871794 62
1646511780000 99.59935897435898 63
1646511784664 99.49919871794872 64
1646511790706 99.2988782051282 65
1646511797925 99.2988782051282 66
1646511802585 99.47916666666667 67
1646511808625 99.21875 68
1646511813541 99.31891025641026 69
1646511818200 99.57932692307692 70
1646511822862 99.57932692307692 71
1646511827524 99.47916666666667 72
1646511832188 99.53926282051282 73
1646511836849 99.37900641025641 74
1646511841509 99.43910256410257 75
1646511846173 99.45913461538461 76
1646511850835 99.61939102564102 77
1646511855501 99.55929487179488 78
1646511860166 99.73958333333333 79
1646511864829 99.53926282051282 80
1646511870870 99.79967948717949 81
1646511875531 99.85977564102564 82
1646511881577 99.89983974358974 83
1646511887623 99.83974358974359 84
1646511892283 99.71955128205128 85
1646511896945 99.75961538461539 86
1646511901915 99.81971153846153 87
1646511906596 99.83974358974359 88
1646511911259 99.79967948717949 89
1646511915926 99.85977564102564 90
1646511920587 99.85977564102564 91
1646511925252 99.83974358974359 92
1646511929908 99.85977564102564 93
1646511934571 99.8798076923077 94
1646511939232 99.79967948717949 95
1646511943892 99.69951923076923 96
1646511948552 99.71955128205128 97
1646511953217 99.8798076923077 98
1646511957877 99.81971153846153 99
