1646526134197 0 0
1646526156631 11.004464285714286 1
1646526179160 14.520089285714286 2
1646526202140 18.314732142857142 3
1646526224765 20.189732142857142 4
1646526247424 22.834821428571427 5
1646526270108 23.861607142857142 6
1646526292826 27.801339285714285 7
1646526314550 27.801339285714285 8
1646526337343 28.883928571428573 9
1646526360175 29.118303571428573 10
1646526383074 31.328125 11
1646526405985 32.08705357142857 12
1646526428923 32.232142857142854 13
1646526451866 34.21875 14
1646526473879 34.21875 15
1646526495893 34.21875 16
1646526517925 34.21875 17
1646526539981 34.21875 18
1646526562021 34.21875 19
1646526585058 34.464285714285715 20
1646526608055 35.02232142857143 21
1646526630105 35.02232142857143 22
1646526653159 35.189732142857146 23
1646526675227 35.189732142857146 24
1646526698301 35.245535714285715 25
1646526720357 35.245535714285715 26
1646526742472 35.245535714285715 27
1646526764577 35.245535714285715 28
1646526786708 35.245535714285715 29
1646526808821 35.245535714285715 30
1646526830940 35.245535714285715 31
1646526853064 35.245535714285715 32
1646526875179 35.245535714285715 33
1646526897297 35.245535714285715 34
1646526919418 35.245535714285715 35
1646526941536 35.245535714285715 36
1646526963650 35.245535714285715 37
1646526985774 35.245535714285715 38
1646527007884 35.245535714285715 39
1646527030284 35.245535714285715 40
1646527052402 35.245535714285715 41
1646527074570 35.245535714285715 42
1646527096701 35.245535714285715 43
1646527118822 35.245535714285715 44
1646527140984 35.245535714285715 45
1646527163121 35.245535714285715 46
1646527185242 35.245535714285715 47
1646527207363 35.245535714285715 48
1646527229479 35.245535714285715 49
1646527251605 35.245535714285715 50
1646527273716 35.245535714285715 51
1646527295834 35.245535714285715 52
1646527317953 35.245535714285715 53
1646527340069 35.245535714285715 54
1646527362183 35.245535714285715 55
1646527384299 35.245535714285715 56
1646527406417 35.245535714285715 57
1646527428541 35.245535714285715 58
1646527450665 35.245535714285715 59
1646527472779 35.245535714285715 60
1646527494897 35.245535714285715 61
1646527517013 35.245535714285715 62
1646527539132 35.245535714285715 63
1646527561252 35.245535714285715 64
1646527583364 35.245535714285715 65
1646527605490 35.245535714285715 66
1646527627609 35.245535714285715 67
1646527649723 35.245535714285715 68
1646527671895 35.245535714285715 69
1646527694027 35.245535714285715 70
1646527716147 35.245535714285715 71
1646527738264 35.245535714285715 72
1646527760378 35.245535714285715 73
1646527782501 35.245535714285715 74
1646527804617 35.245535714285715 75
1646527826724 35.245535714285715 76
1646527848847 35.245535714285715 77
1646527870962 35.245535714285715 78
1646527893081 35.245535714285715 79
1646527915200 35.245535714285715 80
1646527937325 35.245535714285715 81
1646527959440 35.245535714285715 82
1646527981557 35.245535714285715 83
1646528003672 35.245535714285715 84
1646528025793 35.245535714285715 85
1646528047914 35.245535714285715 86
1646528070037 35.245535714285715 87
1646528092154 35.245535714285715 88
1646528114264 35.245535714285715 89
1646528136383 35.245535714285715 90
1646528158502 35.245535714285715 91
1646528180610 35.245535714285715 92
1646528202736 35.245535714285715 93
1646528224836 35.245535714285715 94
1646528246840 35.245535714285715 95
1646528268801 35.245535714285715 96
1646528290726 35.245535714285715 97
1646528312619 35.245535714285715 98
1646528334478 35.245535714285715 99
