1646526134126 0.001 0
1646526156619 0.001 1
1646526179146 0.001 2
1646526202127 0.001 3
1646526224752 0.001 4
1646526247410 0.001 5
1646526270096 0.001 6
1646526292815 0.001 7
1646526314539 0.001 8
1646526337332 0.001 9
1646526360163 0.001 10
1646526383063 0.001 11
1646526405973 0.001 12
1646526428911 0.001 13
1646526451853 0.001 14
1646526473867 0.001 15
1646526495880 0.001 16
1646526517911 0.001 17
1646526539967 0.001 18
1646526562009 0.001 19
1646526585046 0.0005 20
1646526608044 0.0005 21
1646526630093 0.0005 22
1646526653148 0.0005 23
1646526675217 0.0005 24
1646526698289 0.0005 25
1646526720343 0.0005 26
1646526742459 0.0005 27
1646526764564 0.0005 28
1646526786696 0.0005 29
1646526808808 0.0005 30
1646526830927 0.0005 31
1646526853052 0.0005 32
1646526875166 0.0005 33
1646526897285 0.0005 34
1646526919406 0.0005 35
1646526941523 0.0005 36
1646526963639 0.0005 37
1646526985764 0.0005 38
1646527007873 0.0005 39
1646527030271 0.00025 40
1646527052390 0.00025 41
1646527074555 0.00025 42
1646527096687 0.00025 43
1646527118808 0.00025 44
1646527140969 0.00025 45
1646527163108 0.00025 46
1646527185230 0.00025 47
1646527207350 0.00025 48
1646527229467 0.00025 49
1646527251592 0.00025 50
1646527273702 0.00025 51
1646527295821 0.00025 52
1646527317937 0.00025 53
1646527340056 0.00025 54
1646527362171 0.00025 55
1646527384284 0.00025 56
1646527406404 0.00025 57
1646527428527 0.00025 58
1646527450651 0.00025 59
1646527472764 0.000125 60
1646527494882 0.000125 61
1646527516998 0.000125 62
1646527539119 0.000125 63
1646527561238 0.000125 64
1646527583352 0.000125 65
1646527605478 0.000125 66
1646527627596 0.000125 67
1646527649709 0.000125 68
1646527671881 0.000125 69
1646527694013 0.000125 70
1646527716133 0.000125 71
1646527738250 0.000125 72
1646527760363 0.000125 73
1646527782486 0.000125 74
1646527804603 0.000125 75
1646527826710 0.000125 76
1646527848831 0.000125 77
1646527870949 0.000125 78
1646527893067 0.000125 79
1646527915187 6.25e-05 80
1646527937311 6.25e-05 81
1646527959427 6.25e-05 82
1646527981543 6.25e-05 83
1646528003658 6.25e-05 84
1646528025779 6.25e-05 85
1646528047900 6.25e-05 86
1646528070021 6.25e-05 87
1646528092141 6.25e-05 88
1646528114250 6.25e-05 89
1646528136369 6.25e-05 90
1646528158487 6.25e-05 91
1646528180599 6.25e-05 92
1646528202722 6.25e-05 93
1646528224819 6.25e-05 94
1646528246826 6.25e-05 95
1646528268788 6.25e-05 96
1646528290713 6.25e-05 97
1646528312605 6.25e-05 98
1646528334464 6.25e-05 99
