1646526134191 22.453703703703702 0
1646526156626 39.48206018518518 1
1646526179155 47.0630787037037 2
1646526202135 52.329282407407405 3
1646526224761 55.90277777777778 4
1646526247418 58.04398148148148 5
1646526270103 60.402199074074076 6
1646526292822 62.45659722222222 7
1646526314546 64.35185185185185 8
1646526337339 66.53645833333333 9
1646526360171 67.1875 10
1646526383070 69.08275462962963 11
1646526405981 70.51504629629629 12
1646526428919 72.17881944444444 13
1646526451861 72.43923611111111 14
1646526473875 73.69791666666667 15
1646526495889 75.67997685185185 16
1646526517919 76.9386574074074 17
1646526539976 77.70543981481481 18
1646526562016 79.32581018518519 19
1646526585053 81.78530092592592 20
1646526608051 82.72569444444444 21
1646526630100 83.5792824074074 22
1646526653155 84.20138888888889 23
1646526675223 84.96817129629629 24
1646526698297 85.89409722222223 25
1646526720351 86.22685185185185 26
1646526742467 87.18171296296296 27
1646526764573 87.34085648148148 28
1646526786704 88.84548611111111 29
1646526808816 89.49652777777777 30
1646526830935 89.91608796296296 31
1646526853060 90.79861111111111 32
1646526875174 91.71006944444444 33
1646526897293 92.2019675925926 34
1646526919414 92.60706018518519 35
1646526941532 93.53298611111111 36
1646526963646 94.32870370370371 37
1646526985771 94.31423611111111 38
1646527007880 94.56018518518519 39
1646527030279 96.13715277777777 40
1646527052397 96.60011574074075 41
1646527074565 96.62905092592592 42
1646527096696 96.74479166666667 43
1646527118817 97.12094907407408 44
1646527140978 97.29456018518519 45
1646527163117 97.72858796296296 46
1646527185238 97.84432870370371 47
1646527207359 97.58391203703704 48
1646527229475 97.69965277777777 49
1646527251601 97.77199074074075 50
1646527273712 98.46643518518519 51
1646527295829 98.26388888888889 52
1646527317948 98.01793981481481 53
1646527340065 97.90219907407408 54
1646527362179 98.61111111111111 55
1646527384293 98.33622685185185 56
1646527406412 98.58217592592592 57
1646527428535 98.10474537037037 58
1646527450660 98.72685185185185 59
1646527472773 98.97280092592592 60
1646527494891 98.90046296296296 61
1646527517007 99.18981481481481 62
1646527539127 99.2042824074074 63
1646527561246 99.05960648148148 64
1646527583360 98.85706018518519 65
1646527605486 99.45023148148148 66
1646527627604 98.97280092592592 67
1646527649718 99.14641203703704 68
1646527671890 99.2042824074074 69
1646527694022 99.13194444444444 70
1646527716141 99.16087962962963 71
1646527738258 99.13194444444444 72
1646527760371 99.26215277777777 73
1646527782495 99.16087962962963 74
1646527804613 99.16087962962963 75
1646527826719 99.45023148148148 76
1646527848841 99.29108796296296 77
1646527870957 99.37789351851852 78
1646527893076 99.42129629629629 79
1646527915195 99.37789351851852 80
1646527937320 99.56597222222223 81
1646527959436 99.33449074074075 82
1646527981552 99.50810185185185 83
1646528003667 99.52256944444444 84
1646528025788 99.58043981481481 85
1646528047909 99.55150462962963 86
1646528070032 99.33449074074075 87
1646528092149 99.42129629629629 88
1646528114259 99.52256944444444 89
1646528136378 99.52256944444444 90
1646528158497 99.46469907407408 91
1646528180606 99.42129629629629 92
1646528202731 99.39236111111111 93
1646528224831 99.46469907407408 94
1646528246835 99.43576388888889 95
1646528268797 99.49363425925925 96
1646528290721 99.55150462962963 97
1646528312614 99.56597222222223 98
1646528334473 99.52256944444444 99
