1646526134186 13.743312535462556 0
1646526156622 2.4032280533402055 1
1646526179150 2.0547660809976085 2
1646526202131 1.8388579002133123 3
1646526224756 1.6872825843316537 4
1646526247413 1.5731350382169087 5
1646526270099 1.4730497201283772 6
1646526292818 1.3788454356016937 7
1646526314541 1.307781296747702 8
1646526337335 1.2348022251217454 9
1646526360166 1.1802805143373984 10
1646526383066 1.1164360046386719 11
1646526405977 1.0683704415957134 12
1646526428914 1.0090608342930123 13
1646526451857 0.9686787371282224 14
1646526473871 0.9248437771090755 15
1646526495884 0.8599258727497525 16
1646526517914 0.8258551855882009 17
1646526539971 0.7822675583539186 18
1646526562012 0.7321606587480616 19
1646526585049 0.6593807576983063 20
1646526608047 0.6251480860842599 21
1646526630096 0.602160652478536 22
1646526653151 0.5687591472157726 23
1646526675220 0.5516789903243383 24
1646526698293 0.5334545942368331 25
1646526720346 0.5089013421977008 26
1646526742462 0.4833387738024747 27
1646526764568 0.47439566530563215 28
1646526786699 0.4399468622825764 29
1646526808811 0.4134724658948404 30
1646526830930 0.4047637289320981 31
1646526853055 0.3756763316966869 32
1646526875169 0.35522231183670183 33
1646526897288 0.3339926098231916 34
1646526919409 0.31593759247550257 35
1646526941527 0.295560354159938 36
1646526963641 0.27343191813539575 37
1646526985767 0.2605149097464703 38
1646527007876 0.2535691738680557 39
1646527030273 0.21270936203223687 40
1646527052393 0.20083151178227532 41
1646527074559 0.19221349308888117 42
1646527096691 0.18713527365967078 43
1646527118812 0.17683920374623052 44
1646527140973 0.16799259986038562 45
1646527163111 0.16280406630701488 46
1646527185233 0.1516258726241412 47
1646527207354 0.1539839365416103 48
1646527229470 0.1457194085750315 49
1646527251595 0.14092077590801097 50
1646527273706 0.1304658822439335 51
1646527295824 0.12532327144786162 52
1646527317941 0.1315068970951769 53
1646527340059 0.1336706271050153 54
1646527362174 0.112752600952431 55
1646527384288 0.11126603669038525 56
1646527406407 0.10802666622179526 57
1646527428530 0.11953552122469302 58
1646527450654 0.09916841935504365 59
1646527472767 0.08924931763774818 60
1646527494886 0.08525120639414699 61
1646527517002 0.07778880917639644 62
1646527539122 0.07570774570383408 63
1646527561241 0.07449831703194866 64
1646527583355 0.0815473194061606 65
1646527605481 0.07124390577276547 66
1646527627599 0.07588566984567377 67
1646527649713 0.07354690113829242 68
1646527671885 0.07261475955170614 69
1646527694017 0.07053997353823097 70
1646527716136 0.0671497151531555 71
1646527738254 0.06900332702530755 72
1646527760366 0.0645238598463712 73
1646527782490 0.06524903299631896 74
1646527804607 0.06323906751694502 75
1646527826714 0.05770113574409926 76
1646527848835 0.06003170494955999 77
1646527870952 0.056536144197539044 78
1646527893071 0.05386734812485951 79
1646527915190 0.0540234154711167 80
1646527937315 0.048252718074730146 81
1646527959430 0.05206025171059149 82
1646527981547 0.05110712204542425 83
1646528003662 0.04614138620457164 84
1646528025783 0.04650968282173077 85
1646528047903 0.046527426724356634 86
1646528070025 0.049593400210142136 87
1646528092144 0.047134934924542904 88
1646528114254 0.0449881214234564 89
1646528136373 0.045165827221892496 90
1646528158491 0.04671811253798229 91
1646528180602 0.0456328515170349 92
1646528202726 0.046471904307879786 93
1646528224823 0.043779357681395834 94
1646528246829 0.042981774994620574 95
1646528268792 0.043665592834629396 96
1646528290716 0.041005013372611115 97
1646528312609 0.04036215954908618 98
1646528334467 0.04157453771956541 99
