1646512008589 0 0
1646512026891 14.791666666666666 1
1646512044649 15.052083333333334 2
1646512062083 18.75 3
1646512079523 21.927083333333332 4
1646512096987 24.53125 5
1646512114466 27.96875 6
1646512131919 31.875 7
1646512149368 33.90625 8
1646512166851 40.0 9
1646512182933 40.0 10
1646512200389 47.447916666666664 11
1646512216473 47.447916666666664 12
1646512233932 50.625 13
1646512250012 50.625 14
1646512267966 53.59375 15
1646512284539 53.59375 16
1646512302007 57.96875 17
1646512318086 57.96875 18
1646512334164 57.96875 19
1646512351627 61.458333333333336 20
1646512369512 62.291666666666664 21
1646512386981 62.8125 22
1646512403061 62.8125 23
1646512419139 62.8125 24
1646512436599 63.125 25
1646512452676 63.125 26
1646512470140 63.958333333333336 27
1646512487611 64.16666666666667 28
1646512505677 64.6875 29
1646512521760 64.6875 30
1646512537844 64.6875 31
1646512553926 64.6875 32
1646512570006 64.6875 33
1646512587468 65.3125 34
1646512603553 65.3125 35
1646512619637 65.3125 36
1646512637106 65.72916666666667 37
1646512654643 65.83333333333333 38
1646512670728 65.83333333333333 39
1646512686809 65.83333333333333 40
1646512704279 67.08333333333333 41
1646512720412 67.08333333333333 42
1646512736503 67.08333333333333 43
1646512752591 67.08333333333333 44
1646512770058 67.1875 45
1646512786138 67.1875 46
1646512802221 67.1875 47
1646512818307 67.1875 48
1646512834392 67.1875 49
1646512850472 67.1875 50
1646512866560 67.1875 51
1646512882652 67.1875 52
1646512898738 67.1875 53
1646512914829 67.1875 54
1646512930918 67.1875 55
1646512947002 67.1875 56
1646512963086 67.1875 57
1646512979174 67.1875 58
1646512995260 67.1875 59
1646513011344 67.1875 60
1646513027436 67.1875 61
1646513043523 67.1875 62
1646513059611 67.1875 63
1646513075700 67.1875 64
1646513091797 67.1875 65
1646513109334 67.29166666666667 66
1646513125410 67.29166666666667 67
1646513141489 67.29166666666667 68
1646513157570 67.29166666666667 69
1646513173655 67.29166666666667 70
1646513189736 67.29166666666667 71
1646513207217 67.5 72
1646513223304 67.5 73
1646513239372 67.5 74
1646513255444 67.5 75
1646513271527 67.5 76
1646513287607 67.5 77
1646513303672 67.5 78
1646513319746 67.5 79
1646513335816 67.5 80
1646513351884 67.5 81
1646513367963 67.5 82
1646513384032 67.5 83
1646513400118 67.5 84
1646513416202 67.5 85
1646513432287 67.5 86
1646513448369 67.5 87
1646513464448 67.5 88
1646513480529 67.5 89
1646513496608 67.5 90
1646513512690 67.5 91
1646513528774 67.5 92
1646513544863 67.5 93
1646513560939 67.5 94
1646513577022 67.5 95
1646513593099 67.5 96
1646513609172 67.5 97
1646513625241 67.5 98
1646513641309 67.5 99
