1646512006974 0.001 0
1646512026804 0.001 1
1646512044638 0.001 2
1646512062074 0.001 3
1646512079512 0.001 4
1646512096974 0.001 5
1646512114454 0.001 6
1646512131907 0.001 7
1646512149355 0.001 8
1646512166839 0.001 9
1646512182920 0.001 10
1646512200375 0.001 11
1646512216459 0.001 12
1646512233919 0.001 13
1646512250000 0.001 14
1646512267452 0.001 15
1646512284031 0.001 16
1646512301994 0.001 17
1646512318076 0.001 18
1646512334151 0.001 19
1646512351617 0.0005 20
1646512369501 0.0005 21
1646512386970 0.0005 22
1646512403050 0.0005 23
1646512419127 0.0005 24
1646512436587 0.0005 25
1646512452666 0.0005 26
1646512470126 0.0005 27
1646512487599 0.0005 28
1646512505666 0.0005 29
1646512521747 0.0005 30
1646512537832 0.0005 31
1646512553917 0.0005 32
1646512569996 0.0005 33
1646512587457 0.0005 34
1646512603541 0.0005 35
1646512619627 0.0005 36
1646512637095 0.0005 37
1646512654630 0.0005 38
1646512670717 0.0005 39
1646512686800 0.00025 40
1646512704269 0.00025 41
1646512720402 0.00025 42
1646512736491 0.00025 43
1646512752580 0.00025 44
1646512770046 0.00025 45
1646512786127 0.00025 46
1646512802210 0.00025 47
1646512818295 0.00025 48
1646512834381 0.00025 49
1646512850461 0.00025 50
1646512866548 0.00025 51
1646512882636 0.00025 52
1646512898725 0.00025 53
1646512914819 0.00025 54
1646512930907 0.00025 55
1646512946990 0.00025 56
1646512963076 0.00025 57
1646512979163 0.00025 58
1646512995249 0.00025 59
1646513011332 0.000125 60
1646513027424 0.000125 61
1646513043511 0.000125 62
1646513059598 0.000125 63
1646513075688 0.000125 64
1646513091778 0.000125 65
1646513109323 0.000125 66
1646513125398 0.000125 67
1646513141477 0.000125 68
1646513157559 0.000125 69
1646513173643 0.000125 70
1646513189724 0.000125 71
1646513207204 0.000125 72
1646513223292 0.000125 73
1646513239359 0.000125 74
1646513255434 0.000125 75
1646513271515 0.000125 76
1646513287595 0.000125 77
1646513303658 0.000125 78
1646513319734 0.000125 79
1646513335803 6.25e-05 80
1646513351872 6.25e-05 81
1646513367950 6.25e-05 82
1646513384019 6.25e-05 83
1646513400106 6.25e-05 84
1646513416191 6.25e-05 85
1646513432275 6.25e-05 86
1646513448357 6.25e-05 87
1646513464437 6.25e-05 88
1646513480517 6.25e-05 89
1646513496597 6.25e-05 90
1646513512677 6.25e-05 91
1646513528760 6.25e-05 92
1646513544852 6.25e-05 93
1646513560928 6.25e-05 94
1646513577009 6.25e-05 95
1646513593086 6.25e-05 96
1646513609159 6.25e-05 97
1646513625228 6.25e-05 98
1646513641297 6.25e-05 99
