1646512008170 9.447337962962964 0
1646512026887 11.313657407407407 1
1646512044645 17.20196759259259 2
1646512062080 22.453703703703702 3
1646512079519 26.591435185185187 4
1646512096982 31.26446759259259 5
1646512114461 34.751157407407405 6
1646512131915 38.035300925925924 7
1646512149363 41.001157407407405 8
1646512166847 44.96527777777778 9
1646512182928 48.538773148148145 10
1646512200384 51.548032407407405 11
1646512216468 54.586226851851855 12
1646512233928 59.07118055555556 13
1646512250008 60.59027777777778 14
1646512267960 63.70081018518518 15
1646512284534 65.94328703703704 16
1646512302002 68.80787037037037 17
1646512318083 71.02141203703704 18
1646512334158 72.51157407407408 19
1646512351624 79.15219907407408 20
1646512369508 80.33854166666667 21
1646512386977 81.87210648148148 22
1646512403057 82.37847222222223 23
1646512419135 83.02951388888889 24
1646512436595 83.47800925925925 25
1646512452672 84.31712962962963 26
1646512470136 84.34606481481481 27
1646512487607 85.76388888888889 28
1646512505673 85.37326388888889 29
1646512521755 86.96469907407408 30
1646512537840 87.63020833333333 31
1646512553923 88.42592592592592 32
1646512570003 89.49652777777777 33
1646512587463 89.30844907407408 34
1646512603549 90.03182870370371 35
1646512619634 90.87094907407408 36
1646512637102 91.10243055555556 37
1646512654639 91.53645833333333 38
1646512670724 90.84201388888889 39
1646512686806 93.66319444444444 40
1646512704276 95.47164351851852 41
1646512720408 95.58738425925925 42
1646512736499 96.00694444444444 43
1646512752587 96.29629629629629 44
1646512770054 96.31076388888889 45
1646512786134 96.61458333333333 46
1646512802217 96.42650462962963 47
1646512818303 96.36863425925925 48
1646512834388 96.41203703703704 49
1646512850468 96.68692129629629 50
1646512866556 96.62905092592592 51
1646512882647 96.55671296296296 52
1646512898733 96.83159722222223 53
1646512914825 96.45543981481481 54
1646512930914 97.12094907407408 55
1646512946998 96.51331018518519 56
1646512963083 96.8894675925926 57
1646512979170 97.06307870370371 58
1646512995256 96.875 59
1646513011339 98.09027777777777 60
1646513027432 98.61111111111111 61
1646513043518 98.78472222222223 62
1646513059605 98.90046296296296 63
1646513075695 99.01620370370371 64
1646513091788 98.98726851851852 65
1646513109330 98.98726851851852 66
1646513125405 98.88599537037037 67
1646513141485 98.94386574074075 68
1646513157566 99.00173611111111 69
1646513173651 99.10300925925925 70
1646513189731 99.08854166666667 71
1646513207212 98.91493055555556 72
1646513223300 99.03067129629629 73
1646513239368 98.79918981481481 74
1646513255440 98.79918981481481 75
1646513271523 98.91493055555556 76
1646513287604 99.00173611111111 77
1646513303667 99.30555555555556 78
1646513319742 99.05960648148148 79
1646513335811 99.26215277777777 80
1646513351880 99.58043981481481 81
1646513367959 99.29108796296296 82
1646513384028 99.42129629629629 83
1646513400114 99.53703703703704 84
1646513416198 99.46469907407408 85
1646513432283 99.40682870370371 86
1646513448365 99.45023148148148 87
1646513464443 99.6238425925926 88
1646513480525 99.5949074074074 89
1646513496604 99.46469907407408 90
1646513512686 99.609375 91
1646513528769 99.68171296296296 92
1646513544860 99.49363425925925 93
1646513560935 99.47916666666667 94
1646513577017 99.39236111111111 95
1646513593094 99.43576388888889 96
1646513609168 99.72511574074075 97
1646513625236 99.609375 98
1646513641304 99.45023148148148 99
