1646512007400 37.12029915827292 0
1646512026882 4.913257161776225 1
1646512044641 2.7687397842054016 2
1646512062076 2.543874639051932 3
1646512079515 2.3763893445332847 4
1646512096977 2.230299362429866 5
1646512114457 2.0729285500667713 6
1646512131911 1.9460824661784701 7
1646512149358 1.8268677481898554 8
1646512166843 1.6888573743678905 9
1646512182923 1.5581228644759566 10
1646512200379 1.471647059475934 11
1646512216463 1.3618749887854964 12
1646512233923 1.2462934090031519 13
1646512250004 1.1592882595680378 14
1646512267841 1.072109592181665 15
1646512284387 1.00235801604059 16
1646512301998 0.9241461135722973 17
1646512318079 0.8667384474365799 18
1646512334154 0.8120410530655472 19
1646512351620 0.641333504959389 20
1646512369504 0.5814243797902707 21
1646512386973 0.5404945380157895 22
1646512403053 0.5312954187393188 23
1646512419131 0.5100261408973623 24
1646512436590 0.4838710786015899 25
1646512452668 0.47452819292192105 26
1646512470130 0.443450978508702 27
1646512487602 0.42888607967782905 28
1646512505669 0.42150829511660115 29
1646512521750 0.3844628447183856 30
1646512537835 0.3717414756064062 31
1646512553919 0.3363899657571757 32
1646512569999 0.314722773929437 33
1646512587460 0.3174446514911122 34
1646512603544 0.29308358883416213 35
1646512619630 0.28114785585138535 36
1646512637098 0.2776389491778833 37
1646512654633 0.2586294738230882 38
1646512670720 0.26671204274451293 39
1646512686802 0.18902488011452886 40
1646512704272 0.14853769954707888 41
1646512720404 0.13752971134252018 42
1646512736494 0.12585796802132218 43
1646512752583 0.12098996223950828 44
1646512770049 0.11503984427286519 45
1646512786130 0.10761011288397843 46
1646512802213 0.11376206701000531 47
1646512818298 0.11096603126713524 48
1646512834383 0.11263637410269843 49
1646512850464 0.1081490048241836 50
1646512866551 0.10408646930698995 51
1646512882641 0.11436587054696348 52
1646512898728 0.10327364352566225 53
1646512914821 0.10860016797151831 54
1646512930910 0.09506987159450848 55
1646512946993 0.0996891248419329 56
1646512963079 0.09768544565196391 57
1646512979166 0.09229135016600291 58
1646512995252 0.0973258622818523 59
1646513011335 0.06252909955327157 60
1646513027427 0.051523681005669966 61
1646513043513 0.04424182032407434 62
1646513059601 0.038912612237726095 63
1646513075691 0.03801764285674802 64
1646513091781 0.035855649366836856 65
1646513109326 0.03760961895049722 66
1646513125401 0.03957098853532915 67
1646513141480 0.03684967119867603 68
1646513157561 0.03699977147496409 69
1646513173645 0.033456203838189445 70
1646513189727 0.033424859763019614 71
1646513207207 0.03527477097318128 72
1646513223296 0.03597381792065722 73
1646513239363 0.03876425863968001 74
1646513255437 0.037277246463216014 75
1646513271519 0.0374760200890402 76
1646513287599 0.035415814775559634 77
1646513303661 0.030352269402808614 78
1646513319737 0.03331855220582198 79
1646513335807 0.02718551241344324 80
1646513351875 0.018757166271960293 81
1646513367954 0.024508896275182015 82
1646513384022 0.023404467488742538 83
1646513400109 0.018640983259063906 84
1646513416194 0.019465056765410636 85
1646513432278 0.01852486830170232 86
1646513448360 0.01856865996874317 87
1646513464440 0.017339459551429307 88
1646513480520 0.01745941277369167 89
1646513496600 0.01939978746317879 90
1646513512680 0.01455224666709977 91
1646513528764 0.014005847844398685 92
1646513544855 0.017900127792489475 93
1646513560931 0.02040378447121906 94
1646513577012 0.022036641603335738 95
1646513593089 0.020688152354624536 96
1646513609162 0.01583066120898972 97
1646513625232 0.014309947874776466 98
1646513641300 0.020615842370143918 99
