1646528507176 0 0
1646528528555 21.02363782051282 1
1646528550080 23.91826923076923 2
1646528572377 29.91786858974359 3
1646528592650 29.91786858974359 4
1646528612954 29.91786858974359 5
1646528633304 29.91786858974359 6
1646528653673 29.91786858974359 7
1646528674072 29.91786858974359 8
1646528694563 29.91786858974359 9
1646528715083 29.91786858974359 10
1646528735657 29.91786858974359 11
1646528756255 29.91786858974359 12
1646528776879 29.91786858974359 13
1646528797516 29.91786858974359 14
1646528818170 29.91786858974359 15
1646528838841 29.91786858974359 16
1646528859519 29.91786858974359 17
1646528880218 29.91786858974359 18
1646528900896 29.91786858974359 19
1646528921583 29.91786858974359 20
1646528942280 29.91786858974359 21
1646528962955 29.91786858974359 22
1646528983672 29.91786858974359 23
1646529004385 29.91786858974359 24
1646529025088 29.91786858974359 25
1646529045801 29.91786858974359 26
1646529066527 29.91786858974359 27
1646529087253 29.91786858974359 28
1646529107980 29.91786858974359 29
1646529128734 29.91786858974359 30
1646529149474 29.91786858974359 31
1646529170216 29.91786858974359 32
1646529190967 29.91786858974359 33
1646529211704 29.91786858974359 34
1646529232456 29.91786858974359 35
1646529253199 29.91786858974359 36
1646529273942 29.91786858974359 37
1646529294672 29.91786858974359 38
1646529315396 29.91786858974359 39
1646529336118 29.91786858974359 40
1646529356863 29.91786858974359 41
1646529377589 29.91786858974359 42
1646529398295 29.91786858974359 43
1646529419031 29.91786858974359 44
1646529439757 29.91786858974359 45
1646529460488 29.91786858974359 46
1646529481232 29.91786858974359 47
1646529501970 29.91786858974359 48
1646529522696 29.91786858974359 49
1646529543439 29.91786858974359 50
1646529564177 29.91786858974359 51
1646529584919 29.91786858974359 52
1646529605735 29.91786858974359 53
1646529626478 29.91786858974359 54
1646529647226 29.91786858974359 55
1646529667964 29.91786858974359 56
1646529688708 29.91786858974359 57
1646529709452 29.91786858974359 58
1646529730191 29.91786858974359 59
1646529750914 29.91786858974359 60
1646529771664 29.91786858974359 61
1646529792386 29.91786858974359 62
1646529813120 29.91786858974359 63
1646529833850 29.91786858974359 64
1646529854590 29.91786858974359 65
1646529875341 29.91786858974359 66
1646529896067 29.91786858974359 67
1646529916789 29.91786858974359 68
1646529937517 29.91786858974359 69
1646529958250 29.91786858974359 70
1646529978958 29.91786858974359 71
1646529999689 29.91786858974359 72
1646530020414 29.91786858974359 73
1646530041129 29.91786858974359 74
1646530061857 29.91786858974359 75
1646530082575 29.91786858974359 76
1646530103297 29.91786858974359 77
1646530124034 29.91786858974359 78
1646530144763 29.91786858974359 79
1646530165493 29.91786858974359 80
1646530186213 29.91786858974359 81
1646530206945 29.91786858974359 82
1646530227679 29.91786858974359 83
1646530248411 29.91786858974359 84
1646530269126 29.91786858974359 85
1646530289843 29.91786858974359 86
1646530310573 29.91786858974359 87
1646530331291 29.91786858974359 88
1646530352018 29.91786858974359 89
1646530372724 29.91786858974359 90
1646530393441 29.91786858974359 91
1646530414173 29.91786858974359 92
1646530434894 29.91786858974359 93
1646530455606 29.91786858974359 94
1646530476325 29.91786858974359 95
1646530497042 29.91786858974359 96
1646530517716 29.91786858974359 97
1646530538337 29.91786858974359 98
1646530558960 29.91786858974359 99
