1646528506853 0.001 0
1646528528543 0.001 1
1646528550069 0.001 2
1646528572366 0.001 3
1646528592637 0.001 4
1646528612942 0.001 5
1646528633291 0.001 6
1646528653660 0.001 7
1646528674059 0.001 8
1646528694552 0.001 9
1646528715071 0.001 10
1646528735646 0.001 11
1646528756243 0.001 12
1646528776866 0.001 13
1646528797504 0.001 14
1646528818159 0.001 15
1646528838829 0.001 16
1646528859507 0.001 17
1646528880205 0.001 18
1646528900883 0.001 19
1646528921570 0.0005 20
1646528942268 0.0005 21
1646528962942 0.0005 22
1646528983660 0.0005 23
1646529004372 0.0005 24
1646529025076 0.0005 25
1646529045790 0.0005 26
1646529066515 0.0005 27
1646529087243 0.0005 28
1646529107969 0.0005 29
1646529128721 0.0005 30
1646529149462 0.0005 31
1646529170205 0.0005 32
1646529190955 0.0005 33
1646529211693 0.0005 34
1646529232444 0.0005 35
1646529253188 0.0005 36
1646529273931 0.0005 37
1646529294661 0.0005 38
1646529315385 0.0005 39
1646529336108 0.00025 40
1646529356851 0.00025 41
1646529377577 0.00025 42
1646529398284 0.00025 43
1646529419019 0.00025 44
1646529439743 0.00025 45
1646529460476 0.00025 46
1646529481218 0.00025 47
1646529501958 0.00025 48
1646529522684 0.00025 49
1646529543427 0.00025 50
1646529564165 0.00025 51
1646529584907 0.00025 52
1646529605723 0.00025 53
1646529626466 0.00025 54
1646529647213 0.00025 55
1646529667951 0.00025 56
1646529688697 0.00025 57
1646529709439 0.00025 58
1646529730179 0.00025 59
1646529750902 0.000125 60
1646529771650 0.000125 61
1646529792374 0.000125 62
1646529813107 0.000125 63
1646529833837 0.000125 64
1646529854577 0.000125 65
1646529875327 0.000125 66
1646529896052 0.000125 67
1646529916777 0.000125 68
1646529937503 0.000125 69
1646529958237 0.000125 70
1646529978945 0.000125 71
1646529999675 0.000125 72
1646530020400 0.000125 73
1646530041115 0.000125 74
1646530061843 0.000125 75
1646530082562 0.000125 76
1646530103285 0.000125 77
1646530124023 0.000125 78
1646530144752 0.000125 79
1646530165482 6.25e-05 80
1646530186198 6.25e-05 81
1646530206930 6.25e-05 82
1646530227666 6.25e-05 83
1646530248397 6.25e-05 84
1646530269113 6.25e-05 85
1646530289830 6.25e-05 86
1646530310559 6.25e-05 87
1646530331276 6.25e-05 88
1646530352005 6.25e-05 89
1646530372710 6.25e-05 90
1646530393429 6.25e-05 91
1646530414158 6.25e-05 92
1646530434880 6.25e-05 93
1646530455593 6.25e-05 94
1646530476311 6.25e-05 95
1646530497030 6.25e-05 96
1646530517702 6.25e-05 97
1646530538323 6.25e-05 98
1646530558943 6.25e-05 99
