1646528507164 3.372404886616601 0
1646528528546 1.4402612867178741 1
1646528550072 1.14662288846793 2
1646528572369 0.9487554088786796 3
1646528592640 0.76313126915031 4
1646528612944 0.6788500012071045 5
1646528633294 0.5319443703801544 6
1646528653663 0.40700276968655763 7
1646528674062 0.33650989057841124 8
1646528694555 3.66673270944092 9
1646528715074 2.699359032842848 10
1646528735649 2.4069187376234265 11
1646528756246 2.2160884980802185 12
1646528776869 2.0083956122398376 13
1646528797507 1.8809982185010556 14
1646528818162 1.7149232162369623 15
1646528838832 1.5775316975734852 16
1646528859510 1.4692105253537495 17
1646528880208 1.3486411262441564 18
1646528900886 1.2461657932511083 19
1646528921573 1.0995667267728735 20
1646528942271 1.0175966852241092 21
1646528962945 0.9570312875288504 22
1646528983663 0.9025112489859263 23
1646529004376 0.8316055602497525 24
1646529025079 0.7900703659764042 25
1646529045793 0.7193005714151595 26
1646529066518 0.668893461977994 27
1646529087245 0.6108338827336276 28
1646529107971 0.5637069361077415 29
1646529128724 0.5252288243284932 30
1646529149465 0.4660452642926463 31
1646529170208 0.429197265042199 32
1646529190958 0.38344221589741884 33
1646529211696 0.3557557104914277 34
1646529232447 0.3367577015801712 35
1646529253191 0.31619647172866044 36
1646529273933 0.28041194517303397 37
1646529294663 0.24500811113803475 38
1646529315388 0.23050268435919727 39
1646529336111 0.19088705408352394 40
1646529356854 0.16734390609242297 41
1646529377580 0.15757184006549693 42
1646529398287 0.14987516872308873 43
1646529419022 0.14830492547264806 44
1646529439746 0.14199036635734416 45
1646529460480 0.13511102494818192 46
1646529481220 0.13463683688530215 47
1646529501961 0.11707187692324321 48
1646529522687 0.11640383448037836 49
1646529543430 0.11035226954630127 50
1646529564168 0.10648335157721131 51
1646529584910 0.1028776021881236 52
1646529605726 0.10042707622051239 53
1646529626469 0.0978054025520881 54
1646529647216 0.09572130351982734 55
1646529667954 0.08728781273519551 56
1646529688700 0.08056155336951767 57
1646529709442 0.08990887925028801 58
1646529730181 0.0765936662339502 59
1646529750905 0.06640417618608033 60
1646529771653 0.05708883799336575 61
1646529792377 0.06117758403221766 62
1646529813110 0.055786497683988676 63
1646529833840 0.05550826044270286 64
1646529854581 0.05392955526433609 65
1646529875331 0.04699993475029866 66
1646529896055 0.05060232527278088 67
1646529916780 0.050022190954122275 68
1646529937507 0.05380031718286099 69
1646529958240 0.047697202716436654 70
1646529978948 0.04712600019518976 71
1646529999679 0.04704489507195023 72
1646530020404 0.04789754399960792 73
1646530041118 0.049819048632074286 74
1646530061847 0.043039266054553015 75
1646530082565 0.04533058977513402 76
1646530103288 0.044674621619008203 77
1646530124026 0.041083911157868525 78
1646530144755 0.03854726693006577 79
1646530165484 0.036538432007310565 80
1646530186202 0.03208249096793157 81
1646530206933 0.036929150853582005 82
1646530227669 0.03135622679083436 83
1646530248401 0.03431835160073307 84
1646530269116 0.033423496065316374 85
1646530289834 0.03143100252512981 86
1646530310563 0.030914611528041185 87
1646530331280 0.029079127315155887 88
1646530352008 0.031747071244926366 89
1646530372714 0.03215668936846433 90
1646530393432 0.02893695400820838 91
1646530414161 0.033058924669468845 92
1646530434883 0.02998237084183428 93
1646530455596 0.028854214241383253 94
1646530476314 0.033327422811891196 95
1646530497034 0.03300232050457486 96
1646530517705 0.032544959181298815 97
1646530538326 0.03141471312415821 98
1646530558946 0.027248873806524056 99
