1646528507170 43.185763888888886 0
1646528528551 63.064236111111114 1
1646528550076 68.82233796296296 2
1646528572373 72.6707175925926 3
1646528592645 77.05439814814815 4
1646528612949 79.47048611111111 5
1646528633299 83.42013888888889 6
1646528653668 87.55787037037037 7
1646528674067 89.30844907407408 8
1646528694559 37.06597222222222 9
1646528715078 42.447916666666664 10
1646528735653 46.64351851851852 11
1646528756251 49.898726851851855 12
1646528776874 53.414351851851855 13
1646528797512 55.367476851851855 14
1646528818166 58.47800925925926 15
1646528838836 60.43113425925926 16
1646528859514 62.557870370370374 17
1646528880213 64.22164351851852 18
1646528900892 66.31944444444444 19
1646528921578 69.25636574074075 20
1646528942276 71.25289351851852 21
1646528962950 72.88773148148148 22
1646528983667 74.03067129629629 23
1646529004381 75.72337962962963 24
1646529025083 77.12673611111111 25
1646529045797 78.74710648148148 26
1646529066523 79.87557870370371 27
1646529087249 82.11805555555556 28
1646529107976 82.87037037037037 29
1646529128728 84.54861111111111 30
1646529149470 86.55960648148148 31
1646529170212 87.32638888888889 32
1646529190962 89.20717592592592 33
1646529211700 90.59606481481481 34
1646529232451 91.3917824074074 35
1646529253195 91.21817129629629 36
1646529273938 92.54918981481481 37
1646529294668 93.83680555555556 38
1646529315391 94.24189814814815 39
1646529336115 95.63078703703704 40
1646529356859 96.4699074074074 41
1646529377584 96.57118055555556 42
1646529398290 97.01967592592592 43
1646529419026 96.94733796296296 44
1646529439750 97.32349537037037 45
1646529460484 97.23668981481481 46
1646529481227 97.13541666666667 47
1646529501965 97.90219907407408 48
1646529522692 97.87326388888889 49
1646529543435 97.81539351851852 50
1646529564172 97.84432870370371 51
1646529584914 98.10474537037037 52
1646529605730 98.07581018518519 53
1646529626473 98.10474537037037 54
1646529647221 98.17708333333333 55
1646529667959 98.4519675925926 56
1646529688705 98.56770833333333 57
1646529709447 98.11921296296296 58
1646529730186 98.61111111111111 59
1646529750910 98.88599537037037 60
1646529771659 99.17534722222223 61
1646529792382 99.00173611111111 62
1646529813115 98.98726851851852 63
1646529833845 99.14641203703704 64
1646529854585 99.18981481481481 65
1646529875336 99.45023148148148 66
1646529896061 99.17534722222223 67
1646529916785 99.36342592592592 68
1646529937512 98.98726851851852 69
1646529958245 99.33449074074075 70
1646529978953 99.18981481481481 71
1646529999685 99.32002314814815 72
1646530020409 99.26215277777777 73
1646530041124 99.01620370370371 74
1646530061852 99.40682870370371 75
1646530082570 99.17534722222223 76
1646530103292 99.33449074074075 77
1646530124030 99.40682870370371 78
1646530144759 99.50810185185185 79
1646530165489 99.58043981481481 80
1646530186207 99.5949074074074 81
1646530206939 99.50810185185185 82
1646530227674 99.55150462962963 83
1646530248406 99.43576388888889 84
1646530269121 99.56597222222223 85
1646530289839 99.52256944444444 86
1646530310568 99.6238425925926 87
1646530331285 99.63831018518519 88
1646530352013 99.58043981481481 89
1646530372718 99.56597222222223 90
1646530393437 99.68171296296296 91
1646530414167 99.46469907407408 92
1646530434889 99.58043981481481 93
1646530455601 99.66724537037037 94
1646530476319 99.43576388888889 95
1646530497038 99.55150462962963 96
1646530517710 99.52256944444444 97
1646530538332 99.55150462962963 98
1646530558953 99.5949074074074 99
