1646515626993 0 0
1646515643106 28.30141129032258 1
1646515659272 39.41532258064516 2
1646515675451 45.01008064516129 3
1646515690624 45.01008064516129 4
1646515706819 47.73185483870968 5
1646515722020 47.73185483870968 6
1646515738253 51.13407258064516 7
1646515754492 51.71370967741935 8
1646515769734 51.71370967741935 9
1646515785033 51.71370967741935 10
1646515800296 51.71370967741935 11
1646515815563 51.71370967741935 12
1646515830857 51.71370967741935 13
1646515846188 51.71370967741935 14
1646515863305 52.04133064516129 15
1646515878668 52.04133064516129 16
1646515894739 52.04133064516129 17
1646515912308 53.150201612903224 18
1646515927723 53.150201612903224 19
1646515943120 53.150201612903224 20
1646515959528 53.654233870967744 21
1646515974968 53.654233870967744 22
1646515990408 53.654233870967744 23
1646516005860 53.654233870967744 24
1646516021309 53.654233870967744 25
1646516036779 53.654233870967744 26
1646516052252 53.654233870967744 27
1646516067739 53.654233870967744 28
1646516083229 53.654233870967744 29
1646516098736 53.654233870967744 30
1646516114245 53.654233870967744 31
1646516129744 53.654233870967744 32
1646516145237 53.654233870967744 33
1646516160747 53.654233870967744 34
1646516176273 53.654233870967744 35
1646516191791 53.654233870967744 36
1646516207309 53.654233870967744 37
1646516222826 53.654233870967744 38
1646516238340 53.654233870967744 39
1646516253854 53.654233870967744 40
1646516269355 53.654233870967744 41
1646516284864 53.654233870967744 42
1646516300378 53.654233870967744 43
1646516315892 53.654233870967744 44
1646516331404 53.654233870967744 45
1646516346911 53.654233870967744 46
1646516362419 53.654233870967744 47
1646516377927 53.654233870967744 48
1646516393434 53.654233870967744 49
1646516408930 53.654233870967744 50
1646516424461 53.654233870967744 51
1646516439954 53.654233870967744 52
1646516455458 53.654233870967744 53
1646516470989 53.654233870967744 54
1646516486508 53.654233870967744 55
1646516502034 53.654233870967744 56
1646516517557 53.654233870967744 57
1646516533077 53.654233870967744 58
1646516548612 53.654233870967744 59
1646516564129 53.654233870967744 60
1646516579642 53.654233870967744 61
1646516595153 53.654233870967744 62
1646516610681 53.654233870967744 63
1646516626198 53.654233870967744 64
1646516641712 53.654233870967744 65
1646516657226 53.654233870967744 66
1646516672745 53.654233870967744 67
1646516688265 53.654233870967744 68
1646516703798 53.654233870967744 69
1646516719326 53.654233870967744 70
1646516734851 53.654233870967744 71
1646516750360 53.654233870967744 72
1646516765878 53.654233870967744 73
1646516781397 53.654233870967744 74
1646516796911 53.654233870967744 75
1646516812427 53.654233870967744 76
1646516827949 53.654233870967744 77
1646516843472 53.654233870967744 78
1646516858970 53.654233870967744 79
1646516874476 53.654233870967744 80
1646516889992 53.654233870967744 81
1646516905497 53.654233870967744 82
1646516921007 53.654233870967744 83
1646516936524 53.654233870967744 84
1646516952019 53.654233870967744 85
1646516967523 53.654233870967744 86
1646516983032 53.654233870967744 87
1646516998534 53.654233870967744 88
1646517014039 53.654233870967744 89
1646517029546 53.654233870967744 90
1646517045053 53.654233870967744 91
1646517060570 53.654233870967744 92
1646517076087 53.654233870967744 93
1646517091599 53.654233870967744 94
1646517107118 53.654233870967744 95
1646517122629 53.654233870967744 96
1646517138145 53.654233870967744 97
1646517153656 53.654233870967744 98
1646517169160 53.654233870967744 99
