1646515626979 0.001 0
1646515643091 0.001 1
1646515659259 0.001 2
1646515675439 0.001 3
1646515690614 0.001 4
1646515706808 0.001 5
1646515722009 0.001 6
1646515738240 0.001 7
1646515754480 0.001 8
1646515769720 0.001 9
1646515785022 0.001 10
1646515800283 0.001 11
1646515815551 0.001 12
1646515830844 0.001 13
1646515846175 0.001 14
1646515863293 0.001 15
1646515878658 0.001 16
1646515894038 0.001 17
1646515911075 0.001 18
1646515927658 0.001 19
1646515943108 0.0005 20
1646515959516 0.0005 21
1646515974954 0.0005 22
1646515990395 0.0005 23
1646516005847 0.0005 24
1646516021298 0.0005 25
1646516036766 0.0005 26
1646516052240 0.0005 27
1646516067728 0.0005 28
1646516083218 0.0005 29
1646516098725 0.0005 30
1646516114233 0.0005 31
1646516129732 0.0005 32
1646516145226 0.0005 33
1646516160735 0.0005 34
1646516176260 0.0005 35
1646516191779 0.0005 36
1646516207296 0.0005 37
1646516222811 0.0005 38
1646516238331 0.0005 39
1646516253843 0.00025 40
1646516269343 0.00025 41
1646516284851 0.00025 42
1646516300367 0.00025 43
1646516315879 0.00025 44
1646516331393 0.00025 45
1646516346901 0.00025 46
1646516362407 0.00025 47
1646516377916 0.00025 48
1646516393423 0.00025 49
1646516408919 0.00025 50
1646516424445 0.00025 51
1646516439943 0.00025 52
1646516455446 0.00025 53
1646516470977 0.00025 54
1646516486494 0.00025 55
1646516502020 0.00025 56
1646516517544 0.00025 57
1646516533064 0.00025 58
1646516548598 0.00025 59
1646516564113 0.000125 60
1646516579630 0.000125 61
1646516595140 0.000125 62
1646516610668 0.000125 63
1646516626185 0.000125 64
1646516641699 0.000125 65
1646516657211 0.000125 66
1646516672730 0.000125 67
1646516688250 0.000125 68
1646516703785 0.000125 69
1646516719313 0.000125 70
1646516734838 0.000125 71
1646516750347 0.000125 72
1646516765865 0.000125 73
1646516781384 0.000125 74
1646516796897 0.000125 75
1646516812414 0.000125 76
1646516827935 0.000125 77
1646516843459 0.000125 78
1646516858956 0.000125 79
1646516874461 6.25e-05 80
1646516889979 6.25e-05 81
1646516905484 6.25e-05 82
1646516920994 6.25e-05 83
1646516936510 6.25e-05 84
1646516952006 6.25e-05 85
1646516967510 6.25e-05 86
1646516983020 6.25e-05 87
1646516998521 6.25e-05 88
1646517014026 6.25e-05 89
1646517029532 6.25e-05 90
1646517045039 6.25e-05 91
1646517060556 6.25e-05 92
1646517076074 6.25e-05 93
1646517091586 6.25e-05 94
1646517107106 6.25e-05 95
1646517122615 6.25e-05 96
1646517138132 6.25e-05 97
1646517153644 6.25e-05 98
1646517169147 6.25e-05 99
