1646515626989 21.397569444444443 0
1646515643101 45.03761574074074 1
1646515659267 56.33680555555556 2
1646515675447 63.295717592592595 3
1646515690620 67.28877314814815 4
1646515706816 70.67418981481481 5
1646515722016 74.46469907407408 6
1646515738248 76.90972222222223 7
1646515754488 79.25347222222223 8
1646515769729 81.52488425925925 9
1646515785029 83.05844907407408 10
1646515800291 85.19965277777777 11
1646515815559 87.05150462962963 12
1646515830853 87.70254629629629 13
1646515846183 89.87268518518519 14
1646515863300 89.97395833333333 15
1646515878664 91.29050925925925 16
1646515894734 91.29050925925925 17
1646515912304 92.23090277777777 18
1646515927719 92.91087962962963 19
1646515943115 95.58738425925925 20
1646515959524 97.78645833333333 21
1646515974963 97.75752314814815 22
1646515990403 97.90219907407408 23
1646516005855 98.10474537037037 24
1646516021305 98.20601851851852 25
1646516036774 98.39409722222223 26
1646516052248 98.77025462962963 27
1646516067735 98.23495370370371 28
1646516083225 98.27835648148148 29
1646516098732 98.26388888888889 30
1646516114240 98.50983796296296 31
1646516129740 98.23495370370371 32
1646516145233 98.55324074074075 33
1646516160742 98.64004629629629 34
1646516176268 98.77025462962963 35
1646516191787 98.61111111111111 36
1646516207304 99.08854166666667 37
1646516222820 98.95833333333333 38
1646516238337 98.58217592592592 39
1646516253850 99.17534722222223 40
1646516269350 99.53703703703704 41
1646516284859 99.5949074074074 42
1646516300374 99.53703703703704 43
1646516315887 99.68171296296296 44
1646516331400 99.68171296296296 45
1646516346908 99.69618055555556 46
1646516362415 99.73958333333333 47
1646516377923 99.75405092592592 48
1646516393430 99.75405092592592 49
1646516408926 99.81192129629629 50
1646516424456 99.81192129629629 51
1646516439950 99.69618055555556 52
1646516455453 99.88425925925925 53
1646516470984 99.79745370370371 54
1646516486503 99.71064814814815 55
1646516502029 99.63831018518519 56
1646516517552 99.609375 57
1646516533073 99.71064814814815 58
1646516548607 99.6238425925926 59
1646516564123 99.76851851851852 60
1646516579638 99.86979166666667 61
1646516595148 99.84085648148148 62
1646516610676 99.89872685185185 63
1646516626193 99.92766203703704 64
1646516641708 99.84085648148148 65
1646516657221 99.81192129629629 66
1646516672739 99.86979166666667 67
1646516688259 99.92766203703704 68
1646516703794 99.84085648148148 69
1646516719321 99.86979166666667 70
1646516734846 99.92766203703704 71
1646516750356 99.81192129629629 72
1646516765873 99.84085648148148 73
1646516781392 99.79745370370371 74
1646516796906 99.85532407407408 75
1646516812423 99.84085648148148 76
1646516827944 99.79745370370371 77
1646516843468 99.81192129629629 78
1646516858965 99.84085648148148 79
1646516874470 99.79745370370371 80
1646516889987 99.92766203703704 81
1646516905493 99.91319444444444 82
1646516921002 99.89872685185185 83
1646516936518 99.95659722222223 84
1646516952014 99.91319444444444 85
1646516967518 99.97106481481481 86
1646516983028 99.97106481481481 87
1646516998529 99.95659722222223 88
1646517014035 99.92766203703704 89
1646517029540 99.89872685185185 90
1646517045048 99.97106481481481 91
1646517060565 99.9855324074074 92
1646517076082 99.95659722222223 93
1646517091594 99.92766203703704 94
1646517107114 99.97106481481481 95
1646517122623 99.92766203703704 96
1646517138141 99.94212962962963 97
1646517153651 99.97106481481481 98
1646517169156 99.92766203703704 99
