1646515626983 5.757604192804407 0
1646515643095 1.9401630207344338 1
1646515659263 1.5066176410074588 2
1646515675442 1.247779698283584 3
1646515690617 1.0922048036698941 4
1646515706812 0.9561375434751864 5
1646515722012 0.8416491437841345 6
1646515738243 0.7371432659802614 7
1646515754483 0.6522113002008862 8
1646515769724 0.5950608468717999 9
1646515785025 0.5493805700982058 10
1646515800286 0.47611527420856337 11
1646515815554 0.43155518726066305 12
1646515830848 0.4058287198896761 13
1646515846178 0.34425635911800245 14
1646515863296 0.3341601835908713 15
1646515878660 0.28943180320439515 16
1646515894392 0.28501415307875033 17
1646515911078 0.2574038188214655 18
1646515927713 0.24338298097804742 19
1646515943111 0.16020031411338737 20
1646515959519 0.10520528298285273 21
1646515974958 0.09780922952901434 22
1646515990398 0.09371334762760887 23
1646516005851 0.08357169775775185 24
1646516021301 0.08217479047124032 25
1646516036769 0.07580246465901534 26
1646516052243 0.06340103420532411 27
1646516067731 0.07352214092733683 28
1646516083221 0.07481112727826392 29
1646516098728 0.07248735289882731 30
1646516114236 0.06551068890149947 31
1646516129735 0.06746969606589388 32
1646516145229 0.06560495813135747 33
1646516160738 0.06133245821628305 34
1646516176263 0.05646320408279145 35
1646516191782 0.059111274088974354 36
1646516207299 0.05005394950233124 37
1646516222814 0.052871298562321395 38
1646516238333 0.0619573601073137 39
1646516253846 0.03914359303329278 40
1646516269346 0.025995603538359755 41
1646516284854 0.02384437303300257 42
1646516300370 0.024107932889213163 43
1646516315883 0.020492780315517274 44
1646516331396 0.021173403572498098 45
1646516346904 0.018063074003698096 46
1646516362410 0.01708231581788924 47
1646516377919 0.01595121134003555 48
1646516393426 0.017409984255209565 49
1646516408922 0.014878962249322622 50
1646516424450 0.014004460992981438 51
1646516439946 0.01654837357259735 52
1646516455449 0.013179261703044176 53
1646516470980 0.014299310235030673 54
1646516486498 0.015479647140536044 55
1646516502024 0.01743929677090987 56
1646516517547 0.02149629440262086 57
1646516533068 0.017108226721002547 58
1646516548602 0.019705376725781848 59
1646516564117 0.013842712216838091 60
1646516579633 0.010220921434531058 61
1646516595143 0.010229412630131399 62
1646516610671 0.008806079582966588 63
1646516626188 0.009145407713259812 64
1646516641702 0.009433608217578795 65
1646516657215 0.010514631621643074 66
1646516672733 0.010267608165223565 67
1646516688253 0.008839550052976443 68
1646516703789 0.009854998944016794 69
1646516719316 0.00886638003349718 70
1646516734841 0.00800171503107305 71
1646516750351 0.009261433755185592 72
1646516765869 0.00975090975407511 73
1646516781387 0.012008822428200531 74
1646516796901 0.010416938552494955 75
1646516812417 0.01043001620133442 76
1646516827938 0.00978700859748103 77
1646516843463 0.009808794280548615 78
1646516858959 0.010179511719831714 79
1646516874465 0.010174416850700422 80
1646516889982 0.006129998377420836 81
1646516905487 0.006630481307015375 82
1646516920997 0.005542858687005247 83
1646516936514 0.004667192382772488 84
1646516952009 0.005933156314616402 85
1646516967513 0.005226671527553763 86
1646516983023 0.005166488005434749 87
1646516998524 0.004907605277063946 88
1646517014030 0.004960847365307725 89
1646517029535 0.005275602282145647 90
1646517045042 0.00438819558756357 91
1646517060560 0.004278997662132261 92
1646517076077 0.004286917771592185 93
1646517091589 0.004965969445442574 94
1646517107109 0.004428805171132639 95
1646517122618 0.00536668639311015 96
1646517138136 0.004908698065534096 97
1646517153647 0.003630794017765395 98
1646517169151 0.004045355349296221 99
