1646511438366 0 0
1646511447917 26.897321428571427 1
1646511457502 40.066964285714285 2
1646511462186 40.066964285714285 3
1646511469462 50.0 4
1646511476633 50.558035714285715 5
1646511485031 60.60267857142857 6
1646511492323 61.830357142857146 7
1646511499590 64.50892857142857 8
1646511504294 64.50892857142857 9
1646511509002 64.50892857142857 10
1646511515647 68.75 11
1646511520368 68.75 12
1646511526457 71.65178571428571 13
1646511532550 74.10714285714286 14
1646511537265 74.10714285714286 15
1646511543106 74.10714285714286 16
1646511549219 76.11607142857143 17
1646511553934 76.11607142857143 18
1646511558646 76.11607142857143 19
1646511563364 76.11607142857143 20
1646511570588 83.59375 21
1646511575307 83.59375 22
1646511582533 84.26339285714286 23
1646511587252 84.26339285714286 24
1646511591976 84.26339285714286 25
1646511596690 84.26339285714286 26
1646511601409 84.26339285714286 27
1646511606130 84.26339285714286 28
1646511610852 84.26339285714286 29
1646511615571 84.26339285714286 30
1646511620293 84.26339285714286 31
1646511625016 84.26339285714286 32
1646511629747 84.26339285714286 33
1646511634479 84.26339285714286 34
1646511639210 84.26339285714286 35
1646511643942 84.26339285714286 36
1646511648672 84.26339285714286 37
1646511653407 84.26339285714286 38
1646511658146 84.26339285714286 39
1646511662878 84.26339285714286 40
1646511669378 86.16071428571429 41
1646511674111 86.16071428571429 42
1646511680221 86.83035714285714 43
1646511686329 87.38839285714286 44
1646511691054 87.38839285714286 45
1646511695781 87.38839285714286 46
1646511700508 87.38839285714286 47
1646511705240 87.38839285714286 48
1646511709973 87.38839285714286 49
1646511714708 87.38839285714286 50
1646511719440 87.38839285714286 51
1646511724173 87.38839285714286 52
1646511728913 87.38839285714286 53
1646511733645 87.38839285714286 54
1646511738387 87.38839285714286 55
1646511743124 87.38839285714286 56
1646511747861 87.38839285714286 57
1646511752601 87.38839285714286 58
1646511757335 87.38839285714286 59
1646511762069 87.38839285714286 60
1646511767593 87.38839285714286 61
1646511772972 87.38839285714286 62
1646511777709 87.38839285714286 63
1646511782440 87.38839285714286 64
1646511788684 87.72321428571429 65
1646511793419 87.72321428571429 66
1646511799533 87.94642857142857 67
1646511804266 87.94642857142857 68
1646511808999 87.94642857142857 69
1646511813735 87.94642857142857 70
1646511818477 87.94642857142857 71
1646511823215 87.94642857142857 72
1646511827950 87.94642857142857 73
1646511832684 87.94642857142857 74
1646511837422 87.94642857142857 75
1646511842155 87.94642857142857 76
1646511846888 87.94642857142857 77
1646511851628 87.94642857142857 78
1646511856367 87.94642857142857 79
1646511861109 87.94642857142857 80
1646511865842 87.94642857142857 81
1646511870578 87.94642857142857 82
1646511875315 87.94642857142857 83
1646511880054 87.94642857142857 84
1646511884790 87.94642857142857 85
1646511889526 87.94642857142857 86
1646511894263 87.94642857142857 87
1646511900377 88.05803571428571 88
1646511905112 88.05803571428571 89
1646511909847 88.05803571428571 90
1646511914580 88.05803571428571 91
1646511919317 88.05803571428571 92
1646511924053 88.05803571428571 93
1646511928792 88.05803571428571 94
1646511933526 88.05803571428571 95
1646511938265 88.05803571428571 96
1646511943001 88.05803571428571 97
1646511947735 88.05803571428571 98
1646511952474 88.05803571428571 99
