1646511438356 0.001 0
1646511447907 0.001 1
1646511457494 0.001 2
1646511462177 0.001 3
1646511469452 0.001 4
1646511476625 0.001 5
1646511485023 0.001 6
1646511492314 0.001 7
1646511499583 0.001 8
1646511504284 0.001 9
1646511508991 0.001 10
1646511515090 0.001 11
1646511520347 0.001 12
1646511526446 0.001 13
1646511532540 0.001 14
1646511537255 0.001 15
1646511541974 0.001 16
1646511549210 0.001 17
1646511553926 0.001 18
1646511558636 0.001 19
1646511563355 0.0005 20
1646511570575 0.0005 21
1646511575296 0.0005 22
1646511582521 0.0005 23
1646511587240 0.0005 24
1646511591966 0.0005 25
1646511596681 0.0005 26
1646511601399 0.0005 27
1646511606119 0.0005 28
1646511610840 0.0005 29
1646511615562 0.0005 30
1646511620283 0.0005 31
1646511625007 0.0005 32
1646511629738 0.0005 33
1646511634469 0.0005 34
1646511639199 0.0005 35
1646511643932 0.0005 36
1646511648661 0.0005 37
1646511653396 0.0005 38
1646511658135 0.0005 39
1646511662868 0.00025 40
1646511668983 0.00025 41
1646511674099 0.00025 42
1646511680210 0.00025 43
1646511686318 0.00025 44
1646511691039 0.00025 45
1646511695769 0.00025 46
1646511700494 0.00025 47
1646511705227 0.00025 48
1646511709961 0.00025 49
1646511714696 0.00025 50
1646511719428 0.00025 51
1646511724162 0.00025 52
1646511728898 0.00025 53
1646511733633 0.00025 54
1646511738373 0.00025 55
1646511743111 0.00025 56
1646511747848 0.00025 57
1646511752588 0.00025 58
1646511757322 0.00025 59
1646511762057 0.000125 60
1646511766794 0.000125 61
1646511772319 0.000125 62
1646511777698 0.000125 63
1646511782429 0.000125 64
1646511788543 0.000125 65
1646511793409 0.000125 66
1646511799518 0.000125 67
1646511804253 0.000125 68
1646511808987 0.000125 69
1646511813722 0.000125 70
1646511818464 0.000125 71
1646511823200 0.000125 72
1646511827937 0.000125 73
1646511832671 0.000125 74
1646511837408 0.000125 75
1646511842144 0.000125 76
1646511846876 0.000125 77
1646511851615 0.000125 78
1646511856354 0.000125 79
1646511861096 6.25e-05 80
1646511865829 6.25e-05 81
1646511870564 6.25e-05 82
1646511875302 6.25e-05 83
1646511880040 6.25e-05 84
1646511884777 6.25e-05 85
1646511889513 6.25e-05 86
1646511894250 6.25e-05 87
1646511900365 6.25e-05 88
1646511905099 6.25e-05 89
1646511909834 6.25e-05 90
1646511914568 6.25e-05 91
1646511919303 6.25e-05 92
1646511924040 6.25e-05 93
1646511928779 6.25e-05 94
1646511933513 6.25e-05 95
1646511938252 6.25e-05 96
1646511942988 6.25e-05 97
1646511947722 6.25e-05 98
1646511952460 6.25e-05 99
