1646511438358 2.116732108287322 0
1646511447910 1.795522072376349 1
1646511457496 1.6395010611949823 2
1646511462180 1.4768406641788971 3
1646511469455 1.3372943890400422 4
1646511476628 1.2384539888455317 5
1646511485025 1.1155144312442877 6
1646511492316 1.0552170597589934 7
1646511499585 0.9749302711242285 8
1646511504287 0.9042055102495047 9
1646511508994 0.8425873991770622 10
1646511515447 0.79820133631046 11
1646511520359 0.7309614710318737 12
1646511526449 0.7083166975241441 13
1646511532542 0.6362757621667324 14
1646511537258 0.6138767164487106 15
1646511542330 0.5743383520688766 16
1646511549212 0.5104853434440417 17
1646511553928 0.5599269309105017 18
1646511558639 0.4899945350793692 19
1646511563357 0.4064351709989401 20
1646511570579 0.3437550935225609 21
1646511575299 0.3190688746861922 22
1646511582524 0.2929279766021631 23
1646511587243 0.29672648050846195 24
1646511591969 0.28684640312806153 25
1646511596684 0.28337563154024953 26
1646511601402 0.24973552769575363 27
1646511606122 0.23693521511860383 28
1646511610843 0.2725743830968172 29
1646511615564 0.24377715778656495 30
1646511620286 0.24535963053886706 31
1646511625009 0.2123071287687008 32
1646511629741 0.19872141514833158 33
1646511634472 0.1978173662836735 34
1646511639202 0.17967981692308035 35
1646511643934 0.16193785919592932 36
1646511648664 0.16541610600856635 37
1646511653398 0.16699898032805857 38
1646511658137 0.15669883290926614 39
1646511662870 0.11455497632806118 40
1646511669338 0.07886500704364899 41
1646511674102 0.0661508386524824 42
1646511680213 0.06627088880691773 43
1646511686321 0.058594506759292043 44
1646511691042 0.05481141270735325 45
1646511695772 0.05019062198698521 46
1646511700497 0.054143264364355646 47
1646511705230 0.058666820996082746 48
1646511709964 0.045996698956841074 49
1646511714699 0.04850208467971056 50
1646511719432 0.055557796779351354 51
1646511724165 0.05620026941864918 52
1646511728901 0.05573740988396681 53
1646511733637 0.045272500779575266 54
1646511738377 0.05349917900867951 55
1646511743114 0.05242703382212382 56
1646511747851 0.05283809601305387 57
1646511752591 0.045035540245664425 58
1646511757325 0.03719961781723377 59
1646511762060 0.032134511364767186 60
1646511767149 0.028133484081198007 61
1646511772675 0.01800237660511182 62
1646511777700 0.018662138794286128 63
1646511782432 0.01946159404439804 64
1646511788673 0.01840897220879411 65
1646511793412 0.018546120735267416 66
1646511799521 0.020931208476376455 67
1646511804256 0.01753783005122573 68
1646511808990 0.020397170399052974 69
1646511813725 0.017309526196466044 70
1646511818466 0.01701164407392916 71
1646511823203 0.018103477837613378 72
1646511827940 0.016028449007978614 73
1646511832674 0.022320628357239258 74
1646511837411 0.01920134603427962 75
1646511842147 0.020114587655720804 76
1646511846880 0.01472651475491241 77
1646511851618 0.01629734347956494 78
1646511856357 0.01686333476876219 79
1646511861099 0.015035650603329906 80
1646511865832 0.010006744665308641 81
1646511870568 0.012189395677966949 82
1646511875305 0.012221383277135782 83
1646511880044 0.008906306764588524 84
1646511884780 0.009033053256690694 85
1646511889517 0.010456906297268012 86
1646511894253 0.008395744481673226 87
1646511900368 0.007296640634871064 88
1646511905102 0.00798041597665407 89
1646511909837 0.0064128004089117245 90
1646511914571 0.007799630008566265 91
1646511919307 0.01001782951136239 92
1646511924044 0.007482422557540047 93
1646511928783 0.007766120446225007 94
1646511933516 0.006983018829487264 95
1646511938255 0.008797080244104832 96
1646511942991 0.007393272008555822 97
1646511947725 0.007429414581005963 98
1646511952463 0.00985461420331819 99
