1646511438362 24.559294871794872 0
1646511447914 36.438301282051285 1
1646511457499 43.36939102564103 2
1646511462183 49.298878205128204 3
1646511469459 54.74759615384615 4
1646511476631 57.99278846153846 5
1646511485028 61.87900641025641 6
1646511492320 64.12259615384616 7
1646511499587 66.72676282051282 8
1646511504291 69.05048076923077 9
1646511508998 70.93349358974359 10
1646511515642 72.85657051282051 11
1646511520364 74.8798076923077 12
1646511526453 75.54086538461539 13
1646511532546 77.96474358974359 14
1646511537262 79.12660256410257 15
1646511543040 80.72916666666667 16
1646511549216 82.17147435897436 17
1646511553931 80.88942307692308 18
1646511558643 82.63221153846153 19
1646511563361 86.39823717948718 20
1646511570584 88.30128205128206 21
1646511575304 89.0224358974359 22
1646511582529 89.82371794871794 23
1646511587248 89.9238782051282 24
1646511591973 89.90384615384616 25
1646511596687 90.08413461538461 26
1646511601405 91.40625 27
1646511606126 91.56650641025641 28
1646511610848 90.5849358974359 29
1646511615567 91.14583333333333 30
1646511620290 91.46634615384616 31
1646511625012 92.70833333333333 32
1646511629744 93.16907051282051 33
1646511634475 93.28926282051282 34
1646511639206 93.58974358974359 35
1646511643938 94.53125 36
1646511648668 94.17067307692308 37
1646511653403 94.29086538461539 38
1646511658142 94.93189102564102 39
1646511662874 96.11378205128206 40
1646511669372 97.59615384615384 41
1646511674105 98.07692307692308 42
1646511680217 97.93669871794872 43
1646511686325 98.27724358974359 44
1646511691049 98.4375 45
1646511695777 98.57772435897436 46
1646511700502 98.4375 47
1646511705235 98.3173076923077 48
1646511709969 98.85817307692308 49
1646511714704 98.5176282051282 50
1646511719436 98.41746794871794 51
1646511724169 98.25721153846153 52
1646511728906 98.19711538461539 53
1646511733641 98.57772435897436 54
1646511738382 98.17708333333333 55
1646511743119 98.3173076923077 56
1646511747856 98.41746794871794 57
1646511752596 98.63782051282051 58
1646511757330 98.91826923076923 59
1646511762065 99.19871794871794 60
1646511767588 99.1786858974359 61
1646511772966 99.63942307692308 62
1646511777705 99.49919871794872 63
1646511782436 99.53926282051282 64
1646511788679 99.49919871794872 65
1646511793416 99.57932692307692 66
1646511799527 99.41907051282051 67
1646511804261 99.67948717948718 68
1646511808994 99.57932692307692 69
1646511813730 99.67948717948718 70
1646511818472 99.55929487179488 71
1646511823209 99.57932692307692 72
1646511827945 99.63942307692308 73
1646511832679 99.3389423076923 74
1646511837417 99.47916666666667 75
1646511842151 99.39903846153847 76
1646511846884 99.59935897435898 77
1646511851624 99.51923076923077 78
1646511856362 99.59935897435898 79
1646511861104 99.59935897435898 80
1646511865837 99.83974358974359 81
1646511870573 99.67948717948718 82
1646511875310 99.61939102564102 83
1646511880050 99.81971153846153 84
1646511884785 99.79967948717949 85
1646511889521 99.71955128205128 86
1646511894258 99.85977564102564 87
1646511900372 99.8798076923077 88
1646511905107 99.89983974358974 89
1646511909842 99.89983974358974 90
1646511914576 99.81971153846153 91
1646511919311 99.73958333333333 92
1646511924048 99.83974358974359 93
1646511928788 99.8798076923077 94
1646511933521 99.9198717948718 95
1646511938259 99.81971153846153 96
1646511942996 99.85977564102564 97
1646511947731 99.85977564102564 98
1646511952469 99.75961538461539 99
